subimage	all_plant_pixels	ratio_r_q5	ratio_g_q5	ratio_b_q5	ratio_r_median	ratio_g_median	ratio_b_median	ratio_r_q95	ratio_g_q95	ratio_b_q95	pix_r_median	pix_g_median	pix_b_median	diff_rb_median	diff_gb_median	diff_gr_median
subimage_H1	1078	0.32106759373349764	0.35068578714197407	0.2341676897675797	0.32978723404255317	0.4128787878787879	0.25539568345323743	0.37201260539988074	0.4315903067020068	0.28964237516869096	95.0	120.0	72.0	22.0	45.0	24.0
subimage_G1	2356	0.3094108465674008	0.3872749709639954	0.22309275907522327	0.3382992102683608	0.41237113402061853	0.24921135646687698	0.3557422969187675	0.4467666473233715	0.27457239647493603	107.0	129.0	79.0	28.0	51.0	23.0
subimage_F1	2364	0.3166975308641975	0.3754028630322632	0.23958333333333334	0.34375	0.39697515510192416	0.2578947368421053	0.3639130159419503	0.4158809105209586	0.29364572779466397	98.0	114.0	73.0	25.0	39.0	16.0
subimage_E1	2039	0.33717249897076984	0.3689839572192513	0.22093023255813954	0.35327635327635326	0.4090909090909091	0.23646723646723647	0.37089480503197225	0.4325153374233129	0.27294117647058824	121.0	142.0	81.0	39.0	61.0	20.0
subimage_D1	14257	0.32996632996632996	0.39660056657223797	0.15755627009646303	0.3445121951219512	0.4624624624624625	0.19142857142857142	0.35571000344855025	0.4918032786885246	0.2639239382815107	113.0	151.0	63.0	49.0	88.0	38.0
subimage_C1	7159	0.3315053356542799	0.3839818400783233	0.16666666666666666	0.3504531722054381	0.4426229508196721	0.20809248554913296	0.36626506024096384	0.48120300751879697	0.26623981232919774	118.0	152.0	70.0	49.0	80.0	32.0
subimage_B1	3944	0.3460803802938634	0.3759736434108527	0.19410933773619518	0.35707041437264564	0.4146919431279621	0.22715043070091057	0.38291911959935176	0.43902439024390244	0.2654462242562929	143.0	165.0	90.0	51.0	73.0	22.0
subimage_A1	3212	0.3372242797233266	0.3670227710433896	0.19946808510638298	0.35519166196320784	0.4124293785310734	0.2376108368016958	0.3801690120585908	0.43874643874643876	0.2727272727272727	139.0	164.0	93.0	46.0	67.0	23.0
subimage_H2	863	0.3209942084942085	0.378955857385399	0.2324021620497895	0.3333333333333333	0.4064748201438849	0.2585669781931464	0.3657420013614704	0.4259036144578313	0.2882576454005025	95.0	117.0	73.0	20.0	41.0	21.0
subimage_G2	1613	0.3273376623376623	0.3782232532352898	0.24305555555555555	0.33633633633633636	0.40189873417721517	0.26031746031746034	0.3603797457075904	0.4166666666666667	0.28291386033321514	108.0	129.0	84.0	24.0	45.0	22.0
subimage_F2	2385	0.3418181818181818	0.3473878457939819	0.210687900078064	0.37346437346437344	0.3944954128440367	0.22869955156950672	0.39303482587064675	0.41379310344827586	0.29334446270226566	157.0	165.0	94.0	59.0	69.0	7.0
subimage_E2	2540	0.33810888252148996	0.3780487804878049	0.20846905537459284	0.3531789311605825	0.4131316539211276	0.23929002149861045	0.3695709990749306	0.43506607427660055	0.26730428412769675	124.0	147.0	85.0	40.0	60.0	20.0
subimage_D2	7429	0.34254613847419774	0.3836477987421384	0.15856297430898836	0.3566666666666667	0.44862155388471175	0.19032258064516128	0.3770491803278688	0.4810606060606061	0.2652223453078018	129.0	155.0	68.0	53.0	85.0	31.0
subimage_C2	12514	0.3333333333333333	0.406007867079142	0.1747404521725478	0.34782608695652173	0.456587136462302	0.1951219512195122	0.35784313725490197	0.4772727272727273	0.2516756337428993	127.0	165.0	70.0	52.0	90.0	39.0
subimage_B2	16468	0.3386317165201627	0.40249325726141083	0.17702932491599632	0.3522167487684729	0.4507042253521127	0.19464720194647203	0.36257309941520466	0.4713864347379334	0.2541427595628415	138.0	176.0	77.0	60.0	100.0	38.0
subimage_A2	16416	0.3372093023255814	0.40834833607182447	0.17455352339967725	0.35097493036211697	0.4583333333333333	0.18925831202046037	0.3615447256326735	0.47277936962750716	0.24539015032315847	128.0	167.0	68.0	58.0	98.0	38.0
subimage_H3	2214	0.32472961122478805	0.38060694402819023	0.2576271186440678	0.33222591362126247	0.3959731543624161	0.27205276552115565	0.3526338767615363	0.40588673930154523	0.2866113062285453	102.0	122.0	84.0	18.0	38.0	20.0
subimage_G3	2888	0.3315431574583603	0.3647497269845309	0.21548669979538146	0.3672922252010724	0.3925729442970822	0.2371967654986523	0.3888888888888889	0.4250085999312006	0.2798149054142205	143.0	149.0	89.0	49.0	59.0	8.0
subimage_F3	1487	0.3490550574505401	0.35479545244903604	0.23977086221457367	0.3618421052631579	0.3819241982507289	0.2536443148688047	0.379946587537092	0.40350877192982454	0.2789366272824919	118.0	124.0	82.0	35.0	41.0	6.0
subimage_E3	3137	0.3343465045592705	0.3531489416958837	0.2365446091252543	0.34421364985163205	0.39710144927536234	0.25825825825825827	0.36782430213464695	0.4153846153846154	0.2837188565221444	112.0	130.0	85.0	28.0	46.0	17.0
subimage_D3	8115	0.3263888888888889	0.39431502281633785	0.17647058823529413	0.33916083916083917	0.44166666666666665	0.22073578595317725	0.3552961402325973	0.47540983606557374	0.26685640383538173	103.0	134.0	67.0	36.0	67.0	31.0
subimage_C3	4943	0.3485342019543974	0.3524310805619805	0.20408767057118707	0.3592233009708738	0.3983516483516483	0.24269005847953215	0.3806818181818182	0.4314229691876751	0.27961575701982366	119.0	133.0	80.0	40.0	52.0	14.0
subimage_B3	9599	0.33894163434604613	0.38492714115195376	0.1561433758077856	0.3543859649122807	0.44495412844036697	0.2012987012987013	0.3673469387755102	0.49242653117275476	0.2645739910313901	130.0	160.0	72.0	53.0	83.0	32.0
subimage_A3	10917	0.3388704318936877	0.383400822295177	0.16791044776119404	0.35507246376811596	0.4343891402714932	0.20794392523364486	0.3674540682414698	0.47794117647058826	0.2696907331182555	143.0	169.0	84.0	54.0	84.0	31.0
subimage_H4	2111	0.3233045977011494	0.3798334598486417	0.21040334481062467	0.3424657534246575	0.4	0.25925925925925924	0.3741196793196616	0.4226312419974392	0.2859340659340659	100.0	117.0	76.0	25.0	41.0	17.0
subimage_G4	2152	0.3523665707893896	0.35374149659863946	0.22537893141341417	0.3744130937947757	0.37530864197530867	0.2506527415143603	0.39102184595346634	0.3944786910197869	0.28431372549019607	143.0	145.0	92.0	48.0	46.5	1.0
subimage_F4	3170	0.3384400078293208	0.3790894900154195	0.21601254355400698	0.35455804583228406	0.4084507042253521	0.23731495387255952	0.3701492537313433	0.43042071197411	0.26868413259706997	118.0	138.0	79.0	38.0	58.0	18.0
subimage_E4	4241	0.3333333333333333	0.39166666666666666	0.16666666666666666	0.34615384615384615	0.434640522875817	0.22128851540616246	0.370242214532872	0.4707792207792208	0.2608695652173913	111.0	141.0	71.0	40.0	68.0	29.0
subimage_D4	11540	0.3362573099415205	0.4051504771225838	0.1725067385444744	0.34794520547945207	0.4581642198651116	0.19327731092436976	0.3586626139817629	0.476878612716763	0.25365853658536586	127.0	166.0	70.0	55.0	94.0	39.0
subimage_C4	16654	0.33788503704019074	0.4045643153526971	0.17039106145251395	0.35376044568245124	0.454320987654321	0.1903485254691689	0.3659090909090909	0.47564469914040114	0.24722463949812432	137.0	174.0	74.0	62.0	101.0	39.0
subimage_B4	9334	0.33220338983050846	0.40368545907869574	0.1602787456445993	0.35103244837758113	0.4583930276981853	0.18950437317784258	0.3760932944606414	0.48	0.2532661498708011	118.0	155.0	64.0	54.0	89.0	35.0
subimage_A4	9154	0.33653846153846156	0.394499925789284	0.17180654818375393	0.3486238532110092	0.4551083591331269	0.19568131483855927	0.3625846959229992	0.4751552795031056	0.25874125874125875	123.0	159.0	68.0	52.0	88.0	37.0
subimage_H5	2482	0.3268608414239482	0.3803728294983204	0.24	0.3375796178343949	0.40540540540540543	0.25742574257425743	0.3574711422963115	0.4191077106518283	0.2832795191243514	102.0	123.0	78.0	24.0	44.0	20.0
subimage_G5	3156	0.34536082474226804	0.3565470609600554	0.20448877805486285	0.3575638506876228	0.4172587553539935	0.2237928737928738	0.3777345053765001	0.44246643222506393	0.28208301599390706	151.0	176.0	94.0	57.0	81.0	26.0
subimage_F5	4381	0.3465346534653465	0.3914081145584726	0.18207282913165265	0.3565217391304348	0.4207492795389049	0.2225705329153605	0.38292011019283745	0.4418604651162791	0.25679012345679014	121.0	143.0	74.0	45.0	67.0	21.0
subimage_E5	5840	0.34152672264427564	0.37576732185764367	0.1512277845611179	0.3581081081081081	0.4393063583815029	0.20540540540540542	0.3873035965441029	0.4717543462589482	0.26530836018617976	131.0	159.0	73.0	54.0	83.0	30.0
subimage_D5	5932	0.3418049738390679	0.38	0.16293929712460065	0.36036036036036034	0.4352204922913209	0.20353982300884957	0.37254901960784315	0.47263247147954013	0.26926504188880424	131.0	159.0	75.0	58.0	86.0	27.0
subimage_C5	6762	0.3435591390478802	0.3978295194508009	0.17827652892855242	0.3541666666666667	0.4425770308123249	0.2010443864229765	0.36797752808988765	0.4682080924855491	0.2536500283607487	130.0	163.0	73.0	56.0	88.0	32.0
subimage_B5	13502	0.336986301369863	0.4077286661836018	0.16901408450704225	0.34844192634560905	0.46111111111111114	0.18829516539440203	0.3608815426997245	0.48013245033112584	0.2506393861892583	124.0	162.0	67.0	54.0	93.0	39.0
subimage_A5	6894	0.3391304347826087	0.39429013153075854	0.151481693910716	0.3521931739179641	0.4547945205479452	0.192090395480226	0.3653250773993808	0.4908226367161384	0.26023567535719544	124.0	159.0	68.0	56.0	91.0	36.0
subimage_H6	1804	0.328726833199033	0.3715736607142857	0.2300679012345679	0.33993399339933994	0.40522875816993464	0.2553901494189264	0.3685363537710255	0.4186851211072664	0.2822364515678469	103.0	123.0	77.0	26.0	45.0	20.0
subimage_G6	3141	0.3322784810126582	0.3803191489361702	0.2166172106824926	0.3415384615384615	0.40498442367601245	0.2537764350453172	0.36454849498327757	0.4306784660766962	0.27514792899408286	114.0	135.0	83.0	29.0	49.0	22.0
subimage_F6	3155	0.3572535756392088	0.35084650364104686	0.1950390316035627	0.372960372960373	0.397196261682243	0.23096446700507614	0.3902570626425689	0.4305388684083987	0.2792642140468227	160.0	174.0	96.0	62.0	68.0	10.0
subimage_E6	7160	0.3489092293998836	0.3756305696559504	0.1647878400502366	0.3627254509018036	0.43710689767898003	0.2	0.3854496151722793	0.4724137931034483	0.26263054271528846	148.0	168.0	77.0	59.0	86.0	28.0
subimage_D6	19972	0.3370233122220725	0.41277641277641275	0.16997167138810199	0.35294117647058826	0.4595375722543353	0.18695622935247685	0.3638676844783715	0.4755043227665706	0.24349881796690306	132.0	171.0	70.0	62.0	102.0	39.0
subimage_C6	14239	0.34183565145803546	0.38675095622609434	0.13395638629283488	0.35877862595419846	0.4511494252873563	0.19161676646706588	0.3745173745173745	0.4981831309484739	0.26576576576576577	133.0	167.0	70.0	61.0	95.0	34.0
subimage_B6	10576	0.341991341991342	0.39242041153833923	0.12912912912912913	0.3595505617977528	0.45042492917847027	0.18869970940940534	0.37710089006722847	0.5031055900621118	0.26203166445623344	134.0	167.0	69.0	62.0	96.0	33.0
subimage_A6	13760	0.3374606632776568	0.403892681286227	0.16857142857142857	0.35	0.45938375350140054	0.18882978723404256	0.36023054755043227	0.4778761061946903	0.25128271555732695	125.0	164.0	68.0	56.5	96.0	38.0
subimage_H7	17021	0.33114754098360655	0.40404040404040403	0.1694915254237288	0.34705882352941175	0.4609164420485175	0.19302949061662197	0.3584474885844749	0.4798657718120805	0.2587601078167116	121.0	158.0	66.0	52.0	90.0	39.0
subimage_G7	2544	0.32477113072685193	0.34798639856001234	0.2451553956031693	0.3364485981308411	0.3974358974358974	0.26666666666666666	0.3853164907756173	0.4077669902912621	0.29406934306569343	106.0	126.0	84.0	23.0	41.0	20.0
subimage_F7	11486	0.336283185840708	0.39953666589312464	0.16119402985074627	0.3473389355742297	0.4604904632152589	0.19174041297935104	0.36464088397790057	0.4822485207100592	0.2566108927332731	123.0	162.0	67.0	54.0	93.0	39.0
subimage_E7	10920	0.33856502242152464	0.40128687023318116	0.14516129032258066	0.3515151515151515	0.45714285714285713	0.19170156764720486	0.3651315789473684	0.4965753424657534	0.25428800646175326	121.0	158.0	66.0	55.0	91.0	37.0
subimage_D7	5006	0.3421770224486123	0.38017198404785646	0.17577018528624516	0.358974358974359	0.4272666093134262	0.21428571428571427	0.38530230109790947	0.45144356955380577	0.2659851513420902	145.0	170.0	83.0	57.0	82.0	27.0
subimage_C7	3880	0.3343019067086656	0.3523489932885906	0.1721311475409836	0.35605415311548194	0.4339080459770115	0.2257180352455943	0.37317784256559766	0.4601226993865031	0.2885572139303483	130.0	160.0	80.0	45.0	73.0	31.0
subimage_B7	1554	0.35566188197767146	0.3448275862068966	0.22330097087378642	0.3695826086956522	0.34951456310679613	0.27936507936507937	0.3853967428549782	0.4067796610169492	0.2977902153320373	228.0	215.0	172.0	55.0	43.0	-11.0
subimage_A7	2330	0.3567742049438758	0.3438535613481654	0.23637118622202155	0.3723152959067292	0.3511387030168036	0.26817782914874033	0.3919942187505422	0.39075499903555583	0.297149466513955	209.0	193.0	146.0	54.0	45.0	-11.0
subimage_H8	8654	0.3333333333333333	0.3830275229357798	0.13619583559962622	0.3482142857142857	0.4508670520231214	0.2043810943738968	0.3671040984332124	0.5034329239489844	0.2696124372184539	118.0	154.0	70.0	50.0	84.0	36.0
subimage_G8	8918	0.33855069218637435	0.3880597014925373	0.14805730677089898	0.3569181301014098	0.44660194174757284	0.20118343195266272	0.3774048394787031	0.47924528301886793	0.2617096031336088	140.0	172.0	73.0	53.0	81.0	32.0
subimage_F8	3490	0.3547619047619048	0.36370967741935484	0.178117048346056	0.37086735678004246	0.4052575508911347	0.22101541165576505	0.38926174496644295	0.44501278772378516	0.28017941647725153	166.0	182.0	98.0	68.0	81.0	13.0
subimage_E8	7323	0.3446914306428557	0.38431807389348255	0.16304347826086957	0.3581081081081081	0.4463276836158192	0.19420289855072465	0.37462235649546827	0.479020979020979	0.2660697903014417	128.0	159.0	69.0	57.0	88.0	31.0
subimage_D8	3862	0.35535788075560804	0.34731543624161076	0.1951219512195122	0.3733108108108108	0.3716920269094459	0.2468195442952141	0.39436466292307215	0.43799472295514513	0.29264214046822745	178.0	182.0	117.0	63.0	58.0	0.0
subimage_C8	2757	0.33449983175503534	0.35202121551794846	0.2471129141311697	0.3593220338983051	0.37341772151898733	0.26713947990543735	0.37354988399071926	0.394065165099497	0.288946147166427	110.0	115.0	82.0	29.0	33.0	4.0
subimage_B8	2864	0.3229166666666667	0.36385117421420093	0.2146341463414634	0.34674922600619196	0.41336633663366334	0.24358974358974358	0.3663086913086913	0.432258064516129	0.2834961685823755	119.0	140.0	85.0	35.0	55.0	24.0
subimage_A8	2346	0.3347240449757032	0.3594852344384092	0.2444647201946472	0.3488372093023256	0.3894736842105263	0.26153846153846155	0.3635837542087542	0.406873279397719	0.2853043721687789	115.0	129.0	86.0	29.0	42.0	13.0
subimage_H9	15905	0.33690222912234297	0.4048694150658321	0.17402597402597403	0.35517970401691334	0.4526627218934911	0.19095477386934673	0.36455696202531646	0.46949602122015915	0.2484694074502991	138.0	177.0	74.0	64.0	102.0	37.0
subimage_G9	8461	0.33527696793002915	0.3826086956521739	0.14391143911439114	0.35083532219570407	0.44510385756676557	0.2082018927444795	0.36895674300254455	0.49070631970260226	0.26811594202898553	118.0	151.0	70.0	47.0	79.0	33.0
subimage_F9	11247	0.3442730802415876	0.38409542444310657	0.14761633522375492	0.36151603498542273	0.45145631067961167	0.18575851393188855	0.37492484969939854	0.48698884758364314	0.26521421770866394	127.0	155.0	67.0	58.0	89.0	31.0
subimage_E9	10018	0.3356401384083045	0.38900665004156276	0.15604756742105977	0.3492063492063492	0.45652173913043476	0.1954674220963173	0.3611213486213486	0.48717948717948717	0.2644230769230769	119.0	155.0	66.0	51.0	87.0	36.0
subimage_D9	4616	0.3385579937304075	0.37661310208778565	0.1824053018663061	0.3517915309446254	0.4032258064516129	0.25076452599388377	0.38095238095238093	0.4523809523809524	0.2724358974358974	109.0	126.0	78.0	31.0	48.0	18.0
subimage_C9	5615	0.34511434511434513	0.3648940978376462	0.17567567567567569	0.3592964824120603	0.43799472295514513	0.2048780487804878	0.37828892722509744	0.45931758530183725	0.2700471483894407	139.0	170.0	77.0	58.0	87.0	30.0
subimage_B9	4446	0.3364485981308411	0.3668327987612675	0.173650956284153	0.3504043126684636	0.41501633986928105	0.23450134770889489	0.3778927732747519	0.4611989311757067	0.27495196014130047	121.0	143.0	81.0	43.0	65.0	23.0
subimage_A9	3718	0.3555926544240401	0.3453125	0.20222222222222222	0.3717728055077453	0.35700934579439253	0.2622776049494914	0.3984375	0.42570017707060376	0.2958801266702711	202.0	192.0	140.0	62.0	51.0	-6.0
subimage_H10	10564	0.33874804293286553	0.3945434749582215	0.14705882352941177	0.35207823960880197	0.46078431372549017	0.18835616438356165	0.3696808510638298	0.49562297478689843	0.255079006772009	117.0	155.0	61.0	53.0	86.0	35.0
subimage_G10	18130	0.33643667194310123	0.4051948051948052	0.16981132075471697	0.35311572700296734	0.45989304812834225	0.18627450980392157	0.36363636363636365	0.4753623188405797	0.2473170605067614	131.0	171.0	69.0	61.0	102.0	39.0
subimage_F10	12905	0.3353696060037524	0.3931068372447683	0.17684887459807075	0.3480825958702065	0.45224719101123595	0.1989247311827957	0.3614710671591405	0.47266881028938906	0.2602516984073949	121.0	157.0	69.0	51.0	88.0	36.0
subimage_E10	7749	0.34375	0.38650858206383126	0.14907735742518352	0.3588235294117647	0.45821325648414984	0.18211920529801323	0.37469344876926697	0.488135593220339	0.2641509433962264	118.0	151.0	60.0	57.0	90.0	32.0
subimage_D10	2872	0.35611510791366907	0.3548951048951049	0.21627906976744185	0.37784532485924494	0.38065843621399176	0.23903508771929824	0.3887640449438202	0.4002036199095022	0.28677086756490305	180.0	181.0	113.0	65.0	67.0	2.0
subimage_C10	5932	0.33933933933933935	0.35435992578849723	0.17253353973168215	0.35758205758205763	0.4328767123287671	0.21419575386829792	0.3882727607587943	0.4570552147239264	0.27807486631016043	125.0	153.0	75.0	50.0	75.0	26.0
subimage_B10	5549	0.3386450769677607	0.35867582925862296	0.18458995549904642	0.3554006968641115	0.42990654205607476	0.2144702842377261	0.3883845514950166	0.453863184785694	0.2716297786720322	126.0	148.0	74.0	46.0	70.0	25.0
subimage_A10	4403	0.34408602150537637	0.3736920270974466	0.1839080459770115	0.3567567567567568	0.4412532637075718	0.20334261838440112	0.36884504116905276	0.4563953488372093	0.27042384061722413	132.0	163.0	75.0	56.0	88.0	32.0
subimage_H11	15170	0.33203125	0.39929939121858316	0.1607843137254902	0.34932164173217994	0.4599483204134367	0.190625	0.3630769230769231	0.4868913857677903	0.2544529262086514	118.0	153.0	65.0	51.0	86.0	37.0
subimage_G11	15574	0.3450479233226837	0.39665562566333495	0.13924050632911392	0.3657587548638132	0.45721598263666435	0.1767615623547827	0.38095238095238093	0.4888888888888889	0.25	141.0	173.0	65.0	67.0	97.0	32.0
subimage_F11	7744	0.3391812865497076	0.3462189304544313	0.15217391304347827	0.3565628708302202	0.4397970078598351	0.20065789473684212	0.3788630055511499	0.4940640599656709	0.28872688303735455	133.0	162.0	74.0	51.0	80.0	29.0
subimage_E11	8673	0.34412813232507644	0.39022619627285204	0.15057915057915058	0.35800344234079173	0.45348837209302323	0.18575851393188855	0.37328094302554027	0.490272373540856	0.2605309875333794	127.0	159.0	66.0	57.0	90.0	32.0
subimage_D11	5400	0.3304093567251462	0.35388170873589964	0.22647754914206825	0.34285714285714286	0.40514469453376206	0.25	0.36727128875344317	0.43508771929824563	0.2857142857142857	107.0	127.0	78.0	29.0	48.0	20.0
subimage_C11	3744	0.3590551181102362	0.3449428236286627	0.20975711259079902	0.3877068557919622	0.36705882352941177	0.23590601487503243	0.41614500872812893	0.3919772281152089	0.2938023098845058	184.0	176.0	106.0	69.0	58.0	-9.0
subimage_B11	3333	0.34110787172011664	0.37712746512746514	0.19230769230769232	0.3510971786833856	0.39072847682119205	0.2598684210526316	0.37322811197141154	0.4395192132580586	0.275070922870858	108.0	122.0	80.0	28.0	41.0	12.0
subimage_A11	2981	0.3413793103448276	0.3723958333333333	0.21153846153846154	0.3649425287356322	0.4027777777777778	0.23173803526448364	0.3765586034912718	0.42507645259938837	0.2764976958525346	132.0	147.0	85.0	48.0	63.0	13.0
subimage_H12	8691	0.3380952380952381	0.3883720930232558	0.14634146341463414	0.35014836795252224	0.43922651933701656	0.2125	0.37543859649122807	0.4826388888888889	0.265838779956427	121.0	152.0	74.0	47.0	78.0	30.0
subimage_G12	8275	0.3397383210396909	0.3931737529293606	0.136986301369863	0.35365853658536583	0.45317220543806647	0.19333333333333333	0.3786127167630058	0.49607221948818897	0.2581593812019744	117.0	150.0	64.0	52.0	85.0	33.0
subimage_F12	23512	0.3333333333333333	0.41	0.17045454545454544	0.3532608695652174	0.4584450402144772	0.18875861602919314	0.362116991643454	0.4752475247524752	0.24766116352201262	127.0	164.0	67.0	58.0	95.0	37.0
subimage_E12	12248	0.33980582524271846	0.38425925925925924	0.12416107382550336	0.35504543837078806	0.4481750017080003	0.19751151360346764	0.37604837199503754	0.5032679738562091	0.2710191728085505	119.0	151.0	65.0	51.0	82.0	31.0
subimage_D12	2177	0.325991045991046	0.35420682730923697	0.24914439576272185	0.3453815261044177	0.38305084745762713	0.2720306513409962	0.3763465009865245	0.40068731802777907	0.2895622895622896	98.0	110.0	78.0	21.0	32.0	11.0
subimage_C12	5528	0.33676975945017185	0.38225917767294115	0.17100371747211895	0.3516483516483517	0.44482758620689655	0.20606060606060606	0.37681159420289856	0.46923076923076923	0.2654275192273122	111.0	138.0	64.0	44.0	72.0	29.0
subimage_B12	3362	0.3586491355978432	0.34557595993322204	0.22133333333333333	0.38877949322242167	0.3549040075320316	0.2540650406504065	0.40224656330424957	0.38094621268196394	0.2947937489537277	198.0	181.0	130.0	66.0	51.0	-15.0
subimage_A12	2689	0.3351862455315	0.3735053689937053	0.21658319000548112	0.3469387755102041	0.4084507042253521	0.24793388429752067	0.36384439359267734	0.43125	0.2715089687592762	124.0	147.0	90.0	36.0	58.0	23.0