subimage	all_plant_pixels	ratio_r_q5	ratio_g_q5	ratio_b_q5	ratio_r_median	ratio_g_median	ratio_b_median	ratio_r_q95	ratio_g_q95	ratio_b_q95	pix_r_median	pix_g_median	pix_b_	diff_rb_median	diff_gb_median	diff_gr_median
subimage_H1	20993	0.3421828908554572	0.4072107833338093	0.1622340425531915	0.3619791666666667	0.4557291666666667	0.18090452261306533	0.3702770780856423	0.4764705882352941	0.24585468915059258	139.0	175.0	69.0	69.0	105.0	36.0
subimage_G1	2453	0.3425925925925926	0.36787234982982925	0.1945392491467577	0.35517241379310344	0.4205607476635514	0.22483221476510068	0.37047397047397046	0.4424711102198381	0.2721260656161199	109.0	130.0	70.0	40.0	60.0	20.0
subimage_F1	1973	0.3405298857904806	0.37918685766015225	0.18181818181818182	0.3569553805774278	0.4309859154929577	0.21084337349397592	0.37040624159268226	0.45714285714285713	0.2734210421717874	114.0	140.0	67.0	46.0	68.0	24.0
subimage_E1	2433	0.33906471421823337	0.3797091434494456	0.17391304347826086	0.35816618911174786	0.4289940828402367	0.21220930232558138	0.3787175725134224	0.45756065137919577	0.2727272727272727	116.0	139.0	69.0	47.0	70.0	23.0
subimage_D1	17892	0.3496932515337423	0.39853300733496333	0.16666666666666666	0.37142857142857144	0.4393203883495146	0.18925233644859812	0.380352644836272	0.4626865671641791	0.24697992940284139	153.0	179.0	77.0	74.0	101.0	29.0
subimage_C1	13355	0.3542116630669546	0.38954869358669836	0.15254237288135594	0.37402597402597404	0.44021739130434784	0.18461538461538463	0.3926432359363627	0.4645161290322581	0.25669625929945217	141.0	165.0	69.0	71.0	95.0	25.0
subimage_B1	1935	0.33927215189873416	0.37428070175438594	0.1860220318237454	0.3548387096774194	0.42857142857142855	0.21768707482993196	0.3766741760837179	0.4519738219318445	0.27328199412301146	114.0	137.0	70.0	44.0	67.0	23.0
subimage_A1	3979	0.33636363636363636	0.35464059196617337	0.22758620689655173	0.3586206896551724	0.378839590443686	0.2593856655290102	0.3737024221453287	0.423841059602649	0.28721698297026615	110.0	119.0	80.0	30.0	36.0	5.0
subimage_H2	22360	0.34139784946236557	0.40170849822012616	0.16666666666666666	0.36228287841191065	0.45363408521303256	0.18377733341933822	0.3691588785046729	0.4702702702702703	0.25301204819277107	142.0	177.0	72.0	70.0	105.0	36.0
subimage_G2	3207	0.33576923076923076	0.3873102934470556	0.2024654549624448	0.3507246376811594	0.41621621621621624	0.23314606741573032	0.36757728253055355	0.43762681159420286	0.26998981410746115	124.0	147.0	82.0	42.0	65.0	23.0
subimage_F2	2754	0.34365325077399383	0.3762312853417714	0.1794871794871795	0.3641791044776119	0.41883116883116883	0.2182410423452769	0.38079063054328305	0.44625407166123776	0.275	117.0	135.0	70.0	47.0	64.0	18.0
subimage_E2	2630	0.3468451950867052	0.3819813859609778	0.1958269212272771	0.3630769230769231	0.4140127388535032	0.2222222222222222	0.3757987252872163	0.4332844733984799	0.268193505730238	115.0	132.0	71.0	45.0	61.0	16.0
subimage_D2	17799	0.34831460674157305	0.39138849929873776	0.1625	0.36342592592592593	0.45023696682464454	0.18548387096774194	0.3723404255319149	0.47293447293447294	0.2575483202243765	152.0	188.0	78.0	74.0	110.0	36.0
subimage_C2	4211	0.343179402573092	0.38372093023255816	0.19476633618175826	0.35311572700296734	0.41208791208791207	0.2346368715083799	0.3789173789173789	0.4365072962152459	0.2634965007236464	126.0	146.0	83.0	42.0	62.0	21.0
subimage_B2	3353	0.33430232558139533	0.3891139753019772	0.21062562065541213	0.3484848484848485	0.4177545691906005	0.2344632768361582	0.3613174612258913	0.43478260869565216	0.26730123439635006	125.0	149.0	84.0	41.0	66.0	25.0
subimage_A2	1470	0.33564665219837636	0.3665191167715047	0.20440251572327045	0.3469633636587165	0.41304347826086957	0.23834906664773936	0.37663910978888954	0.44242424242424244	0.28000750798958757	125.0	150.0	86.0	40.0	64.0	24.0
subimage_H3	22462	0.34279787897691827	0.4105011933174224	0.1565253225035834	0.36318407960199006	0.46218487394957986	0.175	0.37150127226463103	0.4773413897280967	0.24343359116657565	139.0	176.0	66.0	72.0	109.0	38.0
subimage_G3	4111	0.33744230659651653	0.3878049273293013	0.19970238095238096	0.3541666666666667	0.41194029850746267	0.233983286908078	0.37427736006683376	0.4305956968529223	0.2676056338028169	126.0	146.0	83.0	42.0	63.0	21.0
subimage_F3	20768	0.346355785597987	0.41623501740771257	0.14492753623188406	0.36363636363636365	0.46419098143236076	0.17117117117117117	0.3720316622691293	0.4886136363636362	0.23625711762163368	136.0	173.0	64.0	71.0	109.0	37.0
subimage_E3	4349	0.345372460496614	0.38786364972083454	0.1826086956521739	0.3562005277044855	0.4253521126760563	0.21787709497206703	0.3738764171619781	0.45125348189415043	0.2612957937584802	131.0	157.0	80.0	51.0	76.0	26.0
subimage_D3	8153	0.34143718856543404	0.3921838460154704	0.13194444444444445	0.3575757575757576	0.4540229885057471	0.18803418803418803	0.37594754148799103	0.4982674186093849	0.25920829085966696	126.0	160.0	66.0	59.0	93.0	34.0
subimage_C3	12556	0.35082872928176795	0.4	0.1448525300115406	0.3700980392156863	0.450242861521775	0.17732558139534885	0.3842239185750636	0.48573681838666066	0.24642833075005055	146.0	174.0	68.0	73.0	103.0	30.0
subimage_B3	3028	0.34014214381404734	0.3736931757691898	0.19746620609787754	0.35843373493975905	0.42136498516320475	0.21965317919075145	0.37613720388881283	0.439456668596796	0.27710843373493976	119.0	140.0	73.0	46.0	67.0	21.0
subimage_A3	3739	0.3545224096621992	0.36673773987206826	0.19010577686175567	0.3752969121140142	0.39655172413793105	0.22691292875989447	0.3920595533498759	0.43597560975609756	0.27126559060895084	148.0	157.0	88.0	57.0	66.0	7.0
subimage_H4	20754	0.34204058470755316	0.4074637869719837	0.15559718219660584	0.3622222222222222	0.4582278481012658	0.17955112219451372	0.3718886452652686	0.47962382445141066	0.24649033737307563	140.0	176.0	69.0	70.0	107.0	37.0
subimage_G4	6758	0.34324324324324323	0.39616691642825785	0.10081418628350884	0.3611111111111111	0.42342342342342343	0.21686746987951808	0.3963254593175853	0.5087285801713586	0.25650115591215067	125.0	145.0	71.0	48.0	69.0	22.0
subimage_F4	2661	0.3408360128617363	0.36771300448430494	0.19614147909967847	0.3623693379790941	0.40728476821192056	0.2316715542521994	0.38580246913580246	0.4267515923566879	0.2761904761904762	119.0	134.0	75.0	43.0	57.0	15.0
subimage_E4	4168	0.35764010887046893	0.3476764199655766	0.20629124380457872	0.3779264214046823	0.35498478701825553	0.26666666666666666	0.4	0.4004424778761062	0.2933039071134029	211.0	202.0	152.5	64.0	51.0	-9.0
subimage_D4	18448	0.34520761509595144	0.3987773527731551	0.1424581005586592	0.3647959183673469	0.46055979643765904	0.17473118279569894	0.375	0.4897360703812317	0.2511076847772883	142.0	179.0	68.0	74.0	111.0	37.0
subimage_C4	10463	0.3435754189944134	0.40083507306889354	0.15581104447959973	0.35945945945945945	0.456	0.184	0.37575407251707826	0.47998850574712637	0.25059101654846333	133.0	168.0	67.0	63.0	99.0	36.0
subimage_B4	20654	0.34408602150537637	0.4117203346855984	0.14600550964187328	0.3641304347826087	0.4679144385026738	0.1675	0.3726027397260274	0.4887459807073955	0.24058426006914066	136.0	174.0	62.0	73.0	111.0	38.0
subimage_A4	5397	0.34746299306922224	0.3773358942492374	0.18082191780821918	0.3633720930232558	0.42	0.2111650485436893	0.38675213675213677	0.4509283819628647	0.2654160872567661	138.0	163.0	81.0	57.0	82.0	21.0
subimage_H5	8541	0.3470715835140998	0.39823008849557523	0.15723270440251572	0.3589108910891089	0.453125	0.18783068783068782	0.3742138364779874	0.4730878186968839	0.2529832935560859	135.0	170.0	69.0	63.0	98.0	35.0
subimage_G5	3342	0.3392334117471342	0.3810802196724527	0.1949685534591195	0.35347432024169184	0.4147727272727273	0.23229461756373937	0.3811074918566775	0.43902439024390244	0.27087269998695024	124.0	145.0	81.0	43.0	64.0	22.0
subimage_F5	20595	0.3469387755102041	0.39848236259228875	0.1567956645591607	0.36246786632390743	0.4573643410852713	0.17971014492753623	0.3743455497382199	0.4746268656716418	0.25225225225225223	142.0	179.0	70.0	71.0	108.0	37.0
subimage_E5	4332	0.33827893175074186	0.3619188050555343	0.19672782691847956	0.3699731903485255	0.3901771444787979	0.24063335561497326	0.40667502321262766	0.42857142857142855	0.2760490851859138	131.0	134.0	84.0	44.0	52.0	6.0
subimage_D5	18569	0.3472906403940887	0.4056769281694803	0.1452513966480447	0.3648293963254593	0.46564885496183206	0.16793893129770993	0.37806882726361507	0.4885170529489353	0.2430027132951462	140.0	177.0	64.0	74.0	112.0	38.0
subimage_C5	21772	0.34615384615384615	0.3968253968253968	0.13687150837988826	0.36363636363636365	0.4682080924855491	0.16715542521994134	0.37910447761194027	0.49101796407185627	0.2524059304135171	135.0	171.0	61.0	71.0	109.0	38.0
subimage_B5	11415	0.34759358288770054	0.4014035489036306	0.1565217391304348	0.36363636363636365	0.4547738693467337	0.18048780487804877	0.37305699481865284	0.4792243767313019	0.24824355971896955	146.0	179.0	73.0	72.0	108.0	37.0
subimage_A5	4497	0.33962264150943394	0.3799381757980237	0.19374969540425946	0.3567961165048544	0.4161849710982659	0.22816901408450704	0.3778306252570958	0.4369230769230769	0.26943346995039935	123.0	143.0	78.0	44.0	64.0	20.0
subimage_H6	20959	0.3470715835140998	0.3924581054937677	0.1286549707602339	0.3641160949868074	0.4580152671755725	0.17679558011049723	0.37650602409638556	0.4968944099378882	0.2600047281323876	143.0	179.0	70.0	73.0	110.0	36.0
subimage_G6	7423	0.3426791277258567	0.3788241848271342	0.18707702435813037	0.36103151862464183	0.407514450867052	0.23053892215568864	0.38181818181818183	0.44659583562313	0.2665068422143894	118.0	135.0	75.0	43.0	58.0	14.0
subimage_F6	3793	0.35146406388642415	0.35119010170913284	0.18909339313793727	0.3632183908045977	0.42350332594235035	0.21300448430493274	0.37360178970917224	0.44292947558770335	0.2925597786707068	160.0	186.0	93.0	64.0	91.0	26.0
subimage_E6	4747	0.3365695792880259	0.37259533734753747	0.19186186887863388	0.36363636363636365	0.40445859872611467	0.23376623376623376	0.3888888888888889	0.43656716417910446	0.2727272727272727	120.0	134.0	77.0	43.0	56.0	13.0
subimage_D6	6720	0.3533451109663581	0.3675995202827807	0.16430390804222353	0.36619718309859156	0.42134831460674155	0.21098265895953758	0.39154929577464787	0.4568245125348189	0.27456362862312406	135.0	157.0	77.0	58.0	78.0	20.0
subimage_C6	7521	0.35038363171355497	0.38301886792452833	0.13220338983050847	0.3615819209039548	0.4483695652173913	0.19109947643979058	0.3844221105527638	0.48632218844984804	0.2537313432835821	135.0	167.0	71.0	63.0	96.0	33.0
subimage_B6	8232	0.34625041450031596	0.39718998410174877	0.14332247557003258	0.3580603910568435	0.45187165775401067	0.18956043956043955	0.3815789473684211	0.4838709677419355	0.2494074817146101	127.0	158.0	67.0	59.0	92.0	33.0
subimage_A6	3736	0.3468354430379747	0.3453630239344525	0.1912020569130838	0.3786729475611723	0.40110655361351744	0.22020410266982787	0.39457307586711815	0.4263322884012539	0.2957859698383225	162.0	172.0	92.0	67.0	74.0	9.0
subimage_H7	16215	0.3474576271186441	0.4060430061186753	0.15151515151515152	0.3651226158038147	0.4621212121212121	0.17195767195767195	0.37433155080213903	0.4807692307692308	0.2418968776762198	138.0	174.0	65.0	72.0	109.0	37.0
subimage_G7	15482	0.3480278422273782	0.4017278617710583	0.15060240963855423	0.36578947368421055	0.46113989637305697	0.17201166180758018	0.37757961591716327	0.48255813953488375	0.24719101123595505	142.0	178.0	67.0	73.0	110.0	37.0
subimage_F7	12619	0.3507853403141361	0.3879288630244072	0.14696371110882087	0.3715083798882682	0.44285714285714284	0.18393782383419688	0.39880952380952384	0.46647230320699706	0.2579037889564204	129.0	152.0	63.0	65.0	88.0	24.0
subimage_E7	3519	0.358148893360161	0.3519973684210526	0.1889400921658986	0.3741339491916859	0.3797216699801193	0.25146198830409355	0.38215102974828374	0.4322490953892601	0.28549964226091107	178.0	193.0	121.0	64.0	61.0	4.0
subimage_D7	14710	0.3501045661276191	0.41287421146971154	0.12091503267973856	0.36533333333333334	0.47230320699708456	0.16201824482002686	0.37623762376237624	0.5049358870313261	0.235773727610606	135.0	174.0	60.0	74.0	113.0	39.0
subimage_C7	9168	0.353099730458221	0.3854166666666667	0.1582984182124342	0.37445410683296143	0.4365079365079365	0.1875	0.3888888888888889	0.46366079898808893	0.25853651747940326	162.0	185.0	79.0	78.0	104.0	26.0
subimage_B7	7877	0.3472222222222222	0.3485148514851485	0.18149466192170818	0.3628048780487805	0.42857142857142855	0.20795107033639143	0.3774321726126896	0.4501510574018127	0.28196077661516716	125.0	148.0	71.0	52.0	74.0	22.0
subimage_A7	3585	0.33963462114405507	0.37970212647050605	0.20224904366178606	0.35795454545454547	0.41597796143250687	0.22608695652173913	0.37735849056603776	0.43103448275862066	0.2729869048762527	130.0	151.0	82.0	48.0	68.0	21.0
subimage_H8	9862	0.3538812785388128	0.38940349220889686	0.1339031339031339	0.37283236994219654	0.4438839126673113	0.18248175182481752	0.3910414094938839	0.4827586206896552	0.256407540199913	140.0	167.0	69.0	72.0	100.0	28.0
subimage_G8	7704	0.3487394957983193	0.3932494714587738	0.1419939577039275	0.3661616161616162	0.45202020202020204	0.18052256532066507	0.3820417263895524	0.48466257668711654	0.25559056518045864	143.0	175.0	71.0	70.0	104.0	33.0
subimage_F8	8944	0.3554661358072696	0.40265349315103593	0.11034828739476416	0.37305699481865284	0.44837758112094395	0.17771084337349397	0.40259117878926187	0.49494435884266397	0.23943135119946612	129.0	155.0	62.0	68.0	94.0	26.0
subimage_E8	3194	0.3555779848171152	0.3465818759936407	0.2668759811616955	0.36873793436293434	0.35079365079365077	0.27993779160186627	0.3800427408310383	0.355	0.2971646927268718	235.0	223.0	177.0	55.0	44.0	-11.0
subimage_D8	8141	0.35362997658079626	0.3804878048780488	0.17174515235457063	0.3697478991596639	0.4322766570605187	0.19672131147540983	0.38699690402476783	0.45224719101123595	0.26700251889168763	137.0	161.0	72.0	62.0	83.0	22.0
subimage_C8	9434	0.3474576271186441	0.38563996600134826	0.08038517707192407	0.3628048780487805	0.45425867507886436	0.18278166147280944	0.3852140077821012	0.5425101214574899	0.25524711879432627	122.0	152.0	63.0	61.0	92.0	32.0
subimage_B8	5251	0.3550337236477241	0.3792342850530822	0.18386779772057246	0.3688118811881188	0.4247967479674797	0.20145631067961164	0.3875	0.4441687344913151	0.26434656978350013	158.0	182.0	90.0	70.0	97.0	22.0
subimage_A8	3616	0.3398876404494382	0.35610766045548653	0.20959595959595959	0.3737032692680197	0.39144233864477707	0.2345679012345679	0.3953781266475309	0.4144385026737968	0.2839338664749753	142.0	146.0	87.0	53.0	57.0	5.0
subimage_H9	19667	0.34656610252636744	0.40594059405940597	0.14986376021798364	0.3645083932853717	0.4607594936708861	0.17336683417085427	0.3762304143035663	0.48475299710624226	0.2459658105981812	139.0	175.0	66.0	72.0	109.0	37.0
subimage_G9	15025	0.34811529933481156	0.4029915079773546	0.14682652354570638	0.3641160949868074	0.4613466334164589	0.17357512953367876	0.3769230769230769	0.48263150172401137	0.24588097534095596	141.0	178.0	67.0	73.0	110.0	37.0
subimage_F9	7441	0.34933333333333333	0.38995215311004783	0.16756756756756758	0.3648351648351648	0.4447058823529412	0.19168591224018475	0.3842239185750636	0.45897435897435895	0.25806451612903225	145.0	171.0	76.0	67.0	96.0	32.0
subimage_E9	3459	0.35774986039735024	0.3460361014324429	0.2503756260434057	0.37353433835845895	0.3523489932885906	0.2739273927392739	0.39451114922813035	0.35871929733072094	0.29573369998405863	227.0	213.0	165.0	60.0	47.0	-12.0
subimage_D9	8802	0.3481261943015772	0.394273127753304	0.11224489795918367	0.3638888888888889	0.46446700507614214	0.17166212534059946	0.3838018652455272	0.5088936534084478	0.2533025219783391	130.0	165.0	62.0	68.0	103.0	35.0
subimage_C9	8165	0.35443037974683544	0.3795328251782641	0.165170480214728	0.3717391304347826	0.43429844097995546	0.19222462203023757	0.3881226797055894	0.45785839989170163	0.26832758846372	164.0	185.0	83.0	75.0	99.0	26.0
subimage_B9	2509	0.3535104069586828	0.3590548658390068	0.18738095238095237	0.3670886075949367	0.41297935103244837	0.21994134897360704	0.38343959260595856	0.4375	0.27859036026308037	119.0	134.0	71.0	48.0	62.0	15.0
subimage_A9	6356	0.34652070840886906	0.3533419096626644	0.18474139380241703	0.3791265186426477	0.39278344374524	0.2087912087912088	0.416195856873823	0.44759024577572964	0.2876503425526516	191.0	190.0	102.0	65.0	80.0	0.0
subimage_H10	17365	0.3454235316921884	0.40535292574127524	0.15204678362573099	0.36455696202531646	0.4621409921671018	0.17220543806646527	0.375	0.48214285714285715	0.24568965517241378	140.0	176.0	66.0	73.0	110.0	37.0
subimage_G10	16315	0.35534613739116355	0.37849205329220753	0.16578947368421051	0.376	0.4298642533936652	0.19489559164733178	0.3890160183066362	0.45454545454545453	0.2661048040980202	164.0	185.0	84.0	78.0	100.0	24.0
subimage_F10	10026	0.3545751633986928	0.3860731191239666	0.15920398009950248	0.3702770780856423	0.4431686353090065	0.18599562363238512	0.3790523690773067	0.4652956298200514	0.2609290701364646	166.0	195.0	84.0	81.0	114.0	33.0
subimage_E10	3651	0.3565016897591491	0.34517766497461927	0.2605177993527508	0.37658227848101267	0.3520408163265306	0.27099841521394613	0.3851132686084142	0.35535714285714287	0.2979397781299525	233.0	217.0	169.0	65.0	50.0	-15.0
subimage_D10	14686	0.3532608695652174	0.4004840903396686	0.09927122444722569	0.36885245901639346	0.4647887323943662	0.1656441717791411	0.38557993730407525	0.51875	0.24452946155473904	134.0	169.0	60.0	72.0	107.0	35.0
subimage_C10	6695	0.33520190394444227	0.36693889523574275	0.17084022597459345	0.35755813953488375	0.43351063829787234	0.20809248554913296	0.37872298810262495	0.46905537459283386	0.2755741127348643	134.0	159.0	77.0	51.0	80.0	27.0
subimage_B10	13849	0.3509346393926378	0.39662852969814993	0.13949816401468787	0.36503856041131105	0.4680232558139535	0.16666666666666666	0.38028169014084506	0.48717948717948717	0.25	135.0	173.0	61.0	73.0	110.0	37.0
subimage_A10	4534	0.34839824982841455	0.35695064232589585	0.19054901960784312	0.3738738738738739	0.40496134764047537	0.22041763341067286	0.3949367088607595	0.4338371459694989	0.28161166905786705	150.0	159.0	83.5	59.0	65.0	11.0
subimage_H11	20135	0.34988713318284426	0.39736236743605735	0.14906832298136646	0.3649025069637883	0.4558011049723757	0.17857142857142858	0.375	0.48172757475083056	0.2524108476474981	140.0	174.0	68.0	71.0	106.0	35.0
subimage_G11	9614	0.3480474917239623	0.38979240010162236	0.15877437325905291	0.3626373626373626	0.45077720207253885	0.18579234972677597	0.3790523690773067	0.471875	0.25808746393915555	139.0	172.0	70.0	66.0	100.0	33.0
subimage_F11	17530	0.3486574831490086	0.4019586755508024	0.15	0.36585365853658536	0.46035805626598464	0.17223650385604114	0.3770053475935829	0.48066298342541436	0.24760874542124542	141.0	177.0	66.0	74.0	109.0	36.0
subimage_E11	4294	0.35038363171355497	0.3721084273249628	0.18081108273353455	0.369727047146402	0.4192825112107623	0.20853080568720378	0.3865824264986636	0.4508670520231214	0.2694134180618355	150.0	169.0	85.0	64.0	85.0	20.0
subimage_D11	11846	0.35106382978723405	0.3944932889531384	0.07482993197278912	0.36797752808988765	0.4745762711864407	0.1588235294117647	0.38961038961038963	0.5418326693227091	0.25283464045293097	125.0	160.0	54.0	71.0	107.0	36.0
subimage_C11	7006	0.35526315789473684	0.3799686847599165	0.178743961352657	0.3712121212121212	0.42890995260663506	0.2	0.392605422974938	0.44352617079889806	0.258178100863244	152.0	171.0	80.0	66.0	90.0	22.0
subimage_B11	2093	0.34688346883468835	0.3625419053156352	0.18599624861454514	0.3630952380952381	0.4135593220338983	0.2236024844720497	0.3854191800144769	0.4412576064908722	0.2762797404470079	118.0	136.0	73.0	46.0	63.0	17.0
subimage_A11	2458	0.34434566657068816	0.36444206337058016	0.20743034055727555	0.3567251461988304	0.4096045197740113	0.23384195869111163	0.37752759381898454	0.4305707623682076	0.27715056028309043	120.0	138.0	77.0	41.0	58.0	18.0
subimage_H12	27005	0.34554973821989526	0.4095744680851064	0.1557377049180328	0.3643835616438356	0.45776566757493187	0.1774193548387097	0.3737573757375737	0.4792332268370607	0.24153067823043853	134.0	168.0	65.0	68.0	102.0	34.0
subimage_G12	4038	0.34441087613293053	0.3810791130936762	0.1986970684039088	0.35833333333333334	0.4140845070422535	0.22701149425287356	0.37761061946902647	0.4382716049382716	0.26639225181598053	123.0	143.0	78.0	45.0	64.0	19.0
subimage_F12	20708	0.3483483483483483	0.3995139084341871	0.14285714285714285	0.36553524804177545	0.46438746438746437	0.16923076923076924	0.3778409090909091	0.4886731391585761	0.2505492953024955	135.0	170.0	62.0	72.0	108.0	36.0
subimage_E12	6565	0.35250997782705096	0.3802479547946361	0.1660801838923056	0.3659942363112392	0.417910447761194	0.2154696132596685	0.3873194723898949	0.4533241061130334	0.26153846153846155	125.0	144.0	74.0	52.0	70.0	17.0
subimage_D12	10482	0.3495705041037347	0.39387640076917974	0.08791208791208792	0.36694677871148457	0.4489247311827957	0.18428593651495428	0.38505667526347626	0.5312442765567764	0.2506256517205422	136.0	165.0	68.0	67.0	97.0	30.0
subimage_C12	5561	0.3526448362720403	0.3644251626898048	0.17751479289940827	0.36941176470588233	0.4191780821917808	0.20809248554913296	0.3963730569948187	0.44510385756676557	0.27136752136752135	138.0	155.0	79.0	58.0	78.0	18.0
subimage_B12	20696	0.34615384615384615	0.40048703378087264	0.14236993879472692	0.3653250773993808	0.4649859943977591	0.16847826086956522	0.3760217983651226	0.4869948824409791	0.2506038753554364	132.0	167.0	61.0	70.0	105.0	35.0
subimage_A12	1716	0.34098049837486455	0.35967302452316074	0.18731531037006544	0.3588957055214724	0.4201432052110785	0.2202639751552795	0.38193681318681316	0.444794952681388	0.280560551558753	122.0	144.0	75.0	48.0	68.0	21.0