subimage	all_plant_pixels	ratio_r_q5	ratio_g_q5	ratio_b_q5	ratio_r_median	ratio_g_median	ratio_b_median	ratio_r_q95	ratio_g_q95	ratio_b_q95	pix_r_median	pix_g_median	pix_b_median	diff_rb_median	diff_gb_median	diff_gr_median
subimage_H1	4955	0.3371824480369515	0.3898305084745763	0.191685303514377	0.3524229074889868	0.4339152119700748	0.21271393643031786	0.3620178041543027	0.45671641791044776	0.26651528145953535	135.0	164.0	82.0	53.0	85.0	31.0
subimage_G1	2882	0.3291933152942624	0.367063696880666	0.19074192083443206	0.34498834498834496	0.42939481268011526	0.22686567164179106	0.3753837130611324	0.458215000978783	0.27563946216385243	124.0	154.0	80.0	42.0	72.0	31.0
subimage_F1	1816	0.3333333333333333	0.37929088503152486	0.23330670926517572	0.3404255319148936	0.4037854889589905	0.25696594427244585	0.3568539532914033	0.41875564079422384	0.2779187088718416	109.0	130.0	82.0	27.0	47.0	21.0
subimage_E1	4992	0.344209591746922	0.3917784092243384	0.19148936170212766	0.3577981651376147	0.4261501210653753	0.21640941080474618	0.3740053050397878	0.4410232711668592	0.25813449023861174	147.0	174.0	88.0	57.0	85.0	28.0
subimage_D1	2929	0.3395638629283489	0.383733958699759	0.23322683706070288	0.3464788732394366	0.4035608308605341	0.2492753623188406	0.359375	0.41509433962264153	0.2693333333333333	114.0	133.0	82.0	32.0	50.0	19.0
subimage_C1	7293	0.3389830508474576	0.3922572013880179	0.177470557131183	0.3517915309446254	0.4503105590062112	0.19814241486068113	0.3638968481375358	0.46588885891556514	0.25971419270102486	129.0	165.0	71.0	56.0	91.0	36.0
subimage_B1	4330	0.33687002652519893	0.3885331599832067	0.19294117647058823	0.35959018970757783	0.43392070484581496	0.20698924731182797	0.3696682464454976	0.4483318075475537	0.264769820971867	154.0	181.0	87.0	58.0	87.0	31.0
subimage_A1	2449	0.35630826319123904	0.1930945311751748	0.22938144329896906	0.37303370786516854	0.35571687840290384	0.26159554730983303	0.3891992551210428	0.4005012719776433	0.43530698456532735	173.0	170.0	133.0	55.0	51.0	-14.0
subimage_H2	9695	0.3384615384615385	0.39949748743718594	0.17318435754189945	0.34916201117318435	0.45645645645645644	0.19382022471910113	0.359375	0.47298584298584295	0.2573119831486971	126.0	162.0	69.0	53.0	89.0	37.0
subimage_G2	8190	0.33442037470725994	0.3860476568151512	0.1754089068825911	0.3477088948787062	0.4576719576719577	0.19476744186046513	0.36137919866753027	0.4723127035830619	0.26579712624016416	122.0	159.0	68.0	52.0	89.0	38.0
subimage_F2	1466	0.3552576894304388	0.34410925967345113	0.2692307692307692	0.363905325443787	0.3489827856025039	0.28724221328888455	0.3751509661835749	0.35566188197767146	0.2990930153707052	238.0	229.0	187.0	50.0	40.0	-10.0
subimage_E2	2563	0.3442664453206059	0.3678607262302915	0.1928020565552699	0.3575	0.4252577319587629	0.21658986175115208	0.371624454854825	0.44584382871536526	0.2727272727272727	149.0	177.0	90.0	59.0	87.0	28.0
subimage_D2	2182	0.3546875	0.3446601941747573	0.26352530541012215	0.36061023534799885	0.34775641025641024	0.29067930489731436	0.3780466851060263	0.36061879860552426	0.29984301412872844	226.0	217.0	181.0	42.0	35.0	-8.0
subimage_C2	2255	0.34759358288770054	0.3489576814346447	0.2242450805945154	0.36608557844690964	0.3763440860215054	0.2579787234042553	0.38264090177133653	0.4150249269382843	0.29051411746942474	168.0	172.0	116.0	47.0	53.0	4.0
subimage_B2	4554	0.33962264150943394	0.38534278959810875	0.17909008675630114	0.35459183673469385	0.4278481012658228	0.21944444444444444	0.37668354188556685	0.4560260586319218	0.26401688571217086	130.0	156.0	80.0	49.0	76.0	26.0
subimage_A2	3009	0.34695468830807175	0.3546436154079466	0.1982088597473213	0.35764705882352943	0.4292682926829268	0.21339950372208435	0.3742646801051709	0.4393203883495146	0.28093097913322634	148.0	175.0	88.0	59.0	88.0	29.0
subimage_H3	2629	0.3305156110615522	0.3831223128243143	0.20938946821859722	0.3464788732394366	0.4257142857142857	0.22727272727272727	0.36261510574018124	0.4384212292521748	0.27433801182927375	127.0	156.0	84.0	43.0	72.0	29.0
subimage_G3	3834	0.3364244077797829	0.35502573634543894	0.2045200406622132	0.35858585858585856	0.41687662226396655	0.225156244057655	0.3832640092792377	0.44308982035928146	0.28164812754912866	149.0	171.0	92.0	54.0	76.0	24.0
subimage_F3	9255	0.33889817024661895	0.4012892141672287	0.17164277767924802	0.350253807106599	0.45738636363636365	0.19241192411924118	0.3601190476190476	0.4742857142857143	0.25520148590809977	128.0	166.0	69.0	57.0	95.0	38.0
subimage_E3	5628	0.33879781420765026	0.3786238683127572	0.17801047120418848	0.3554987212276215	0.43410852713178294	0.21204503879391912	0.3759213759213759	0.45480761311788637	0.27975684013964436	141.0	170.0	81.0	54.0	85.0	30.0
subimage_D3	9207	0.3373860182370821	0.3850844019234622	0.17450222164383053	0.347953216374269	0.45103857566765576	0.20053475935828877	0.3614932016340467	0.4755244755244755	0.2669653554065962	124.0	161.0	71.0	53.0	90.0	37.0
subimage_C3	2657	0.35703196915646646	0.3462157809983897	0.2617252039330661	0.3717948717948718	0.3510791366906475	0.27716535433070866	0.38256870547949207	0.3565468848884639	0.29567666870789955	248.0	232.0	183.0	62.0	49.0	-13.0
subimage_B3	2087	0.35766423357664234	0.34523809523809523	0.2645313690627381	0.3715170278637771	0.34891485809682804	0.2795031055900621	0.3833880075727901	0.35303265940902023	0.29612887596899223	238.0	224.0	179.0	59.0	44.0	-14.0
subimage_A3	1658	0.35660872870520754	0.3453355155482815	0.27004173486088384	0.3660030627871363	0.34838709677419355	0.28593272171253825	0.37833333333333335	0.35231316725978645	0.2972686218939654	233.0	221.0	181.0	51.0	40.0	-11.0
subimage_H4	11660	0.335149863760218	0.39593908629441626	0.17325227963525835	0.3488372093023256	0.45938375350140054	0.19154929577464788	0.35714285714285715	0.4748464483288109	0.2601635213184711	120.0	157.0	66.0	52.0	88.0	37.0
subimage_G4	8858	0.3368780217092763	0.39711863214185195	0.1760974947240853	0.34782608695652173	0.45161290322580644	0.199438202247191	0.3629272640521663	0.474025974025974	0.25631050871325467	124.0	161.0	71.0	53.0	90.0	37.0
subimage_F4	1597	0.3569296043284482	0.345718901453958	0.26485568760611206	0.37059724349157736	0.35	0.27956989247311825	0.3811179344208768	0.3549643911117681	0.29694852454677784	242.0	228.0	182.0	59.0	46.0	-13.0
subimage_E4	2643	0.3551587301587302	0.3660531697341513	0.2042755344418052	0.36752136752136755	0.3986013986013986	0.23042505592841164	0.3776223776223776	0.4310303080905068	0.27535912660409884	162.0	176.0	101.0	61.0	74.0	12.0
subimage_D4	2287	0.3566009104704097	0.3452733767496112	0.25708502024291496	0.36920529801324503	0.35075885328836426	0.27708333333333335	0.38522012578616355	0.36904761904761907	0.29667593820257104	235.0	223.0	176.0	57.0	47.0	-12.0
subimage_C4	5194	0.3510528462938555	0.37204339194554736	0.18155319404418827	0.36	0.42857142857142855	0.21220159151193635	0.37746478873239436	0.4491195574951791	0.27029106029106026	136.0	162.0	79.0	55.0	81.0	26.0
subimage_B4	7910	0.3392330383480826	0.3917995444191344	0.18	0.34972677595628415	0.44642857142857145	0.20211369855363825	0.364627553211974	0.4685714285714286	0.2613212730318258	127.0	163.0	73.0	54.0	89.0	36.0
subimage_A4	2094	0.32284257975034675	0.3688691974790608	0.22599188229325215	0.3442622950819672	0.4034582132564842	0.2541899441340782	0.3660313329250867	0.4268621013133208	0.2847787467700258	117.0	137.0	86.5	31.0	50.0	21.0
subimage_H5	3357	0.3429306816327043	0.3836734693877551	0.18099269910890264	0.362	0.42548596112311016	0.20647773279352227	0.3822438764820327	0.4537313432835821	0.26921890187157477	149.0	177.0	88.0	63.0	92.0	26.0
subimage_G5	2689	0.3423652744749975	0.3705295884390623	0.20151726030619646	0.3627684964200477	0.4063926940639269	0.23076923076923078	0.37528924165079774	0.43863054124761236	0.27051556189118553	144.0	162.0	91.0	53.0	69.0	18.0
subimage_F5	3551	0.3385093167701863	0.36764580217902154	0.21343246327200113	0.3507692307692308	0.4108761329305136	0.2375	0.3887764282501125	0.4241955155267849	0.2727272727272727	115.0	135.0	77.0	37.0	57.0	20.0
subimage_E5	3418	0.3404255319148936	0.3626689131939905	0.18618379017315187	0.3537324504269793	0.4401114206128134	0.208642246508137	0.37473684210526315	0.4575252525252525	0.2742374919284808	128.0	159.0	75.0	52.0	83.0	31.0
subimage_D5	3578	0.34146341463414637	0.37193166904220937	0.21172052154195012	0.352112676056338	0.4147727272727273	0.23399014778325122	0.3822327488687782	0.4319526627218935	0.2676555033332677	138.0	161.0	91.0	45.0	69.0	24.0
subimage_C5	3088	0.33866666666666667	0.3552547881649432	0.17743525670149932	0.36363636363636365	0.4329752922881991	0.20638820638820637	0.38852027786290727	0.453804347826087	0.27636523863886714	142.0	168.0	78.0	60.0	86.0	27.0
subimage_B5	5311	0.34262898915487183	0.3886701629796907	0.20970193156191785	0.35904255319148937	0.41005291005291006	0.22879177377892032	0.3708700240157194	0.44	0.25549338540604916	134.0	154.0	85.0	48.0	67.0	19.0
subimage_A5	1793	0.3373350116885452	0.36468351478844185	0.23469387755102042	0.3525423728813559	0.39849624060150374	0.2507936507936508	0.37224637681159417	0.40716612377850164	0.27884358925509617	110.0	126.0	80.0	32.0	46.0	15.0
subimage_H6	9260	0.33433734939759036	0.3969051977066566	0.17302052785923755	0.3448275862068966	0.459546925566343	0.19533527696793002	0.3566888690383719	0.47735191637630664	0.26147141848976707	114.0	152.0	64.0	48.0	85.0	37.0
subimage_G6	5518	0.34029227557411273	0.3834205726068681	0.1691842900302115	0.3491271820448878	0.4410958904109589	0.20967741935483872	0.3793980062916207	0.4688427299703264	0.26687009185111743	130.0	164.0	78.0	51.0	86.0	34.0
subimage_F6	6550	0.34596974206349207	0.39653106453309295	0.18154761904761904	0.3568075117370892	0.4433497536945813	0.19900497512437812	0.3652198473847977	0.462284268546128	0.25513002503065824	146.0	180.0	81.0	64.0	99.0	35.0
subimage_E6	2750	0.35836610729331414	0.36074766355140186	0.22033898305084745	0.3708791208791209	0.391304347826087	0.2358974358974359	0.386397643502939	0.4053470736923974	0.27586206896551724	152.0	162.0	95.0	55.0	63.0	8.0
subimage_D6	2544	0.3301327838827839	0.3717348907436145	0.2315250616710164	0.3487105593733836	0.40053406919369094	0.2507507778328899	0.36743507044644375	0.4246595707589199	0.27445779725016	124.0	142.0	89.0	35.0	53.0	18.0
subimage_C6	2785	0.3557339988256019	0.3425126097144446	0.27786924385606243	0.36477987421383645	0.3463338533541342	0.2887323943661972	0.3719419527544263	0.35194129897175586	0.300509337860781	231.0	219.0	182.0	49.0	37.0	-12.0
subimage_B6	3422	0.34361278802052175	0.37996600256159996	0.195825146025679	0.3591784000421874	0.4232456140350877	0.21318681318681318	0.38181818181818183	0.4470284237726098	0.2660189392127792	161.0	189.0	97.0	64.0	94.0	28.0
subimage_A6	1307	0.3408360128617363	0.3667441860465116	0.24305555555555555	0.3484848484848485	0.3931297709923664	0.25704225352112675	0.3655691509084168	0.40878378378378377	0.2767918902802624	101.0	115.0	74.0	27.0	40.0	13.0
subimage_H7	5855	0.341198085533426	0.3830667018987581	0.20328330206378986	0.3524804177545692	0.4174174174174174	0.229607250755287	0.3700564971751412	0.4383116883116883	0.2654066554006836	123.0	147.0	79.0	43.0	66.0	23.0
subimage_G7	5850	0.33979107439789735	0.3825499740753978	0.16721311475409836	0.3549339245348635	0.4413265306122449	0.20606060606060606	0.37683524706489485	0.4660045571626709	0.26526093402520384	122.0	153.0	72.0	51.0	81.0	31.0
subimage_F7	4668	0.35564053537284895	0.3569861478673438	0.20048309178743962	0.3697813121272366	0.39111111111111113	0.2393263661036173	0.3832923832923833	0.42821729365524985	0.2848756138237747	173.0	184.0	110.0	60.0	70.0	9.0
subimage_E7	1004	0.3543972226014706	0.3442367601246106	0.2684691341587893	0.3590551181102362	0.3467414471739503	0.29431454039153127	0.37860390369331465	0.35319816328288256	0.300314465408805	227.0	219.0	186.0	40.0	33.0	-8.0
subimage_D7	3655	0.3388279213995887	0.3703986220472441	0.20671834625322996	0.3515850144092219	0.4106145251396648	0.23648648648648649	0.38461538461538464	0.42681359557353415	0.27090104134189685	123.0	145.0	82.0	40.0	61.0	21.0
subimage_C7	3473	0.34739807264640477	0.3723553739598386	0.2044334975369458	0.36561743341404357	0.3988919667590028	0.23705722070844687	0.3853297763897022	0.4250614250614251	0.27014696205308175	139.0	152.0	90.0	48.0	61.0	13.0
subimage_B7	3193	0.34648541272766437	0.375	0.19938268065669015	0.3585434173669468	0.3971830985915493	0.2457627118644068	0.3844305192122297	0.42138364779874216	0.27034120734908135	128.0	142.0	88.0	40.0	54.0	14.0
subimage_A7	2299	0.3352272727272727	0.37407939677858865	0.21798015789841402	0.3507246376811594	0.40294117647058825	0.24620060790273557	0.37503665689149557	0.41777255639097743	0.27830421042847847	119.0	138.0	84.0	35.0	53.0	18.0
subimage_H8	5107	0.34070187089839826	0.3887243544003399	0.2049469964664311	0.3482758620689655	0.42718446601941745	0.22408963585434175	0.35967302452316074	0.4471830985915493	0.2634199560030762	119.0	145.0	76.0	42.0	68.0	26.0
subimage_G8	2192	0.34332425068119893	0.3754093307803671	0.20685593067340674	0.361432425934336	0.41365857269766065	0.22444444444444445	0.3832101344474798	0.4261209695476937	0.2722573038647536	152.0	172.0	93.0	57.0	76.0	22.0
subimage_F8	3027	0.3559926751249303	0.34512231459134113	0.2739230583471105	0.36580882352941174	0.3483670295489891	0.2857142857142857	0.3723525341636395	0.35447761194029853	0.298237083795388	238.0	227.0	187.0	51.0	41.0	-11.0
subimage_E8	2943	0.34520874103065885	0.3732193732193732	0.2207155242577586	0.3554913294797688	0.3958333333333333	0.24853801169590642	0.3821956181011772	0.40993788819875776	0.27046657113899275	123.0	137.0	86.0	36.0	51.0	14.0
subimage_D8	3667	0.35572894506319613	0.34713870829345567	0.20302375809935205	0.37318255250403876	0.37154989384288745	0.2578397212543554	0.3898305084745763	0.41268801552644346	0.2943743143812709	193.0	198.0	133.0	63.0	59.0	1.0
subimage_C8	3152	0.34877384196185285	0.38069082168610346	0.19868995633187772	0.35833333333333334	0.40522898154477105	0.23641304347826086	0.3827956989247312	0.42316258351893093	0.2675071656050955	138.0	155.0	92.0	46.0	64.0	17.0
subimage_B8	4518	0.3353658536585366	0.3671688988095238	0.18877551020408162	0.3544973544973545	0.4371343028229256	0.21428571428571427	0.382866587957497	0.45430809399477806	0.26652284263959386	135.0	165.0	80.0	54.0	82.0	32.0
subimage_A8	1692	0.34759358288770054	0.3567846719959396	0.23076923076923078	0.3595505617977528	0.38998607242339833	0.248611068242847	0.376690889586104	0.40970350404312667	0.28267616191904044	132.0	144.0	90.0	40.0	52.0	9.0
subimage_H9	2327	0.3385099244373083	0.38762983470072343	0.20504997696097543	0.3526315789473684	0.4156479217603912	0.23040380047505937	0.36159600997506236	0.4378041660227019	0.26852256532066504	135.0	160.0	90.0	47.0	72.0	25.0
subimage_G9	5311	0.33613445378151263	0.38125233083801013	0.16621253405994552	0.35446685878962536	0.44173441734417346	0.20603015075376885	0.376106348722858	0.4657142857142857	0.2751739012781943	132.0	164.0	76.0	55.0	88.0	33.0
subimage_F9	877	0.35313531353135313	0.3415222446472446	0.2528217717612401	0.3583617747440273	0.3626373626373626	0.277602523659306	0.38522748548960867	0.3798839458413926	0.2998745684134012	107.0	109.0	83.0	25.0	27.0	1.0
subimage_E9	2042	0.34943334555229716	0.35104939336438384	0.2230971128608924	0.3598936410633069	0.4051948051948052	0.23368199694122788	0.3863176853616178	0.4187792787123659	0.285695238095238	142.0	161.0	94.0	50.0	68.0	18.0
subimage_D9	1763	0.3526170798898072	0.34452015163607347	0.22591212306854538	0.3625	0.375	0.25121951219512195	0.39333324885318194	0.41469870875179343	0.29593810444874274	143.0	153.0	93.0	44.0	47.0	2.0
subimage_C9	3530	0.34375	0.3603062669656556	0.21241050119331742	0.3567251461988304	0.40294840294840295	0.2395543175487465	0.3894617825971965	0.41641337386018235	0.27399787231140627	127.0	144.0	86.0	40.5	58.0	16.0
subimage_B9	4917	0.3389830508474576	0.38292230961815205	0.19137133539649262	0.35185185185185186	0.4350132625994695	0.21333333333333335	0.372406462585034	0.4523093691050094	0.26722698149881213	131.0	162.0	79.0	51.0	81.0	31.0
subimage_A9	2074	0.3333333333333333	0.3618400240422638	0.2270635847414938	0.34579439252336447	0.40194502238194313	0.25192410159256406	0.383248031496063	0.4201954397394137	0.2781959020489755	109.0	130.0	79.0	30.0	47.0	20.0
subimage_H10	8306	0.3385093167701863	0.39709443099273606	0.1791907514450867	0.3474576271186441	0.453416149068323	0.19808306709265175	0.35759014192558497	0.46987951807228917	0.2578581098231661	121.0	158.0	68.0	51.0	86.0	36.0
subimage_G10	9321	0.3354632587859425	0.40093240093240096	0.17724867724867724	0.34656084656084657	0.4550408719346049	0.195906432748538	0.3634085213032581	0.47477744807121663	0.25679012345679014	125.0	164.0	70.0	53.0	91.0	38.0
subimage_F10	8096	0.3333333333333333	0.3964351692076575	0.17229729729729729	0.344311377245509	0.4613003095975232	0.1942675159235669	0.35798816568047337	0.4763636363636364	0.2638972962066182	115.0	153.0	64.0	48.0	86.0	38.0
subimage_E10	2969	0.34591718103913227	0.3629028908456554	0.21094395408496022	0.3575418994413408	0.4072164948453608	0.23404255319148937	0.3881278538812785	0.4228500881834215	0.27371209480655284	135.0	152.0	87.0	46.0	64.0	19.0
subimage_D10	7233	0.3439153439153439	0.38643726579880056	0.17468354430379746	0.35561497326203206	0.4417910447761194	0.20256410256410257	0.3734015345268542	0.460986176012461	0.2629772576361221	132.0	164.0	75.0	54.0	86.0	32.0
subimage_C10	11266	0.3387178564417981	0.40040408309639075	0.17941952506596306	0.3526570048309179	0.4489247311827957	0.19726027397260273	0.3658008658008658	0.46756756756756757	0.25444956180233674	136.0	174.0	76.0	60.0	97.0	37.0
subimage_B10	9687	0.33633633633633636	0.3855748733181898	0.17333333333333334	0.34794520547945207	0.44846796657381616	0.20385674931129477	0.3596167891718854	0.47540983606557374	0.26558891454965355	120.0	155.0	70.0	49.0	84.0	34.0
subimage_A10	2456	0.336283185840708	0.37024758307063554	0.21081081081081082	0.3526170798898072	0.4057971014492754	0.2401129943502825	0.3849080002814523	0.42183238636363635	0.2750460687960688	125.0	141.0	83.0	38.0	57.0	19.0
subimage_H11	3498	0.3333333333333333	0.38538818809052083	0.18924794359576969	0.3534612980518804	0.4236842105263158	0.22443181818181818	0.3724566326530612	0.44962616393743404	0.26761468166601315	132.0	160.0	81.0	47.0	73.0	26.0
subimage_G11	9723	0.33559322033898303	0.38890063424947147	0.17989417989417988	0.3492063492063492	0.450261780104712	0.20149253731343283	0.36035784387739694	0.46774193548387094	0.26712177568115153	132.0	169.0	74.0	54.0	90.0	38.0
subimage_F11	3801	0.34536082474226804	0.3720430107526882	0.2025974025974026	0.3614457831325301	0.40773809523809523	0.23119777158774374	0.3779697624190065	0.42933333333333334	0.2682926829268293	134.0	153.0	85.0	47.0	65.0	17.0
subimage_E11	8740	0.3404255319148936	0.39278131634819535	0.1752549531775363	0.35753439058088543	0.43467336683417085	0.20789473684210527	0.37585421412300685	0.456575682382134	0.25900900900900903	147.0	177.0	84.0	61.0	91.0	32.0
subimage_D11	11352	0.335423197492163	0.3912113200606924	0.18553459119496854	0.3462840349011401	0.44473684210526315	0.20821917808219179	0.3550834597875569	0.47019867549668876	0.26592032967032964	125.0	160.0	75.0	49.0	85.0	35.0
subimage_C11	5316	0.3475296568393601	0.38209444046144825	0.18231673899841513	0.3573299057412168	0.4467005076142132	0.1958762886597938	0.3684210526315789	0.45901639344262296	0.2658992380451918	137.0	171.0	75.0	61.0	96.0	34.0
subimage_B11	5219	0.3422946501338922	0.38322985177186614	0.16411821420400693	0.3561643835616438	0.43781094527363185	0.208	0.3732091111260866	0.47277936962750716	0.2687224669603524	136.0	167.0	79.0	56.0	87.0	30.0
subimage_A11	2945	0.33048433048433046	0.38609632901054425	0.19491525423728814	0.3485714285714286	0.4222222222222222	0.2301980198019802	0.3711340206185567	0.4419249148710905	0.27230782429649963	140.0	167.0	89.0	47.0	76.0	29.0
subimage_H12	4357	0.32941176470588235	0.38513217812998995	0.19319696084161309	0.3430232558139535	0.43258426966292135	0.22254335260115607	0.35678391959798994	0.46180162816058434	0.2736125667064195	119.0	149.0	78.0	42.0	73.0	31.0
subimage_G12	5072	0.34275087668415644	0.3896387906328264	0.1924023572566824	0.35714285714285715	0.42857142857142855	0.21182266009852216	0.375	0.4444444444444444	0.2627904363326358	146.0	175.0	89.0	57.0	87.0	29.0
subimage_F12	1404	0.34243675284959685	0.35109656301145664	0.2412862616310892	0.3510971786833856	0.39158576051779936	0.2573627199660775	0.3680324074074074	0.4066265060240964	0.28298685221548703	115.0	129.0	85.0	31.0	44.0	14.0
subimage_E12	2765	0.3555624568668047	0.3456044239631337	0.27881821384264294	0.3617021276595745	0.3480392156862745	0.2899505766062603	0.36792452830188677	0.3525423728813559	0.29686507936507933	222.0	213.0	178.0	44.0	36.0	-8.0
subimage_D12	8341	0.33665835411471323	0.39387755102040817	0.17696629213483145	0.3492957746478873	0.4526627218934911	0.1975	0.36682242990654207	0.46855345911949686	0.2613168724279835	127.0	165.0	71.0	53.0	89.0	37.0
subimage_C12	8491	0.34101491256302974	0.3941452814886226	0.17615176151761516	0.3525641025641026	0.4514285714285714	0.19607843137254902	0.36046511627906974	0.46793157822569587	0.2603622257988679	131.0	167.0	71.0	57.0	92.0	36.0
subimage_B12	3086	0.3484848484848485	0.36476054232395094	0.20537737375917134	0.36020828254922677	0.4114583333333333	0.22702702702702704	0.38018864740820735	0.4341631862325769	0.26968179513184587	138.0	157.0	87.0	51.0	70.0	19.0
subimage_A12	1713	0.3416616367141105	0.3566823230985798	0.2275442699632476	0.3633633633633634	0.3869047619047619	0.2459016393442623	0.381754886335039	0.4136204608517312	0.28301543105467225	130.0	138.0	88.0	41.0	51.0	7.0