subimage	all_plant_pixels	ratio_r_q5	ratio_g_q5	ratio_b_q5	ratio_r_median	ratio_g_median	ratio_b_median	ratio_r_q95	ratio_g_q95	ratio_b_q95	pix_r_median	pix_g_median	pix_b_	diff_rb_median	diff_gb_median	diff_gr_median
subimage_H1	971	0.3549266456845015	0.34400674145256194	0.2127927190919317	0.37782340862423	0.35174953959484345	0.2672897196261682	0.4125385480738556	0.38639330643247094	0.29946507067233274	191.0	181.0	137.0	55.0	43.0	-9.0
subimage_G1	6440	0.33421750663129973	0.39328256145083934	0.16776315789473684	0.34430481142977204	0.44642857142857145	0.20903954802259886	0.3561273074971705	0.4816053511705686	0.26700251889168763	115.0	150.0	70.0	45.0	79.0	34.0
subimage_F1	2854	0.33061943476577627	0.38991997316465404	0.16206896551724137	0.34502923976608185	0.45	0.2052327350167326	0.3576388888888889	0.4850843722245979	0.27301075268817204	119.0	155.5	71.0	49.0	85.0	37.0
subimage_E1	5092	0.340940897524867	0.3823913650971077	0.18136699264088507	0.3547486033519553	0.4310560884971048	0.21390961857379767	0.38010204081632654	0.44836940772608724	0.26666666666666666	128.0	154.0	78.0	49.0	76.0	27.0
subimage_D1	12866	0.335243553008596	0.4009932008238418	0.14067278287461774	0.35453434096465886	0.4732394366197183	0.16997167138810199	0.3669724770642202	0.4984709480122324	0.2563321097933534	121.0	161.0	58.0	61.0	101.0	40.0
subimage_C1	8627	0.32967032967032966	0.3951219512195122	0.14381958125257707	0.34563758389261745	0.46319018404907975	0.19197707736389685	0.3595890410958904	0.5018050541516246	0.2654639175257732	110.0	149.0	60.0	48.0	86.0	37.0
subimage_B1	8364	0.331192782681713	0.3932120650158176	0.14579271502263397	0.3450134770889488	0.45987654320987653	0.1949419038482038	0.3580515297906602	0.5031816899137306	0.26602188305453073	114.0	153.0	63.0	48.0	86.0	37.0
subimage_A1	4989	0.3333333333333333	0.35842293906810035	0.1837270341207349	0.3559322033898305	0.43316831683168316	0.21502590673575128	0.38083123391938245	0.4570509982501634	0.27058476948004123	140.0	171.0	84.0	57.0	84.0	31.0
subimage_H2	6483	0.33967391304347827	0.38202777188891246	0.1753846153846154	0.35492957746478876	0.42363112391930835	0.2222222222222222	0.3723691776883266	0.4578228406584082	0.2697985263642643	122.0	147.0	76.0	45.0	68.0	24.0
subimage_G2	6258	0.3399933774834437	0.3973711400499064	0.15076254180602006	0.35459183673469385	0.4592391304347826	0.1875	0.3699731903485255	0.48249153764182284	0.2587796697626419	134.0	172.0	68.0	61.0	98.0	38.0
subimage_F2	2472	0.32805429864253394	0.36571071455375753	0.1871508379888268	0.34710743801652894	0.4185428458787418	0.2362083957296749	0.37664785443222726	0.4566234049514669	0.2813766891891891	132.0	159.0	88.0	42.0	67.0	28.0
subimage_E2	5389	0.3291072710491232	0.34448160535117056	0.18181818181818182	0.3435114503816794	0.434375	0.22391857506361323	0.3623417721518987	0.4678203984537615	0.2975494783543031	121.0	154.0	77.0	41.0	71.0	31.0
subimage_D2	6960	0.33012664924072693	0.3932569639513109	0.1450605503722552	0.3479385394793854	0.4557377049180328	0.19724605394131867	0.36623603141044997	0.5034494731800766	0.2651523663602315	118.0	154.0	66.0	50.0	86.0	36.0
subimage_C2	8768	0.3305283797729618	0.387770663821084	0.15654952076677317	0.34626865671641793	0.4433492155018057	0.21	0.36556603773584906	0.4921135646687697	0.2714257382670556	125.0	160.0	75.0	48.0	83.0	35.0
subimage_B2	8059	0.3290808176305666	0.4	0.14666666666666667	0.3448275862068966	0.45738636363636365	0.19756838905775076	0.35755990133897114	0.5017667844522968	0.2641563036020583	115.0	153.0	66.0	49.0	86.0	38.0
subimage_A2	9725	0.335149863760218	0.4036048009606585	0.1419753086419753	0.34838709677419355	0.4676923076923077	0.18322981366459629	0.3628048780487805	0.5	0.25528980190755673	117.0	157.0	61.0	55.0	95.0	40.0
subimage_H3	8978	0.34017595307917886	0.392916783609318	0.1450551926109484	0.35650224215246634	0.45892351274787535	0.18591549295774648	0.37261045209152005	0.48607456140350874	0.2600395969786963	136.0	173.0	67.0	61.0	98.0	37.0
subimage_G3	9086	0.3383675113200975	0.39965357967667436	0.15029345012234477	0.3569620253164557	0.4621212121212121	0.18075801749271136	0.3706321334503951	0.484375	0.2536984867578292	129.0	165.0	64.0	61.0	97.0	37.0
subimage_F3	4704	0.33481759087626084	0.38954869358669836	0.1616560203817893	0.35046774365898914	0.44846078741061945	0.20212765957446807	0.36616621244565567	0.47800309854479056	0.2665289256198347	129.0	164.0	71.0	52.0	87.0	35.0
subimage_E3	2065	0.3333333333333333	0.35386583565688046	0.21513102725366878	0.36268343815513626	0.39664804469273746	0.24342105263157895	0.38852586720432575	0.4136355591858961	0.28595287801968383	114.0	127.0	77.0	38.0	48.0	11.0
subimage_D3	6154	0.3323529411764706	0.3904689598182006	0.14864702871612523	0.3430155856906179	0.44516129032258067	0.21070234113712374	0.3597970133016862	0.5018867924528302	0.26973223509509053	112.0	148.0	70.0	44.0	78.0	34.0
subimage_C3	5777	0.3235294117647059	0.3866603023070803	0.1487832079842146	0.34120734908136485	0.4342857142857143	0.22112211221122113	0.365058654044042	0.512015458937198	0.2718165620884654	116.0	148.0	76.0	40.0	72.0	32.0
subimage_B3	3588	0.3233170426065163	0.3866781609195402	0.1792852313339129	0.3407202216066482	0.42857142857142855	0.23099003376987068	0.3565217391304348	0.46882440476190473	0.2791327913279133	115.0	146.0	77.5	37.0	66.0	30.0
subimage_A3	4537	0.324252356976312	0.391304347826087	0.16129032258064516	0.34124629080118696	0.45394736842105265	0.2057877813504823	0.3569871545348384	0.489213060320974	0.27353993038078633	109.0	145.0	65.0	42.0	78.0	36.0
subimage_H4	1577	0.3401714530004275	0.36172824408118526	0.20466748017083589	0.3508771929824561	0.41254125412541254	0.23636363636363636	0.3680349029326725	0.43914865577227197	0.28094479968680675	111.0	131.0	75.0	36.0	56.0	20.0
subimage_G4	6174	0.337894088861876	0.3932316138917263	0.1624398477339654	0.3516169254283646	0.4540879627285157	0.1935483870967742	0.3656865671641791	0.4801586067485616	0.2615175410363695	128.0	164.0	70.0	56.0	93.0	37.0
subimage_F4	1877	0.356065999392138	0.3434343434343434	0.24342440510640564	0.3839835728952772	0.35148514851485146	0.262350936967632	0.39896373056994816	0.36208315595288776	0.3	224.0	207.0	156.0	70.0	51.0	-18.0
subimage_E4	7461	0.3343558282208589	0.38926174496644295	0.14242424242424243	0.34705882352941175	0.4603658536585366	0.19207317073170732	0.3649425287356322	0.5071428571428571	0.2678983833718245	117.0	154.0	64.0	50.0	88.0	37.0
subimage_D4	1876	0.3323330680029669	0.3827757865392274	0.20648015986297458	0.34545454545454546	0.4173441734417344	0.23676880222841226	0.36268627450980395	0.4416403785488959	0.27639575563072827	121.0	146.0	82.0	38.0	63.0	25.0
subimage_C4	3989	0.34829456321993635	0.3794279907084785	0.19519519519519518	0.3608815426997245	0.42382271468144045	0.21468926553672316	0.3778156565656566	0.44011976047904194	0.26619704236610714	129.0	151.0	76.0	52.0	74.0	23.0
subimage_B4	4948	0.32523312774810403	0.39146928682977616	0.16607773851590105	0.34185303514376997	0.44508670520231214	0.21238938053097345	0.35883905013192613	0.4871505376344086	0.2725118483412322	115.0	149.5	71.0	43.0	78.0	34.0
subimage_A4	2752	0.3315068493150685	0.3881296992481203	0.20317460317460317	0.3497402352687825	0.41714285714285715	0.23229461756373937	0.36392871965137996	0.4451709355910406	0.2686945012555984	122.0	146.0	81.0	41.0	65.0	23.0
subimage_H5	6103	0.34492753623188405	0.38771618817018333	0.15501519756838905	0.36619718309859156	0.45265588914549654	0.1794871794871795	0.37971698113207547	0.4751552795031056	0.26227102450424433	153.0	186.0	72.0	73.0	106.0	34.0
subimage_G5	1832	0.3430195750812435	0.3674738372093023	0.2215568862275449	0.35343646669815776	0.40625	0.2401129943502825	0.3736964188822572	0.41690962099125367	0.27491310392770246	122.0	141.0	83.0	39.0	57.0	19.0
subimage_F5	1420	0.35688554359706903	0.3428044393802294	0.25	0.38571428571428573	0.3502416085448759	0.2640272572402044	0.39576886536373507	0.3548922056384743	0.2994928080947997	235.0	215.0	162.0	73.0	52.0	-21.0
subimage_E5	5034	0.3360802510951542	0.3890253483237015	0.18027210884353742	0.35	0.42485549132947975	0.2249661246612466	0.3667070357554786	0.4635214968989803	0.2662943404360143	119.0	145.0	77.0	43.0	68.0	26.0
subimage_D5	4759	0.32820115285231566	0.38501162790697674	0.18529411764705883	0.3471502590673575	0.43341404358353514	0.2188365650969529	0.3609238428913885	0.45962950855399365	0.27764924307340755	131.0	162.0	82.0	47.0	80.0	32.0
subimage_C5	5514	0.3280757097791798	0.38949671772428884	0.1596620866735922	0.3434343434343434	0.4375	0.21944009056078023	0.3582089552238806	0.4883720930232558	0.27439024390243905	120.0	155.0	76.0	43.0	75.0	33.0
subimage_B5	1489	0.3398328690807799	0.351233247790134	0.23076923076923078	0.3525641025641026	0.3904761904761905	0.25958702064896755	0.3769757768534377	0.4053156146179402	0.292	115.0	129.0	86.0	31.0	43.0	13.0
subimage_A5	4353	0.3286985453419994	0.38639557164147326	0.13851351351351351	0.34540389972144847	0.4422535211267606	0.21241830065359477	0.35845646737894976	0.5111940298507462	0.27353678561416156	116.0	150.0	72.0	45.0	78.0	33.0
subimage_H6	6148	0.334398488541176	0.38403708609271525	0.1484848484848485	0.35344827586206895	0.46176470588235297	0.18528665273215886	0.36666666666666664	0.49261005050637674	0.2715126906595547	123.0	161.0	64.0	58.0	96.0	38.0
subimage_G6	3551	0.3261538461538461	0.3698240397800817	0.17375201949670036	0.3422222222222222	0.43543543543543545	0.22189349112426035	0.36363636363636365	0.4834556587324115	0.2895881534658104	118.0	151.0	76.0	41.0	73.0	32.0
subimage_F6	9744	0.34593023255813954	0.3738841633511684	0.16458969037034743	0.36542669584245074	0.4486873508353222	0.18581907090464547	0.37823834196891193	0.4659949622166247	0.2714715308585595	150.0	183.0	74.0	70.0	105.0	33.0
subimage_E6	2037	0.3515202702702703	0.36483306836248014	0.20544554455445543	0.37192118226600984	0.4034653465346535	0.22377622377622378	0.39285714285714285	0.422593825256379	0.27422198999213865	155.0	167.0	91.0	61.0	73.0	12.0
subimage_D6	3795	0.3291139240506329	0.3875820808405078	0.1709239424429298	0.3471337579617834	0.44281524926686217	0.21052631578947367	0.3611798793841178	0.47373279352226716	0.27474158791614656	120.0	153.0	71.0	46.0	78.0	32.0
subimage_C6	2674	0.34722060633937146	0.3775429947259803	0.18989783270104799	0.3591331269349845	0.42898979504330675	0.21148036253776434	0.37984516685178127	0.44654088050314467	0.26485148514851486	125.0	149.0	73.0	51.0	75.0	25.0
subimage_B6	2862	0.3309187432662566	0.3794654304029304	0.2083385028949545	0.3489010989010989	0.41407350352112676	0.23772609819121446	0.36507936507936506	0.4417079252323036	0.27925436703397144	132.0	156.0	90.0	41.0	66.0	23.0
subimage_A6	4673	0.34116421568627453	0.39433943327422966	0.17151162790697674	0.35294117647058826	0.4297752808988764	0.2177650429799427	0.3739130434782609	0.46176830365173593	0.25947063828828065	127.0	155.0	78.0	49.0	76.0	28.0
subimage_H7	1627	0.3364553656220323	0.35686736800408314	0.2026712759270899	0.3543046357615894	0.41823899371069184	0.22796352583586627	0.3730446582778189	0.43546601595048207	0.2882053838484546	113.0	134.0	73.0	40.0	60.0	21.0
subimage_G7	8870	0.3339453239269897	0.39057157283514266	0.14026847469967238	0.35185185185185186	0.4628099173553719	0.18549555867227677	0.36578171091445427	0.5	0.26865671641791045	125.0	166.0	64.0	57.0	96.0	39.0
subimage_F7	10148	0.3310889903281208	0.3855932203389831	0.14285714285714285	0.3448275862068966	0.4447513812154696	0.20738636363636365	0.36432160804020103	0.5073883442265795	0.27628865979381445	122.0	158.0	73.0	47.0	83.0	35.0
subimage_E7	11119	0.3273809523809524	0.3927727987245677	0.1360759493670886	0.35	0.46174142480211083	0.18654434250764526	0.36764705882352944	0.5084745762711864	0.26587023443049973	122.0	160.0	65.0	56.0	95.0	39.0
subimage_D7	5226	0.3351099480919514	0.3902567664917156	0.1613883411699277	0.35376044568245124	0.4486645002774035	0.19669860587620908	0.3681159420289855	0.4796511627906977	0.266839378238342	127.0	160.0	71.0	55.0	89.0	33.0
subimage_C7	5624	0.3395225464190981	0.38683825857028475	0.14869888923692262	0.3555045871559633	0.45652173913043476	0.18902439024390244	0.37228260869565216	0.48220064724919093	0.264641320416364	130.0	166.0	68.0	59.0	95.0	37.0
subimage_B7	11579	0.3367583022926394	0.3867029204431017	0.1456953642384106	0.35323383084577115	0.4597014925373134	0.1871508379888268	0.36890243902439024	0.4953271028037383	0.26509782868050585	123.0	160.0	65.0	57.0	94.0	37.0
subimage_A7	1629	0.34105960264900664	0.37815979183551596	0.2233992710286988	0.35697940503432496	0.4010416666666667	0.24338624338624337	0.3671497584541063	0.4166666666666667	0.2721110424490184	142.0	158.0	95.0	45.0	62.0	17.0
subimage_H8	10309	0.3342333894952751	0.37310260131740536	0.134185303514377	0.3505747126436782	0.45224719101123595	0.19672131147540983	0.36875813449023864	0.5066225165562914	0.2816195918367347	122.0	159.0	69.0	54.0	90.0	36.0
subimage_G8	11043	0.33737864077669905	0.3961352657004831	0.1308411214953271	0.3539325842696629	0.4583333333333333	0.1875	0.3706896551724138	0.5061349693251533	0.2605449549832197	125.0	165.0	66.0	59.0	97.0	38.0
subimage_F8	4599	0.3448275862068966	0.3952483801295896	0.15692307692307692	0.3584905660377358	0.4535809018567639	0.18848167539267016	0.3676148796498906	0.48148148148148145	0.2540158836990173	131.0	165.0	69.0	61.0	96.0	35.0
subimage_E8	3847	0.3305084745762712	0.38292011019283745	0.1981409055855459	0.3554913294797688	0.4175257731958763	0.22865853658536586	0.3757937889159608	0.4426594967108698	0.2732263685204008	123.0	145.0	80.0	40.0	63.0	22.0
subimage_D8	4834	0.33926989150090414	0.3882141236957508	0.18048509064780982	0.35014005602240894	0.42776203966005666	0.22133333333333333	0.36561224793733055	0.4608780665533155	0.26666666666666666	133.0	162.0	84.0	49.0	78.0	29.0
subimage_C8	6000	0.3504264747092616	0.40280867811605514	0.1267460646230323	0.3710843373493976	0.4624277456647399	0.16473988439306358	0.3859244592062681	0.5015873015873016	0.2443273842283199	150.0	182.0	64.0	76.0	112.0	34.0
subimage_B8	2077	0.3318898229512139	0.38495575221238937	0.12013733905579399	0.3446601941747573	0.4429530201342282	0.2116564417177914	0.36363636363636365	0.5265306122448979	0.2764760412087387	114.0	148.0	70.0	44.0	76.0	33.0
subimage_A8	2519	0.3300970873786408	0.38586128889869786	0.2186417424112502	0.34818941504178275	0.4141689373297003	0.23782234957020057	0.36428571428571427	0.42996742671009774	0.2727272727272727	122.0	146.0	83.0	38.0	60.0	23.0
subimage_H9	14566	0.34210526315789475	0.35327373434850073	0.13479623824451412	0.3581267217630854	0.47043010752688175	0.17084342633850694	0.3724257022323978	0.5031446540880503	0.2798619602976158	128.0	169.0	61.0	65.0	105.0	40.0
subimage_G9	6440	0.3372093023255814	0.38747113062181554	0.16216216216216217	0.35714285714285715	0.4470284237726098	0.19444444444444445	0.3684210526315789	0.4757834757834758	0.267223382045929	134.0	168.0	73.0	60.0	94.0	33.0
subimage_F9	8004	0.3359004174120453	0.3976511627906977	0.1407185628742515	0.35127478753541075	0.46368715083798884	0.18513757973912215	0.36768802228412256	0.49846953657962834	0.259166637969627	123.0	162.0	63.0	57.0	95.0	39.0
subimage_E9	5342	0.3451086956521739	0.35616866438356165	0.175	0.3587570621468927	0.4269005847953216	0.2154696132596685	0.3786127167630058	0.45179063360881544	0.2901651450314626	133.0	157.0	78.0	51.0	76.0	25.0
subimage_D9	4440	0.34482364981892616	0.39562838434197656	0.14743087372397717	0.3573487031700288	0.4553072625698324	0.1875	0.372751103371387	0.4829773755656109	0.25576762582096596	127.0	161.0	66.0	60.0	95.0	35.0
subimage_C9	6289	0.3449367088607595	0.3944478774382353	0.09689922480620156	0.35751295336787564	0.45170454545454547	0.19197707736389685	0.38095238095238093	0.5247795485802119	0.2525151515151515	123.0	156.0	67.0	58.0	91.0	34.0
subimage_B9	1473	0.34795001201634224	0.3511968235961429	0.2185430463576159	0.3576158940397351	0.39473684210526316	0.24738675958188153	0.3832551724137929	0.4191827430165697	0.287463768115942	114.0	128.0	79.0	36.0	47.0	13.0
subimage_A9	2442	0.33626126126126127	0.36538461538461536	0.2102118290797536	0.37383177570093457	0.3994671642638211	0.22809038725846875	0.3848036304783196	0.4289850955204216	0.27199918200409	155.0	163.0	93.0	60.0	68.0	10.0
subimage_H10	11116	0.3333333333333333	0.3882802132962497	0.15651344175240625	0.35	0.45535714285714285	0.1924198250728863	0.36757598720215545	0.4892966360856269	0.2707216008624175	123.0	159.0	67.0	52.0	89.0	36.0
subimage_G10	7122	0.3311269134730214	0.38954869358669836	0.140625	0.35294117647058826	0.458041958041958	0.1917808219178082	0.36639118457300274	0.4968934394409938	0.27058341369334615	121.0	160.0	63.0	56.0	91.0	36.0
subimage_F10	2581	0.3430232558139535	0.3555956678700361	0.19528619528619529	0.3538011695906433	0.4214876033057851	0.2247191011235955	0.37888198757763975	0.43452380952380953	0.28286852589641437	126.0	151.0	80.0	45.0	69.0	24.0
subimage_E10	4647	0.3393870903017928	0.3874534205160655	0.16878980891719744	0.3546666666666667	0.4373259052924791	0.20916905444126074	0.36896838170396135	0.46511627906976744	0.266384778012685	131.0	163.0	78.0	54.0	85.0	31.0
subimage_D10	1582	0.3447413793103448	0.3602779853280805	0.21519961051606623	0.35526315789473684	0.4028985507246377	0.24279303403571625	0.36858882783882785	0.4276315789473684	0.2826086956521739	115.0	132.0	77.0	36.0	53.0	16.0
subimage_C10	5497	0.33229813664596275	0.3443106377602978	0.16556291390728478	0.34824281150159747	0.44321329639889195	0.21052631578947367	0.3639071349727666	0.4795440983410908	0.2962382445141066	123.0	158.0	74.0	47.0	81.0	34.0
subimage_B10	10524	0.3368725715869308	0.3916724270353303	0.13595166163141995	0.35492957746478876	0.45595854922279794	0.1878110684660146	0.3700564971751412	0.5015290519877675	0.2640987714802533	125.0	165.0	67.0	61.0	99.0	37.0
subimage_A10	4593	0.33962264150943394	0.3866134663341646	0.1881901655189078	0.35694050991501414	0.4275184275184275	0.2103960396039604	0.3743718592964824	0.4537037037037037	0.26388429844974304	134.0	159.0	80.0	51.0	81.0	24.0
subimage_H11	1384	0.34584450402144773	0.34844357499918316	0.22456057116536157	0.35861524214196216	0.39090909090909093	0.24846602672689627	0.3782290562036055	0.41476746921810054	0.2923248813570192	119.0	132.0	81.0	37.0	47.0	12.0
subimage_G11	1101	0.34317343173431736	0.35607675906183367	0.20284697508896798	0.3558823529411765	0.41509433962264153	0.22972972972972974	0.38267148014440433	0.4300341296928328	0.2830188679245283	109.0	128.0	71.0	39.0	57.0	18.0
subimage_F11	2334	0.34282569631626236	0.35496432579765913	0.1957780653510191	0.3597560975609756	0.40397350993377484	0.2367601246105919	0.3888888888888889	0.4295774647887324	0.28297540690851575	110.0	125.0	72.0	38.0	52.0	15.0
subimage_E11	1425	0.34077066894825236	0.34667794221282594	0.21894215884566276	0.35987261146496813	0.38549618320610685	0.24857142857142858	0.3857955333610764	0.4207618777657045	0.2916666666666667	128.0	145.0	87.0	39.0	46.0	9.0
subimage_D11	5741	0.3374233128834356	0.3903966597077244	0.17880794701986755	0.3488372093023256	0.4383954154727794	0.21329639889196675	0.3651226158038147	0.46366782006920415	0.26433915211970077	124.0	154.0	75.0	47.0	78.0	31.0
subimage_C11	1659	0.3367822776779105	0.3588362491527038	0.2	0.3560371517027864	0.4104938271604938	0.23460410557184752	0.3821761914003917	0.4340962937891352	0.2842473570689338	116.0	135.0	78.0	40.0	58.0	19.0
subimage_B11	2858	0.3542979538502658	0.34338358458961477	0.22318840579710145	0.36540565561353305	0.38323434280649654	0.2530715497515592	0.38543516873889877	0.4065983715080101	0.29735205848403234	153.0	161.0	105.0	48.0	54.0	7.0
subimage_A11	3139	0.33085858585858585	0.3828674455165481	0.1977335435553804	0.35175879396984927	0.4263157894736842	0.2236842105263158	0.36261508761508765	0.451524926686217	0.2767004058481248	131.0	158.0	82.0	46.0	75.0	28.0
subimage_H12	9766	0.3373134328358209	0.3076923076923077	0.14461538461538462	0.35265652486455845	0.45806451612903226	0.19090909090909092	0.36684782608695654	0.49508196721311476	0.33405567461584057	119.0	156.0	64.0	54.0	90.0	36.0
subimage_G12	1269	0.335283827816841	0.3508771929824561	0.21933575646486633	0.3474025974025974	0.40625	0.24545454545454545	0.38549430384585975	0.4240096677727254	0.2872056968115818	117.0	136.0	81.0	34.0	53.0	20.0
subimage_F12	12594	0.3386536919414992	0.39443155452436196	0.1511887636857668	0.3542319749216301	0.46107784431137727	0.18484848484848485	0.36935465616370133	0.48742138364779874	0.25781908885542165	122.0	159.0	63.0	57.0	94.0	36.0
subimage_E12	5945	0.3334798534798534	0.343801652892562	0.14754098360655737	0.352	0.4415954415954416	0.2103825136612022	0.37347170567668087	0.49657061880018893	0.2920296236411671	122.0	154.0	73.0	50.0	80.0	32.0
subimage_D12	13077	0.33946885562530177	0.40432932469935245	0.1360759493670886	0.3577023498694517	0.4701086956521739	0.17041800643086816	0.37249283667621774	0.5	0.25055556972030285	123.0	161.0	57.0	63.0	100.0	38.0
subimage_C12	6363	0.33125	0.3925925925925926	0.12080536912751678	0.3515358361774744	0.46726190476190477	0.18275862068965518	0.3723371522094926	0.5134022988505746	0.2671336064490551	113.0	150.0	57.0	52.0	88.0	37.0
subimage_B12	6828	0.34339416384079957	0.39167786236751756	0.15993794749403342	0.3648804693839336	0.43980269536552263	0.19433949669581468	0.38823529411764707	0.46166191832858494	0.25767494764208854	146.0	169.0	75.0	64.0	93.0	28.0
subimage_A12	5890	0.3311036789297659	0.39424206668005624	0.15	0.34615384615384615	0.46464646464646464	0.18957246507165557	0.3592054685952051	0.4981132075471698	0.2661355240962569	107.0	143.0	58.0	48.0	83.0	36.0