subimage	all_plant_pixels	ratio_r_q5	ratio_g_q5	ratio_b_q5	ratio_r_median	ratio_g_median	ratio_b_median	ratio_r_q95	ratio_g_q95	ratio_b_q95	pix_r_median	pix_g_median	pix_b_median	diff_rb_median	diff_gb_median	diff_gr_median
subimage_H1	8499	0.33043478260869563	0.3880597014925373	0.2	0.34121621621621623	0.43278688524590164	0.22508038585209003	0.35235218919782674	0.4536082474226804	0.2727272727272727	107.0	136.0	70.0	36.0	65.0	29.0
subimage_G1	5691	0.33532934131736525	0.3891625615763547	0.1927688651218063	0.3467741935483871	0.42696629213483145	0.22636103151862463	0.35988200589970504	0.4506578947368421	0.2691358024691358	119.0	146.0	78.0	41.0	69.0	27.0
subimage_F1	6896	0.3303030303030303	0.3908355795148248	0.20604047115675023	0.3377926421404682	0.42857142857142855	0.23384615384615384	0.35152032268073224	0.44805194805194803	0.27201470588235294	111.0	140.0	76.0	34.0	63.0	30.0
subimage_E1	6569	0.32989690721649484	0.3863080684596577	0.2	0.3409090909090909	0.4406779661016949	0.2182890855457227	0.3546987007899719	0.4588235294117647	0.27383829197522835	106.0	136.0	67.0	37.0	68.0	30.0
subimage_D1	7218	0.3282125362629001	0.39117199243875844	0.20068027210884354	0.3395638629283489	0.43521594684385384	0.2256182485223181	0.3537443389612112	0.4539249146757679	0.27000343249427916	109.0	138.0	71.0	36.0	66.0	30.0
subimage_C1	6530	0.33518701929772976	0.3866995073891626	0.19207317073170732	0.3458329148349314	0.4289772727272727	0.22507122507122507	0.359375	0.4533762057877814	0.2720763723150358	120.0	150.0	79.0	42.0	71.0	29.0
subimage_B1	6278	0.32970417263895524	0.3909199544909631	0.21753246753246752	0.3413333333333333	0.42473118279569894	0.23389830508474577	0.351813922356091	0.4383116883116883	0.2704351740696278	117.0	145.0	81.0	36.0	64.0	29.0
subimage_A1	8199	0.3333333333333333	0.3076923076923077	0.19463087248322147	0.34285714285714286	0.43130990415335463	0.22818791946308725	0.36201031804524064	0.4564459930313589	0.3321616871704745	110.0	139.0	73.0	36.0	65.0	29.0
subimage_H2	5947	0.32941176470588235	0.3959573877190609	0.2263151913381271	0.33636363636363636	0.42565597667638483	0.23780487804878048	0.3440514469453376	0.43521594684385384	0.2681218683407245	111.0	140.0	78.0	32.0	61.0	29.0
subimage_G2	5493	0.3322324707116629	0.3912618262995642	0.19882346816596386	0.34523809523809523	0.42729970326409494	0.22713864306784662	0.3583526011560693	0.44761904761904764	0.26941585634182696	119.0	148.0	79.0	40.0	68.0	28.0
subimage_F2	7791	0.33429394812680113	0.3843699104234528	0.20052770448548812	0.3489010989010989	0.4297994269340974	0.2193877551020408	0.36147757255936674	0.4462453154005114	0.273913721929837	129.0	158.0	81.0	45.0	75.0	29.0
subimage_E2	5833	0.3373493975903614	0.38095238095238093	0.1886022241231822	0.34591194968553457	0.4265927977839335	0.22740524781341107	0.3641025641025641	0.4523076923076923	0.27872340425531916	135.0	162.0	85.0	43.0	73.0	27.0
subimage_D2	8030	0.3287671232876712	0.39370934611434444	0.20382165605095542	0.33775715090883474	0.4338461538461538	0.22866373928244402	0.3494164156626506	0.4512987012987013	0.26865671641791045	110.0	141.0	73.0	35.0	65.0	31.0
subimage_C2	7479	0.33236994219653176	0.38221153846153844	0.19863013698630136	0.34195402298850575	0.4265536723163842	0.23423423423423423	0.3586626139817629	0.4504792332268371	0.27684964200477324	116.0	145.0	79.0	36.0	65.0	29.0
subimage_B2	4785	0.3343558282208589	0.3851185992059452	0.19543973941368079	0.34844192634560905	0.4241573033707865	0.23013698630136986	0.36227544910179643	0.446875	0.2700690893477497	122.0	148.0	81.0	42.0	69.0	27.0
subimage_A2	7585	0.3323943661971831	0.38422642550044495	0.19865319865319866	0.3408450704225352	0.43103448275862066	0.22784810126582278	0.35313531353135313	0.4536082474226804	0.27621483375959077	110.0	139.0	73.0	36.0	65.0	29.0
subimage_H3	7364	0.3333333333333333	0.3894230769230769	0.21630260788367905	0.3382352941176471	0.43209876543209874	0.22929936305732485	0.34615384615384615	0.44554455445544555	0.2712204189318836	109.0	139.0	73.0	34.0	64.0	30.0
subimage_G3	10387	0.331306990881459	0.38860488380444264	0.20660339836931305	0.3371757925072046	0.42507645259938837	0.23668639053254437	0.35312221810089023	0.45134291778260643	0.26971316215591024	112.0	140.0	78.0	33.0	62.0	29.0
subimage_F3	10772	0.3288409703504043	0.39411918075711183	0.21270323599052882	0.3395061728395062	0.430635838150289	0.22857142857142856	0.35526315789473684	0.4440894568690096	0.27008032455683	117.0	148.0	79.0	37.0	69.0	31.0
subimage_E3	11548	0.3341902313624679	0.382830626450116	0.1856840390879479	0.347682119205298	0.4383116883116883	0.2114749482939718	0.3654970760233918	0.4626334519572954	0.2761904761904762	118.0	147.0	70.0	42.0	72.0	28.0
subimage_D3	8927	0.3392977528089888	0.3885103143792342	0.1727707930367505	0.35074626865671643	0.4262295081967213	0.22330097087378642	0.3706896551724138	0.4634146341463415	0.2653061224489796	131.0	158.0	83.0	47.0	75.0	27.0
subimage_C3	7133	0.3345950427399297	0.3974225774225774	0.20397894736842104	0.34269662921348315	0.43037974683544306	0.22686567164179106	0.3576158940397351	0.4456140350877193	0.2569060773480663	117.0	147.0	77.0	39.0	69.0	30.0
subimage_B3	7076	0.33236994219653176	0.38198757763975155	0.19600132124426745	0.3452685421994885	0.4220430107526882	0.23351648351648352	0.36666666666666664	0.4472843450479233	0.27257742257742257	121.0	148.0	82.0	39.0	66.0	27.0
subimage_A3	3211	0.3333333333333333	0.38826563065141745	0.1897348235385271	0.3468208092485549	0.4222222222222222	0.22888283378746593	0.36386841165199885	0.4492737082382237	0.2717813409106285	119.0	146.0	80.0	42.0	68.0	26.0
subimage_H4	7007	0.3303303303303303	0.39012345679012345	0.21993127147766323	0.3373134328358209	0.42727272727272725	0.23548387096774193	0.3448275862068966	0.4417808219178082	0.27202012383900925	108.0	137.0	75.0	32.0	61.0	29.0
subimage_G4	11692	0.3308142028073987	0.39735263157894735	0.2037421383647799	0.33916083916083917	0.430635838150289	0.22929936305732485	0.3493044568782558	0.4548611111111111	0.2622478386167147	113.0	143.0	76.0	36.0	66.0	30.0
subimage_F4	9930	0.329073482428115	0.39325842696629215	0.20909090909090908	0.33810888252148996	0.4323529411764706	0.22875816993464052	0.3502994011976048	0.4489795918367347	0.2676438385573207	113.0	144.0	76.0	36.0	68.0	31.0
subimage_E4	8622	0.3323442136498516	0.38255427419100735	0.20195601527277435	0.3414043583535109	0.42592592592592593	0.23323615160349853	0.3608815426997245	0.4463059921736659	0.27423167848699764	119.0	148.0	81.0	36.0	66.0	28.0
subimage_D4	8591	0.33433734939759036	0.38137472283813745	0.18661971830985916	0.34688346883468835	0.43312101910828027	0.22044728434504793	0.365625	0.45454545454545453	0.2767857142857143	117.0	146.0	74.0	42.0	71.0	27.0
subimage_C4	7414	0.33867276887871856	0.38308457711442784	0.20121951219512196	0.346031746031746	0.43731778425655976	0.21621621621621623	0.3548657847915216	0.4501510574018127	0.2743362831858407	119.0	151.0	75.0	44.0	75.0	31.0
subimage_B4	7474	0.339530565665289	0.39657512626262625	0.21004943332529538	0.3463541666666667	0.4273743016759777	0.22666666666666666	0.3533487297921478	0.439873417721519	0.2598018508147318	125.0	155.0	82.0	43.0	72.0	29.0
subimage_A4	5099	0.3324175824175824	0.38935350140056024	0.1972318339100346	0.3453038674033149	0.42433234421364985	0.2303206997084548	0.3610223642172524	0.445578231292517	0.2722093930289854	117.0	144.0	79.0	38.0	65.0	26.0
subimage_H5	8280	0.3244047619047619	0.3888888888888889	0.21241830065359477	0.3333333333333333	0.42857142857142855	0.23893921903232285	0.3475177304964539	0.4456140350877193	0.2765957446808511	103.0	132.0	73.0	29.0	58.0	29.0
subimage_G5	9501	0.3374384236453202	0.38716814159292035	0.15838509316770186	0.3467048710601719	0.421195652173913	0.23294117647058823	0.3753581661891118	0.46551724137931033	0.2688679245283019	124.0	151.0	83.0	40.0	67.0	26.0
subimage_F5	10448	0.3342541436464088	0.3878048780487805	0.21084337349397592	0.34293193717277487	0.42165242165242167	0.2342857142857143	0.35340314136125656	0.4435028248587571	0.2727272727272727	124.0	154.0	84.0	40.0	68.0	28.0
subimage_E5	8094	0.3352941176470588	0.38202247191011235	0.19642857142857142	0.34688346883468835	0.4301369863013699	0.22093023255813954	0.3609467455621302	0.4528301886792453	0.27820665206964856	122.0	151.0	78.0	43.0	73.0	29.0
subimage_D5	7119	0.32775839720919814	0.38940092165898615	0.2088607594936709	0.3392330383480826	0.4301994301994302	0.22910216718266255	0.3567708333333333	0.4459016393442623	0.2744720635867712	117.0	148.0	78.0	37.0	68.0	30.0
subimage_C5	7948	0.3391304347826087	0.39036144578313253	0.2031423611111111	0.3467048710601719	0.43478260869565216	0.21893491124260356	0.3560371517027864	0.44654088050314467	0.26540284360189575	122.0	153.0	77.0	45.0	75.0	31.0
subimage_B5	5475	0.33733860816399924	0.38516746411483255	0.19384615384615383	0.3475609756097561	0.42686567164179107	0.22564102564102564	0.36694677871148457	0.4454022988505747	0.2703503295890918	128.0	158.0	83.0	45.0	74.0	29.0
subimage_A5	7806	0.33159607137542446	0.3802994288147018	0.19661016949152543	0.34097056657698843	0.4263803680981595	0.2328767123287671	0.35335100117785634	0.4568345323741007	0.27941176470588236	111.0	139.0	75.0	34.0	62.0	28.0
subimage_H6	13600	0.324625030584781	0.39813602869885595	0.21122112211221122	0.33544303797468356	0.4306569343065693	0.23355263157894737	0.346875	0.4482758620689655	0.2703488372093023	105.0	135.0	72.0	32.0	62.0	30.0
subimage_G6	12097	0.32653061224489793	0.396363537459372	0.20783132530120482	0.3365695792880259	0.4316109422492401	0.23174603174603176	0.34911242603550297	0.4485049833887043	0.27028445768603243	111.0	143.0	75.0	34.0	66.0	31.0
subimage_F6	6669	0.3342391304347826	0.38521637426900585	0.20699609615779743	0.3439153439153439	0.42077922077922075	0.23480662983425415	0.3564102564102564	0.44144144144144143	0.27534954989465615	131.0	160.0	87.0	41.0	70.0	28.0
subimage_E6	6675	0.33410672853828305	0.3863080684596577	0.2139946256307151	0.34110787172011664	0.4318840579710145	0.22686567164179106	0.3485714285714286	0.44369278755961394	0.27635719581514123	116.0	147.0	77.0	38.0	69.0	30.0
subimage_D6	4304	0.33815028901734107	0.38349514563106796	0.20130191590587632	0.3464052287581699	0.42587601078167114	0.22777777777777777	0.3649365254698556	0.4448051948051948	0.2702702702702703	125.0	153.0	82.0	42.0	71.0	27.0
subimage_C6	5476	0.34046352583586625	0.3829198454471977	0.18404375426039538	0.3514285714285714	0.428169014084507	0.22023809523809523	0.366688654353562	0.4539067605838356	0.2737819025522042	126.0	153.0	77.0	46.0	73.0	26.0
subimage_B6	7675	0.3281126968503937	0.38920454545454547	0.21364985163204747	0.33986928104575165	0.4277286135693215	0.23184357541899442	0.352	0.44339622641509435	0.27298850574712646	113.0	141.0	76.0	35.0	63.0	29.0
subimage_A6	7343	0.326984126984127	0.3887474283856202	0.2153392330383481	0.3398328690807799	0.4246575342465753	0.23626373626373626	0.35119047619047616	0.43902439024390244	0.2737752161383285	115.0	141.0	79.0	33.0	60.0	28.0
subimage_H7	13018	0.33088235294117646	0.3894129767291532	0.20300751879699247	0.33852140077821014	0.43312101910828027	0.22857142857142856	0.3512658227848101	0.4541984732824427	0.26790450928381965	105.0	134.0	70.0	34.0	63.0	29.0
subimage_G7	11637	0.3252532051619146	0.3931835622238099	0.20430107526881722	0.3371757925072046	0.4309210526315789	0.2324159021406728	0.3493150684931507	0.4536741214057508	0.27055702917771884	107.0	137.0	72.0	33.0	63.0	30.0
subimage_F7	7600	0.33130605851530015	0.3870967741935484	0.2181208053691275	0.3378684807256236	0.4247787610619469	0.23768115942028986	0.3462691397382022	0.44039735099337746	0.2717678100263852	115.0	144.0	81.0	34.0	63.0	30.0
subimage_E7	5548	0.33186181075561605	0.3907128131266063	0.21895424836601307	0.3391304347826087	0.4281437125748503	0.2328767123287671	0.34523809523809523	0.43947501818261964	0.2720871954265416	118.0	149.0	81.0	37.0	67.0	31.0
subimage_D7	3881	0.3371757925072046	0.3825503355704698	0.2022792022792023	0.35	0.42349726775956287	0.22282608695652173	0.3712737127371274	0.44144144144144143	0.2741228070175439	129.0	156.0	82.0	46.0	74.0	25.0
subimage_C7	3575	0.34269662921348315	0.3783793294123561	0.20754716981132076	0.3575418994413408	0.4109195402298851	0.22969187675070027	0.3778337531486146	0.4289772727272727	0.2727272727272727	135.0	157.0	86.0	46.0	69.0	19.0
subimage_B7	3197	0.3396825396825397	0.3610200574387839	0.23764820926537097	0.3550488599348534	0.3881019830028329	0.2571428571428571	0.37066302755957925	0.4099503105590062	0.28	111.0	123.0	82.0	30.0	41.0	11.0
subimage_A7	4330	0.3375796178343949	0.3805970149253731	0.20120944114846553	0.34593023255813954	0.41823477835668643	0.23586472763743496	0.3695652173913043	0.43767754626841704	0.2750541534431515	118.0	142.0	79.0	36.0	60.0	24.0
subimage_H8	3713	0.3324396782841823	0.3910839115407604	0.21388246628131022	0.3415977961432507	0.4207492795389049	0.239067055393586	0.35674157303370785	0.43258426966292135	0.2695214105793451	120.0	147.0	83.0	35.0	63.0	27.0
subimage_G8	5884	0.3352795403875836	0.3908698661744347	0.2188449848024316	0.34146341463414637	0.4269340974212034	0.23180592991913745	0.34730317689743667	0.438871473354232	0.2675	119.0	149.0	81.0	38.0	68.0	30.0
subimage_F8	6790	0.33889485547600107	0.38105263157894737	0.19938650306748465	0.3452054794520548	0.4161763178844623	0.23822714681440443	0.36189292291502234	0.4422227627387016	0.27705627705627706	131.0	156.0	88.0	39.0	66.0	25.0
subimage_E8	6777	0.3333333333333333	0.3923444976076555	0.2214765100671141	0.3391812865497076	0.4265129682997118	0.23423423423423423	0.3460410557184751	0.4373470948012232	0.26888407067398623	115.0	145.0	79.0	35.0	65.0	29.0
subimage_D8	3737	0.33810888252148996	0.3724734360076409	0.22428773718493344	0.34705882352941175	0.407514450867052	0.24561403508771928	0.3695652173913043	0.4186746987951807	0.27470953119408326	120.0	141.0	85.0	35.0	56.0	21.0
subimage_C8	2528	0.34574468085106386	0.3646288209606987	0.2072406867649831	0.3619791666666667	0.4030612244897959	0.23705722070844687	0.376634201982978	0.42091152815013405	0.2752334560150105	141.0	157.0	91.0	47.0	63.0	16.0
subimage_B8	5019	0.3442211055276382	0.3803390122182068	0.2030257801899593	0.353887399463807	0.4298780487804878	0.21680216802168023	0.3654390934844193	0.4402332361516035	0.26972483578909995	126.0	153.0	77.0	48.0	75.0	27.0
subimage_A8	6538	0.33827893175074186	0.38095238095238093	0.1864406779661017	0.34662576687116564	0.425531914893617	0.22929936305732485	0.36454849498327757	0.4539249146757679	0.27276021080368895	115.5	142.0	76.0	38.0	65.0	25.0
subimage_H9	6432	0.33089219264348074	0.3876284811943727	0.21935483870967742	0.3422459893048128	0.42209631728045327	0.2346368715083799	0.35605782216056814	0.43870967741935485	0.27228259572945246	119.0	146.0	82.0	37.0	65.0	28.0
subimage_G9	9272	0.3302752293577982	0.3875	0.2082018927444795	0.33827893175074186	0.42724458204334365	0.23546511627906977	0.3510971786833856	0.44759792626728107	0.2731829573934837	111.0	140.0	77.0	33.0	62.0	29.0
subimage_F9	7075	0.3304093567251462	0.38657407407407407	0.2122905027932961	0.3438320209973753	0.4263959390862944	0.2292817679558011	0.35609756097560974	0.44166666666666665	0.27427970810878816	130.0	161.0	86.0	42.0	73.0	31.0
subimage_E9	5116	0.33035714285714285	0.39392152658662094	0.21739130434782608	0.34523809523809523	0.42329545454545453	0.2318840579710145	0.35475578406169667	0.4353419601278997	0.26368956311395614	123.0	151.0	82.0	40.0	68.0	27.0
subimage_D9	6283	0.33810888252148996	0.3819951338199513	0.21141131351869608	0.34656084656084657	0.41621621621621624	0.23823529411764705	0.36768392593806326	0.42901234567901236	0.2678091922167751	125.0	149.0	86.0	39.0	64.0	25.0
subimage_C9	2302	0.3390829585207396	0.3367003367003367	0.2349570200573066	0.35691318327974275	0.359375	0.28	0.3785445280271778	0.4088050314465409	0.30246913580246915	118.0	119.0	91.0	28.0	26.0	0.0
subimage_B9	2745	0.35054972513743127	0.33429562361772	0.22756906935408722	0.3627450980392157	0.3630573248407643	0.27492447129909364	0.37998784194528873	0.40839339339339337	0.29411764705882354	122.0	121.0	89.0	31.0	29.0	1.0
subimage_A9	6517	0.3400576368876081	0.3862033689037834	0.20329156824483927	0.3605263157894737	0.41898148148148145	0.21951219512195122	0.3756218905472637	0.4365781710914454	0.2648117839607201	143.0	163.0	89.0	52.0	76.0	23.0
subimage_H10	6595	0.32996632996632996	0.3844322407381903	0.21428571428571427	0.33727810650887574	0.4245810055865922	0.23765432098765432	0.34782608695652173	0.4444444444444444	0.27970297029702973	115.0	145.0	81.0	34.0	63.0	30.0
subimage_G10	6884	0.33217993079584773	0.39359706048325044	0.21557728293413175	0.3390804597701149	0.4305555555555556	0.2303206997084548	0.34615384615384615	0.4423076923076923	0.26913370405343967	115.0	145.0	78.0	36.0	67.0	30.0
subimage_F10	3480	0.3340327524452404	0.3832923832923833	0.20761195086909892	0.3458646616541353	0.42209631728045327	0.23076923076923078	0.36253776435045315	0.4380190257421787	0.27930379450434945	132.0	160.0	88.0	44.0	72.0	28.0
subimage_E10	6782	0.33418367346938777	0.38	0.19877675840978593	0.34405542644296583	0.42063492063492064	0.23609269083407014	0.3620689655172414	0.44333333333333336	0.2786516853932584	125.0	152.0	85.0	39.0	67.0	26.0
subimage_D10	2625	0.3457757939275585	0.37410410495133306	0.22797927461139897	0.3518987341772152	0.41089108910891087	0.23626373626373626	0.37362637362637363	0.4206304991820312	0.2706476335766953	138.0	161.0	92.0	45.0	69.0	23.0
subimage_C10	4683	0.33695652173913043	0.3786407766990291	0.2198952879581152	0.3485254691689008	0.405	0.24778761061946902	0.3736432637571157	0.41798941798941797	0.26861702127659576	128.0	147.0	89.0	36.0	56.0	21.0
subimage_B10	2053	0.33439703003438587	0.3584729833057219	0.24096385542168675	0.34545454545454546	0.4006849315068493	0.2536443148688047	0.3724575452276718	0.41313270894109216	0.2812002652519894	118.0	138.0	86.0	31.0	49.0	19.0
subimage_A10	5956	0.3343949044585987	0.3789398710451342	0.22426470588235295	0.3467048710601719	0.41414141414141414	0.23850574712643677	0.36503856041131105	0.425531914893617	0.27147052384080117	113.0	133.0	77.0	35.0	55.0	22.0
subimage_H11	9872	0.32729850046860354	0.3924050632911392	0.20754716981132076	0.33682836333653976	0.4329268292682927	0.23176705560811522	0.34818941504178275	0.45016077170418006	0.2711864406779661	110.0	141.0	73.0	34.0	64.0	31.0
subimage_G11	10751	0.3242833742833743	0.39641885172973257	0.21036585365853658	0.3355048859934853	0.4294294294294294	0.23492063492063492	0.3472626833343128	0.44871794871794873	0.27097621534874566	108.0	139.0	75.0	32.0	63.0	30.0
subimage_F11	6449	0.3303834808259587	0.39283775603850585	0.20432451437109958	0.34017595307917886	0.43260188087774293	0.2265193370165746	0.35714285714285715	0.44648318042813456	0.26971609144324293	117.0	148.0	77.0	38.0	70.0	31.0
subimage_E11	5684	0.3352112676056338	0.3859771521827825	0.2	0.34656084656084657	0.4254742547425474	0.22873120359393523	0.35735605922925806	0.44745762711864406	0.27360432180547306	123.0	151.0	82.0	42.0	71.0	28.0
subimage_D11	4992	0.3362976717235567	0.3698309075342466	0.20852093223996548	0.35106382978723405	0.4131578947368421	0.2398843930635838	0.3780487804878049	0.4295746973967832	0.27229424741218394	125.0	147.0	85.0	39.0	62.0	23.0
subimage_C11	3574	0.3362741292759924	0.35746933034204015	0.22321428571428573	0.35097493036211697	0.40057636887608067	0.25227963525835867	0.37658227848101267	0.415929203539823	0.27782602701957543	124.0	140.0	87.0	35.0	51.0	18.0
subimage_B11	2156	0.3401097318248481	0.3589463053358021	0.21903023983315956	0.3516346496396372	0.40771349862258954	0.24048776866253388	0.37858443772766026	0.4224137931034483	0.27850877192982454	128.0	150.0	88.0	40.0	61.0	20.0
subimage_A11	3613	0.33692335932141165	0.3645695872333896	0.20446809268738791	0.35502958579881655	0.41333333333333333	0.23278688524590163	0.38054069276260205	0.4359287054409005	0.2738416400225691	112.0	131.0	72.0	38.0	56.0	19.0
subimage_H12	7578	0.32193439487960035	0.3866608527131783	0.21725239616613418	0.3344155844155844	0.4152542372881356	0.25163398692810457	0.3492063492063492	0.43661971830985913	0.2807638769625699	108.0	133.0	80.0	26.0	51.0	26.0
subimage_G12	3605	0.3408378243738961	0.3829372080954852	0.20978330506877707	0.3475783475783476	0.42209631728045327	0.23035230352303523	0.3672905702843147	0.4318181818181818	0.2690181574472838	125.0	151.0	82.0	42.0	68.0	26.0
subimage_F12	5904	0.3324324324324324	0.3888888888888889	0.2261904761904762	0.34269662921348315	0.4186046511627907	0.23756906077348067	0.3515625	0.4308176100628931	0.27170179547228723	122.0	150.0	85.0	36.0	64.0	27.0
subimage_E12	7438	0.3343195266272189	0.3914209115281501	0.21895424836601307	0.3398784607475949	0.42990654205607476	0.23008849557522124	0.34626865671641793	0.43986254295532645	0.26841572478438996	113.0	142.0	76.0	36.0	65.0	29.0
subimage_D12	6743	0.3343558282208589	0.38578680203045684	0.2	0.34328358208955223	0.4260869565217391	0.2299168975069252	0.36337946282345235	0.44625407166123776	0.27106382453346173	121.0	149.0	80.0	39.0	69.0	28.0
subimage_C12	3304	0.3548387096774194	0.35373245716790486	0.22303921568627452	0.3657957244655582	0.37813211845102507	0.2529412416053504	0.3769230769230769	0.4119161341750344	0.2851485148514851	156.0	162.0	108.0	48.0	53.0	6.0
subimage_B12	2790	0.3333333333333333	0.3789308741940321	0.2238567337729955	0.3463855421686747	0.41025641025641024	0.24203821656050956	0.36768802228412256	0.4263803680981595	0.27376596980255513	117.0	140.0	82.0	35.0	56.0	22.0
subimage_A12	3345	0.33529760865770636	0.38832980138977874	0.22522522522522523	0.34177215189873417	0.4163934426229508	0.24148606811145512	0.3524714402208473	0.4308176100628931	0.2697432086532904	109.0	134.0	77.0	32.0	56.0	23.0