subimage	all_plant_pixels	ratio_r_q5	ratio_g_q5	ratio_b_q5	ratio_r_median	ratio_g_median	ratio_b_median	ratio_r_q95	ratio_g_q95	ratio_b_q95	pix_r_median	pix_g_median	pix_b_	diff_rb_median	diff_gb_median	diff_gr_median
subimage_H1	4641	0.3289902280130293	0.3944954128440367	0.2196969696969697	0.3362573099415205	0.4194528875379939	0.24545454545454545	0.3441295546558704	0.43902439024390244	0.271356783919598	104.0	130.0	76.0	28.0	53.0	25.0
subimage_G1	4467	0.3323353293413174	0.39468771929824564	0.21194029850746268	0.34294871794871795	0.4266666666666667	0.23100303951367782	0.351123595505618	0.44193548387096776	0.2645240281603918	116.0	145.0	78.0	38.0	67.0	29.0
subimage_F1	9856	0.3424242424242424	0.39169546850998466	0.19346049046321526	0.3569620253164557	0.4365079365079365	0.2066326530612245	0.3631578947368421	0.44686648501362397	0.2606303293644877	132.0	161.0	76.0	55.0	84.0	29.0
subimage_E1	6387	0.3402985074626866	0.3917840560321083	0.1895424836601307	0.3492063492063492	0.42813455657492355	0.2225705329153605	0.35785953177257523	0.45751633986928103	0.2637276561558546	119.0	145.0	77.0	44.0	71.0	27.0
subimage_D1	6194	0.33616533675311105	0.38733484723369116	0.2082873291272345	0.3483483483483483	0.42060052433229556	0.23123123123123124	0.3582554517133956	0.4411764705882353	0.2657353476519839	115.0	140.0	76.0	38.0	62.0	24.0
subimage_C1	10789	0.33811712807404504	0.3952254641909814	0.19220055710306408	0.35276073619631904	0.43922651933701656	0.20679886685552407	0.36141304347826086	0.45161290322580644	0.26107915073432314	123.0	151.0	72.0	49.0	79.0	29.0
subimage_B1	7307	0.3384615384615385	0.3948074403982185	0.20150989239847275	0.35079726651480636	0.4339622641509434	0.21543408360128619	0.35944770857814334	0.4444444444444444	0.26167497941988277	125.0	153.0	75.0	46.0	73.0	29.0
subimage_A1	3820	0.3298245614035088	0.30285656213705	0.210727969348659	0.3394495412844037	0.41839762611275966	0.24346377306903622	0.3757394172622318	0.4430379746835443	0.3016468911156765	105.0	130.0	76.0	30.0	54.0	25.0
subimage_H2	5489	0.33246753246753247	0.3927080373932925	0.20646683794842516	0.34139784946236557	0.41883116883116883	0.24169184290030213	0.3568904593639576	0.4402017177527381	0.26728980088687937	118.0	146.0	82.0	35.0	61.0	27.0
subimage_G2	13080	0.34065934065934067	0.39598913390859697	0.19289340101522842	0.357487922705314	0.4364508393285372	0.20597510784945702	0.3657957244655582	0.45150594317160614	0.25415676959619954	139.0	170.0	80.0	58.0	87.0	30.0
subimage_F2	2593	0.3415350987810004	0.37965260545905705	0.22254524177707194	0.3524804177545692	0.39751552795031053	0.25	0.37859913370259135	0.4083144656481288	0.27138549892318736	125.0	140.0	88.0	35.0	51.0	16.0
subimage_E2	12085	0.3389902786310578	0.39852049478535045	0.19230769230769232	0.34810126582278483	0.4365781710914454	0.21621621621621623	0.35816618911174786	0.45535714285714285	0.2560386473429952	121.0	152.0	74.0	45.0	74.0	30.0
subimage_D2	9945	0.3419089476739365	0.3948185148185148	0.19047619047619047	0.35127478753541075	0.4404432132963989	0.2077562326869806	0.36	0.45375722543352603	0.25784429196607056	125.0	157.0	73.0	50.0	81.0	31.0
subimage_C2	11582	0.3400581220465947	0.3972602739726027	0.19197707736389685	0.35103244837758113	0.4410958904109589	0.20689655172413793	0.3601190476190476	0.45321637426900585	0.2563481326068459	123.0	155.0	72.0	49.0	80.0	31.0
subimage_B2	9939	0.3384615384615385	0.393397406596579	0.18731021915311946	0.34576271186440677	0.4362017804154303	0.2184873949579832	0.35733333333333334	0.460431654676259	0.2616309193878781	115.0	147.0	71.0	42.0	72.0	29.0
subimage_A2	5108	0.3359315550672445	0.3894827462729324	0.20723684210526316	0.3448275862068966	0.4314868804664723	0.2235294117647059	0.35264019620840514	0.4461292065452299	0.2679188055332219	116.0	146.0	76.0	40.0	70.0	29.0
subimage_H3	5355	0.3343465045592705	0.39311232768473187	0.2129032258064516	0.34177215189873417	0.43	0.22865853658536586	0.34986073834000103	0.4420518688024409	0.26216216216216215	109.0	137.0	73.0	35.0	64.0	28.0
subimage_G3	14777	0.3395638629283489	0.396938695207366	0.1895424836601307	0.35106382978723405	0.444743935309973	0.20273972602739726	0.36	0.4570446735395189	0.2577677505966587	123.0	155.0	71.0	51.0	84.0	32.0
subimage_F3	3818	0.3501982165821722	0.3617886178861789	0.22249388753056235	0.35858585858585856	0.38847117794486213	0.24819277108433735	0.37556717476072315	0.4201474201474201	0.2794504159383097	153.0	169.0	104.0	48.0	58.0	12.0
subimage_E3	8638	0.342506498470948	0.38851868767602954	0.18206414190661926	0.35294117647058826	0.4350282485875706	0.21024258760107817	0.371900826446281	0.45722713864306785	0.26067289193374316	130.0	159.0	76.0	51.0	81.0	30.0
subimage_D3	8293	0.3389830508474576	0.3911594703511802	0.19218241042345277	0.3470790378006873	0.4380664652567976	0.21367521367521367	0.3588990671484999	0.4567901234567901	0.2614737996253826	117.0	149.0	72.0	45.0	75.0	30.0
subimage_C3	15735	0.34068480097449805	0.3985092682200551	0.19242626297927914	0.34911242603550297	0.4343163538873995	0.21508379888268156	0.35798816568047337	0.4567901234567901	0.25529796665024973	125.0	156.0	77.0	48.0	79.0	30.0
subimage_B3	10264	0.34110787172011664	0.3891509433962264	0.1763260795647739	0.3549382716049383	0.43575418994413406	0.20972644376899696	0.3697478991596639	0.46078431372549017	0.261787388586642	124.0	152.0	74.0	50.0	78.0	28.0
subimage_A3	6436	0.33724340175953077	0.3921905918330635	0.19453665570505307	0.3488372093023256	0.43919782940144597	0.21220930232558138	0.35964912280701755	0.45161290322580644	0.2603304270342214	118.0	148.0	71.0	46.0	75.0	30.0
subimage_H4	1764	0.33073872584108804	0.38349968567145415	0.23828125	0.34	0.39661016949152544	0.2638888888888889	0.355258355743373	0.4122402243340084	0.27795382373097305	101.0	118.0	79.0	23.0	39.0	17.0
subimage_G4	13346	0.3434650455927052	0.3981745136005467	0.19270833333333334	0.3564356435643564	0.436046511627907	0.20743857453395692	0.3626373626373626	0.4490358126721763	0.25485436893203883	138.0	168.0	81.0	58.0	89.0	31.0
subimage_F4	13659	0.3412887828162291	0.4019960784313726	0.18696883852691218	0.35	0.4430769230769231	0.20481927710843373	0.3611859838274933	0.4604105571847507	0.2521608941104668	126.0	159.0	73.0	50.0	82.0	32.0
subimage_E4	5097	0.34420812918363125	0.3942307692307692	0.190625	0.35240963855421686	0.4375	0.21008403361344538	0.36050651707639003	0.4542504278262304	0.25858912648938687	123.0	153.0	73.0	49.0	79.0	29.0
subimage_D4	14357	0.34177215189873417	0.3984535668380463	0.19086021505376344	0.35516372795969775	0.4361111111111111	0.2099125364431487	0.3624161073825503	0.4514142409314823	0.25376452153239315	137.0	169.0	80.0	56.0	87.0	32.0
subimage_C4	6053	0.3426044888571655	0.3854389721627409	0.17348870147428055	0.3541666666666667	0.4294294294294294	0.21606648199445982	0.37467018469656993	0.45812302667392485	0.26787608942781355	129.0	157.0	78.0	49.0	77.0	26.0
subimage_B4	8398	0.3404816162389889	0.39581852290679304	0.17517899483936958	0.34967320261437906	0.43714285714285717	0.2119304141543936	0.36774781841356996	0.4678708791208791	0.2568574561403508	122.0	151.0	73.0	48.0	78.0	30.0
subimage_A4	5933	0.33951599698726137	0.3930261356970605	0.1986754966887417	0.3467048710601719	0.4391691394658754	0.2147239263803681	0.3560830860534125	0.4512987012987013	0.26075232046897895	119.0	150.0	74.0	45.0	76.0	31.0
subimage_H5	7922	0.3391812865497076	0.40166204986149584	0.1908713692946058	0.3492537313432836	0.43768115942028984	0.2129064553578085	0.35833333333333334	0.45454545454545453	0.25459078978764016	119.0	150.0	71.0	44.0	74.0	30.0
subimage_G5	6563	0.3391812865497076	0.38738956874550096	0.18503937007874016	0.34810126582278483	0.4336283185840708	0.21865889212827988	0.3611111111111111	0.4602649006622517	0.2647754137115839	116.0	145.0	73.0	43.0	71.0	29.0
subimage_F5	6734	0.34492482368441446	0.3945447768148355	0.19466666666666665	0.35376044568245124	0.43007915567282323	0.2159383033419023	0.36338028169014086	0.4487534626038781	0.25751421113689094	133.0	162.0	81.0	52.0	80.0	29.0
subimage_E5	5242	0.3424657534246575	0.3824266627078385	0.20170454545454544	0.3532934131736527	0.4148936170212766	0.23118279569892472	0.3718196437855942	0.4444444444444444	0.26255286799591915	134.0	156.0	87.0	46.0	69.0	24.0
subimage_D5	5894	0.33974358974358976	0.39141414141414144	0.19494584837545126	0.3468013468013468	0.4370860927152318	0.2163431628717183	0.35362997658079626	0.45638308168795966	0.2635135135135135	113.0	142.0	71.0	42.0	72.0	29.0
subimage_C5	4655	0.34146341463414637	0.3920958242416217	0.1910828025477707	0.3502994011976048	0.438953488372093	0.2116564417177914	0.35816618911174786	0.45454545454545453	0.26236878526562335	118.0	148.0	71.0	47.0	77.0	30.0
subimage_B5	5035	0.34278959810874704	0.38176502562904185	0.18181818181818182	0.35537190082644626	0.42857142857142855	0.21568627450980393	0.3717690090888938	0.4583333333333333	0.2678983833718245	129.0	156.0	78.0	51.0	77.0	26.0
subimage_A5	6616	0.3371757925072046	0.37492945823927765	0.19172031516490906	0.3480825958702065	0.42565597667638483	0.22905027932960895	0.363376064302961	0.4515319883482576	0.27277939949958296	119.0	146.0	78.0	41.0	67.0	27.0
subimage_H6	10693	0.3384615384615385	0.39775658578037953	0.19113573407202217	0.352112676056338	0.44021739130434784	0.20679886685552407	0.3601108033240997	0.45317220543806647	0.2601178852968829	126.0	158.0	74.0	52.0	84.0	31.0
subimage_G6	5809	0.3385093167701863	0.3905843245885612	0.20205479452054795	0.345565749235474	0.43452380952380953	0.2204968944099379	0.35555555555555557	0.4496770925667975	0.261367865707434	112.0	141.0	71.0	40.0	69.0	29.0
subimage_F6	8064	0.343493476560022	0.3901869158878505	0.18961035537277232	0.35127478753541075	0.43157894736842106	0.2162885610544072	0.3616425432928405	0.45592705167173253	0.26171784046568153	129.0	157.0	79.0	49.0	79.0	29.0
subimage_E6	7857	0.3415492957746479	0.3897741231063191	0.17869415807560138	0.35051546391752575	0.437125748502994	0.2127659574468085	0.365625	0.4639175257731959	0.26218097447795824	115.0	143.0	70.0	45.0	74.0	29.0
subimage_D6	12401	0.33994334277620397	0.4	0.18956043956043955	0.35185185185185186	0.4405940594059406	0.20821114369501467	0.36023054755043227	0.4554140127388535	0.2545871559633027	129.0	161.0	75.0	50.0	81.0	32.0
subimage_C6	4397	0.3392330383480826	0.37661042199695566	0.2006154077076063	0.34806629834254144	0.43243243243243246	0.22018348623853212	0.3626898646782657	0.4492494802494802	0.2727272727272727	116.0	144.0	73.0	42.0	71.0	28.0
subimage_B6	11774	0.3404255319148936	0.38442608419225077	0.17753623188405798	0.3493630314832846	0.44554455445544555	0.20425616225658277	0.3590798694797731	0.46825396825396826	0.26666666666666666	116.0	147.0	68.0	44.0	74.0	30.0
subimage_A6	13014	0.34381857583680775	0.399041790199444	0.1853932584269663	0.35511363636363635	0.4422535211267606	0.20320855614973263	0.3628571428571429	0.4557823129251701	0.2523301013277428	129.0	160.0	73.0	54.0	84.0	31.0
subimage_H7	7022	0.33783783783783783	0.3901811804197155	0.19380240468280335	0.34615384615384615	0.4391025641025641	0.21301775147928995	0.35793163721110893	0.4565916398713826	0.2645469326829528	112.0	143.0	69.0	43.0	73.0	30.0
subimage_G7	8698	0.3395638629283489	0.39249417960088695	0.1919457735247209	0.34864864864864864	0.4329268292682927	0.21739130434782608	0.3595505617977528	0.45614035087719296	0.2603036876355748	123.0	152.0	77.0	46.0	76.0	30.0
subimage_F7	7988	0.3352601156069364	0.397810433073753	0.1925925925925926	0.3439153439153439	0.43026706231454004	0.22608695652173913	0.35794720731298224	0.4558303886925795	0.2576530612244898	112.0	140.0	74.0	39.0	67.0	28.0
subimage_E7	9046	0.34417344173441733	0.3977777777777778	0.19072164948453607	0.35597826086956524	0.4375	0.20565552699228792	0.3645999911158493	0.450402144772118	0.2537221527828836	134.0	166.0	78.0	57.0	86.0	31.0
subimage_D7	5384	0.3407821229050279	0.3922018348623853	0.19141914191419143	0.3488372093023256	0.43573667711598746	0.21597633136094674	0.3583061889250814	0.4554408147821152	0.2606383917540329	116.0	145.0	72.0	44.0	73.0	29.0
subimage_C7	11791	0.34104046242774566	0.39957909924583085	0.19005847953216373	0.35060975609756095	0.44108761329305135	0.20765027322404372	0.3588736900813103	0.45671641791044776	0.25492622791690933	125.0	156.0	73.0	49.0	80.0	32.0
subimage_B7	4349	0.336734693877551	0.3834000875096765	0.211864406779661	0.34593023255813954	0.42151162790697677	0.23214285714285715	0.36580375522425296	0.43653250773993807	0.26666666666666666	117.0	143.0	78.0	39.0	64.0	25.0
subimage_A7	6580	0.3409090909090909	0.3866978653530378	0.18575851393188855	0.353887399463807	0.42513368983957217	0.22189349112426035	0.3700564971751412	0.4533333333333333	0.2637388989906975	127.0	153.0	79.0	47.0	73.0	25.0
subimage_H8	4956	0.3343465045592705	0.3901001480788715	0.21895424836601307	0.3413970432250938	0.42342342342342343	0.2361963190184049	0.35059361549497847	0.4358974358974359	0.26588903743315506	111.0	138.0	77.0	34.0	61.0	27.0
subimage_G8	5305	0.33554817275747506	0.3830624382961304	0.21667698658410733	0.3462603878116344	0.4157608695652174	0.23782234957020057	0.360106991283133	0.4364820846905538	0.2698986993815063	123.0	147.0	85.0	38.0	63.0	25.0
subimage_F8	10060	0.34234234234234234	0.39294117647058824	0.1880597014925373	0.35260115606936415	0.44206084412596147	0.2062146892655367	0.36235955056179775	0.4556213017751479	0.25736029411764694	125.0	156.0	72.0	51.0	81.0	31.0
subimage_E8	10609	0.34300791556728233	0.3964994775339603	0.18880625117680286	0.35537190082644626	0.4402332361516035	0.20454545454545456	0.3648293963254593	0.45427728613569324	0.2555446355446355	130.0	160.0	74.0	54.0	84.0	31.0
subimage_D8	5485	0.3373801162687757	0.39563106796116504	0.20389626980071537	0.34527687296416937	0.4316109422492401	0.2236024844720497	0.35347432024169184	0.44745762711864406	0.2589506043456998	111.0	139.0	72.0	39.0	67.0	28.0
subimage_C8	6491	0.3450067385444744	0.4	0.16836752403762714	0.3574660633484163	0.42857142857142855	0.21428571428571427	0.37066666666666664	0.4646153846153846	0.2520386855698428	134.0	161.0	81.0	54.0	81.0	27.0
subimage_B8	6736	0.3402985074626866	0.38378946433247296	0.17800968487739166	0.3502824858757062	0.42699724517906334	0.2235294117647059	0.3729304560290283	0.4554885925998147	0.2667016806722689	127.0	154.0	79.0	45.0	73.0	27.0
subimage_A8	9707	0.34545454545454546	0.3883914227841028	0.18285714285714286	0.35694050991501414	0.44327176781002636	0.19834710743801653	0.3655913978494624	0.45664739884393063	0.26169616225889836	129.0	160.0	71.0	55.0	85.0	30.0
subimage_H9	3601	0.35752212389380533	0.34507042253521125	0.23809523809523808	0.3822975517890772	0.35282651072124754	0.2637571157495256	0.3932135728542914	0.39296187683284456	0.2921739130434783	202.0	186.0	139.0	62.0	47.0	-15.0
subimage_G9	11056	0.3425925925925926	0.3948906751447167	0.18716577540106952	0.35443037974683544	0.44139650872817954	0.20418848167539266	0.3629242819843342	0.45375722543352603	0.2560923889994454	128.0	159.0	74.0	53.0	84.0	31.0
subimage_F9	3290	0.341308830548926	0.37986270022883295	0.20384528130671506	0.3504273504273504	0.42562560738581146	0.22443181818181818	0.36777081913745185	0.44242424242424244	0.26846546764968426	125.0	152.0	80.0	45.0	71.0	27.0
subimage_E9	4649	0.3389355742296919	0.384686281460475	0.20350895245935377	0.34705882352941175	0.4301994301994302	0.22349570200573066	0.3553008595988539	0.44516606088378335	0.2712806302635152	122.0	151.0	78.0	43.0	72.0	29.0
subimage_D9	3926	0.33781516415744606	0.3702350468644313	0.21937506320153707	0.3482142857142857	0.40186915887850466	0.24846625766871167	0.3756546611876561	0.4308176100628931	0.2753959071012351	112.0	132.0	79.0	33.0	49.0	18.0
subimage_C9	5271	0.3433583959899749	0.3842530580616593	0.1858108108108108	0.35344827586206895	0.43023255813953487	0.21629213483146068	0.37205841638981174	0.4503105590062112	0.26636568848758463	126.0	152.0	76.0	48.0	75.0	26.0
subimage_B9	6345	0.34146341463414637	0.38028169014084506	0.18181818181818182	0.35103244837758113	0.4281609195402299	0.22191011235955055	0.37317784256559766	0.45454545454545453	0.2691415313225058	124.0	150.0	77.0	45.0	72.0	27.0
subimage_A9	4892	0.3393316195372751	0.38811317677756035	0.2025954647668285	0.3492957746478873	0.4318181818181818	0.21987951807228914	0.3591331269349845	0.4437869822485207	0.2641509433962264	123.0	151.0	77.0	45.0	74.0	29.0
subimage_H10	6122	0.33974536053265336	0.39667556585069	0.20303030303030303	0.34738550922761446	0.4340659340659341	0.2188365650969529	0.3561643835616438	0.4462025316455696	0.2588424030291023	115.0	144.0	73.0	43.0	73.0	29.0
subimage_G10	6213	0.34023668639053256	0.382830626450116	0.19254658385093168	0.3462603878116344	0.4266304347826087	0.22740524781341107	0.3586801611070949	0.4517133956386293	0.2696629213483146	123.0	152.0	81.0	42.0	71.0	29.0
subimage_F10	1052	0.3378839590443686	0.34655720338983054	0.24471511478773889	0.3556601187106331	0.36363636363636365	0.27927927927927926	0.3880560082975255	0.38273520647083864	0.29756036658356017	120.0	123.0	90.0	28.0	31.0	-0.5
subimage_E10	8827	0.34226190476190477	0.37701849741386867	0.19469026548672566	0.35103244837758113	0.4310850439882698	0.21680216802168023	0.3685897435897436	0.45	0.2665077040180837	120.0	148.0	73.0	45.0	72.0	27.0
subimage_D10	11268	0.34146341463414637	0.36775989225934713	0.1891025641025641	0.35093167701863354	0.4325153374233129	0.21606648199445982	0.36904761904761907	0.4537313432835821	0.27565392354124746	124.0	153.0	75.0	47.0	76.0	29.0
subimage_C10	10806	0.33903133903133903	0.3867126647299061	0.18911174785100288	0.352112676056338	0.4371584699453552	0.2111801242236025	0.36656891495601174	0.45454545454545453	0.2619633010678035	126.0	156.0	74.0	50.0	79.0	30.0
subimage_B10	5867	0.3425414364640884	0.38063063063063063	0.1806966182486957	0.35668789808917195	0.43026706231454004	0.21428571428571427	0.3710144927536232	0.4554140127388535	0.2711754108606934	126.0	152.0	76.0	50.0	77.0	26.0
subimage_A10	10619	0.34255981741883235	0.3862040930754135	0.1834319526627219	0.35344827586206895	0.4428969359331476	0.20316622691292877	0.3621621621621622	0.4594682060701479	0.26518464887654286	124.0	156.0	71.0	51.0	81.0	31.0
subimage_H11	8278	0.33814717012517154	0.38642952317136103	0.18088737201365188	0.3476923076923077	0.43119266055045874	0.2222222222222222	0.3654485049833887	0.4612794612794613	0.2634068403889376	112.0	140.0	72.0	41.0	69.0	27.0
subimage_G11	8232	0.3464788732394366	0.38819217675258805	0.19437340153452684	0.36181620352474625	0.4289772727272727	0.20987654320987653	0.36923076923076925	0.4403183023872679	0.2619317500299868	141.0	167.0	80.0	59.0	84.0	26.0
subimage_F11	5163	0.3363942688866236	0.38215708061960924	0.1736258865248227	0.35064935064935066	0.42901234567901236	0.22255192878338279	0.3624142786606441	0.47017282010997646	0.2722588072760764	115.0	142.0	74.0	43.0	69.0	27.0
subimage_E11	7291	0.3383233532934132	0.3819951338199513	0.1986970684039088	0.3524355300859599	0.4259818731117825	0.2222222222222222	0.36639118457300274	0.44551282051282054	0.2678983833718245	121.0	146.0	77.0	45.0	70.0	26.0
subimage_D11	8193	0.3442458192602356	0.37762067801514204	0.19494723377038697	0.3543956043956044	0.4298507462686567	0.21511627906976744	0.36585365853658536	0.4491017964071856	0.2704195804195804	127.0	155.0	76.0	50.0	77.0	27.0
subimage_C11	6368	0.3415384615384615	0.3880597014925373	0.20333333333333334	0.35103244837758113	0.41901408450704225	0.22627833871491296	0.3680131979695431	0.4444444444444444	0.26372622155911973	120.0	145.0	78.0	43.0	67.0	24.0
subimage_B11	5864	0.3418079096045198	0.38880355291546415	0.2057877813504823	0.34810126582278483	0.4298780487804878	0.22189349112426035	0.3564657449473986	0.4426146433318564	0.26313830481911965	116.0	144.0	74.0	42.0	69.0	27.0
subimage_A11	7306	0.3402985074626866	0.3855140186915888	0.17902277277277276	0.35185185185185186	0.4322400234455136	0.215625	0.36827766608791007	0.46258503401360546	0.26533968850698175	120.0	147.0	73.0	46.0	74.0	27.0
subimage_H12	12002	0.3394495412844037	0.39837612888002233	0.19079063604240284	0.3496932515337423	0.43558282208588955	0.21428571428571427	0.3601108033240997	0.45345345345345345	0.25735294117647056	118.0	147.0	72.0	44.0	72.0	28.0
subimage_G12	5184	0.34017595307917886	0.3934010152284264	0.2016348773841962	0.3519061583577713	0.4281437125748503	0.21891891891891893	0.3641412237718306	0.4440993788819876	0.26025435642593253	125.0	152.0	76.0	46.0	72.0	26.0
subimage_F12	5376	0.33618233618233617	0.38861065510696147	0.18771331058020477	0.3501683501683502	0.42565597667638483	0.22485207100591717	0.36363636363636365	0.45483870967741935	0.2658305032417413	118.0	144.0	76.0	42.0	68.0	26.0
subimage_E12	4283	0.3480825958702065	0.3859347482501693	0.19854721549636803	0.35772357723577236	0.4147727272727273	0.22802197802197802	0.3759036144578313	0.4306569343065693	0.2607642640325153	135.0	156.0	85.0	48.0	69.0	21.0
subimage_D12	5898	0.3435897435897436	0.3853282564042941	0.20571157323688968	0.35060975609756095	0.4198250728862974	0.2299168975069252	0.36443148688046645	0.43714285714285717	0.26410982099661345	124.0	148.0	81.0	42.0	67.0	24.0
subimage_C12	8807	0.33534743202416917	0.39000836516984744	0.1815068493150685	0.34627831715210355	0.43130990415335463	0.22297297297297297	0.3565217391304348	0.46551724137931033	0.2662997290306688	107.0	135.0	70.0	38.0	65.0	26.0
subimage_B12	3675	0.35377358490566035	0.35730858468677495	0.20689655172413793	0.3684210526315789	0.3844282238442822	0.24343675417661098	0.3808744993324432	0.43119266055045874	0.28067622278148596	146.0	152.0	96.0	49.0	56.0	7.0
subimage_A12	7582	0.341992752090472	0.3920029776674938	0.1895625399065766	0.35792349726775957	0.44021739130434784	0.20215633423180593	0.3654390934844193	0.44954128440366975	0.2591687041564792	127.0	155.0	71.0	53.0	80.0	28.0