subimage	all_plant_pixels	ratio_r_q5	ratio_g_q5	ratio_b_q5	ratio_r_median	ratio_g_median	ratio_b_median	ratio_r_q95	ratio_g_q95	ratio_b_q95	pix_r_median	pix_g_median	pix_b_	diff_rb_median	diff_gb_median	diff_gr_median
subimage_H1	10372	0.3410067255149222	0.3906770683086473	0.19047619047619047	0.354014598540146	0.43209876543209874	0.21553884711779447	0.3627556273105901	0.45454545454545453	0.26025581779171475	134.0	163.0	81.0	51.0	79.0	29.0
subimage_G1	13885	0.3325012406947891	0.4034740316136877	0.1875	0.3467048710601719	0.44675324675324674	0.20670391061452514	0.35792349726775957	0.4636363636363636	0.25629201680672264	125.0	161.0	73.0	50.0	84.0	35.0
subimage_F1	14962	0.3347746453411481	0.40360131480291345	0.18449197860962566	0.3494318181818182	0.44881889763779526	0.20054945054945056	0.35911602209944754	0.463768115942029	0.25621694896304986	128.0	164.0	73.0	54.0	90.0	35.0
subimage_E1	18551	0.3369447835477509	0.40302267002518893	0.1834319526627219	0.349862258953168	0.4490861618798956	0.1974025974025974	0.3619047619047619	0.46808510638297873	0.25125003125078127	127.0	160.0	72.0	52.0	88.0	35.0
subimage_D1	2809	0.3333333333333333	0.3874339196530396	0.20196466223173862	0.34310850439882695	0.41935483870967744	0.23626373626373626	0.3638651651424684	0.4441489361702128	0.27156511350059737	129.0	157.0	87.0	37.0	65.0	27.0
subimage_C1	2862	0.3371104815864023	0.3560229255909884	0.22507168311026832	0.3515625	0.40051349997363284	0.24866294866294866	0.3742665742665742	0.4281980862174323	0.2835527519328842	139.0	161.0	98.0	42.0	57.5	21.0
subimage_B1	2164	0.3563272523863657	0.34355828220858897	0.26713416198489687	0.3642278314960963	0.3470319634703196	0.2887000768049155	0.3812584853803106	0.35095137420718814	0.29922297503509737	237.0	224.0	186.0	49.0	38.0	-12.0
subimage_A1	7750	0.3392330383480826	0.38636363636363635	0.1875	0.3522727272727273	0.44505494505494503	0.20334261838440112	0.36182336182336183	0.4571072417886822	0.26775184275184266	132.0	167.0	75.0	55.0	90.0	34.0
subimage_H2	11793	0.3372093023255814	0.4015151515151515	0.17994100294985252	0.3464566929133858	0.4520123839009288	0.2012779552715655	0.3558282208588957	0.46932515337423314	0.2563712091630873	120.0	157.0	69.0	49.0	84.0	36.0
subimage_G2	13738	0.3344692602158472	0.4022688968335036	0.1844380403458213	0.3463687150837989	0.4495677233429395	0.20323891948596906	0.36009826910227805	0.4658385093167702	0.2549092409240924	123.0	159.0	72.0	50.0	86.0	36.0
subimage_F2	12589	0.3395746972410425	0.3987612997513171	0.17994403621721228	0.34877384196185285	0.45110410094637227	0.1977715877437326	0.3609625668449198	0.4704105144795296	0.2568307625996736	126.0	163.0	71.0	54.0	90.0	37.0
subimage_E2	17142	0.337302179578299	0.4053400761130452	0.1794871794871795	0.35064935064935066	0.4533678756476684	0.19571045576407506	0.3594936708860759	0.4678362573099415	0.2524740341681227	130.0	167.0	72.0	56.0	94.0	37.0
subimage_D2	6435	0.3419354838709677	0.3680851063829787	0.1932602193419741	0.3502673796791444	0.4360313315926893	0.2144638403990025	0.39161355885493815	0.45272206303724927	0.2636363636363636	134.0	166.0	81.0	52.0	83.0	33.0
subimage_C2	9126	0.3383499157376199	0.3871660199760995	0.16280963563366413	0.3511705685618729	0.44516129032258067	0.20396600566572237	0.3695652173913043	0.4763031395523509	0.2639212700631537	120.0	152.0	69.0	49.0	81.0	32.0
subimage_B2	2156	0.3323593723203567	0.38374941879180224	0.23820719510374683	0.34310850439882695	0.40114613180515757	0.25609756097560976	0.35832863918754543	0.4121459718504447	0.2750867937114355	115.0	134.0	86.0	29.0	48.0	19.0
subimage_A2	9563	0.3392540152155537	0.39059624233128837	0.1687116564417178	0.3488372093023256	0.4405797101449275	0.21148825065274152	0.3620178041543027	0.4721311475409836	0.2634022227772228	124.0	156.0	75.0	48.0	80.0	32.0
subimage_H3	13763	0.3357142857142857	0.3956070628400725	0.17692307692307693	0.3474320241691843	0.4520547945205479	0.19941348973607037	0.36315646840678933	0.4725609756097561	0.2589073634204275	119.0	156.0	68.0	49.0	85.0	35.0
subimage_G3	10060	0.3382352941176471	0.39606018588729774	0.18711656441717792	0.3469387755102041	0.4406779661016949	0.2116991643454039	0.3604336043360434	0.46153846153846156	0.2562515703517588	126.0	159.0	76.0	49.0	83.0	34.0
subimage_F3	9468	0.3409090909090909	0.39926521539084114	0.17737003058103976	0.3489736070381232	0.45066666666666666	0.2005813953488372	0.3579300506119815	0.46956521739130436	0.25503212363257505	124.0	161.0	71.0	52.0	88.0	36.0
subimage_E3	12810	0.33798882681564246	0.3986703197511847	0.17857142857142858	0.3489010989010989	0.45141961486789073	0.19760479041916168	0.3620253164556962	0.47093023255813954	0.2549889135254989	128.0	166.0	73.0	55.0	92.0	38.0
subimage_D3	4833	0.33136094674556216	0.3806146572104019	0.18181818181818182	0.3477088948787062	0.4190231362467866	0.23604060913705585	0.3701615316732533	0.45925925925925926	0.2738823315544129	119.0	143.0	81.0	38.0	62.0	24.0
subimage_C3	2341	0.34349030470914127	0.34782608695652173	0.21218961625282168	0.3669291338582677	0.3625	0.2675521821631879	0.3806343906510851	0.41870824053452116	0.29133858267716534	204.0	201.0	147.0	55.0	52.0	-3.0
subimage_B3	1878	0.3542538354253835	0.34386431844286086	0.2751737149565363	0.35864178256030876	0.3477653631284916	0.2937853107344633	0.3755335968379446	0.35120308998243444	0.3001411765189053	255.0	246.0	207.0	46.0	38.0	-8.0
subimage_A3	1782	0.3420200160506066	0.35507584992550456	0.24432137385086825	0.3509933774834437	0.3829113924050633	0.2643828609255582	0.37259098798765705	0.40285714285714286	0.2868670992836022	117.0	130.0	88.0	29.0	40.0	11.0
subimage_H4	13525	0.34	0.4025751550376818	0.16199376947040497	0.3507246376811594	0.44974874371859297	0.1983695652173913	0.36312849162011174	0.4820645561466708	0.2537250323435676	128.0	163.0	73.0	53.0	88.0	35.0
subimage_G4	7576	0.33636363636363636	0.39485981308411217	0.19189536878216124	0.3448275862068966	0.4358974358974359	0.219435736677116	0.3583918619346551	0.45714285714285713	0.26068010936431985	115.0	146.0	73.0	42.0	72.0	30.0
subimage_F4	7543	0.3415334277811509	0.3842804031188867	0.15835777126099707	0.3564356435643564	0.4437869822485207	0.19843342036553524	0.3738287898241318	0.47720364741641336	0.2675736961451247	129.0	160.0	72.0	57.0	88.0	31.0
subimage_E4	8816	0.3418803418803419	0.395019687271303	0.19220055710306408	0.35	0.4376731301939058	0.2118512065050953	0.36578171091445427	0.45335403726708073	0.25475883364602875	131.0	163.0	78.0	51.0	84.0	33.0
subimage_D4	3733	0.3292017711087879	0.3786407766990291	0.22479726559882046	0.34971098265895956	0.4084507042253521	0.24352331606217617	0.369292055542909	0.42134831460674155	0.27722490925192445	123.0	144.0	85.0	38.0	57.0	22.0
subimage_C4	5587	0.334375	0.39051510258732725	0.1994750656167979	0.35454545454545455	0.42660550458715596	0.22115384615384615	0.3695150115473441	0.4386422976501306	0.26292553363780646	136.0	161.0	82.0	48.0	71.0	27.0
subimage_B4	3091	0.35530282332034596	0.34393939393939393	0.2696969696969697	0.3661119515885023	0.3473053892215569	0.286144578313253	0.37925696594427244	0.3518980377773703	0.3001531393568147	240.0	228.0	187.0	52.0	40.0	-12.0
subimage_A4	5564	0.34852880646991424	0.3521594684385382	0.20155038759689922	0.3613138686131387	0.3856086172622625	0.2397913960754028	0.38848029014804686	0.43859649122807015	0.28762541806020064	185.0	191.0	117.0	58.0	70.0	5.0
subimage_H5	10185	0.34210526315789475	0.3960880195599022	0.17582417582417584	0.3567961165048544	0.4401114206128134	0.20257234726688103	0.3716538315704143	0.46005509641873277	0.25426626104592204	137.0	168.0	78.0	55.0	86.0	32.0
subimage_G5	11592	0.3379064428721963	0.41120472064943037	0.16666666666666666	0.3489736070381232	0.4574780058651026	0.19327731092436976	0.36024844720496896	0.4816053511705686	0.24620551090700332	118.0	153.0	65.0	52.0	87.0	36.0
subimage_F5	14948	0.3389513108614232	0.39949333179894386	0.16848522853957637	0.3537234042553192	0.45308310991957107	0.1925	0.3649948071216617	0.4742151646158962	0.25465442629872	131.0	167.0	72.0	58.0	95.0	37.0
subimage_E5	11176	0.3394873586969734	0.3821093833209075	0.1485148514851485	0.34818941504178275	0.4405797101449275	0.2127659574468085	0.37058823529411766	0.48881789137380194	0.2714133319998833	126.0	159.0	76.0	48.0	81.0	33.0
subimage_D5	3177	0.35541648608823784	0.34146341463414637	0.26554256485202776	0.37437603993344426	0.34649122807017546	0.27906976744186046	0.38437978560490044	0.3502555850898326	0.30261136712749614	242.0	224.0	183.0	63.0	44.0	-18.0
subimage_C5	2442	0.32794471153846155	0.3562009588356011	0.25	0.3559870550161812	0.37803243313934476	0.2699724517906336	0.36990595611285265	0.3992926506851056	0.28954831107619794	110.0	117.0	85.0	26.0	33.0	6.0
subimage_B5	6395	0.339011988424969	0.37966101694915255	0.20585398146396822	0.3507246376811594	0.41543026706231456	0.23314606741573032	0.3688212927756654	0.4405144694533762	0.27076219512195115	118.0	141.0	78.0	40.0	61.0	21.0
subimage_A5	2167	0.33503724701694243	0.38105263157894737	0.21206043240427194	0.3453038674033149	0.42587601078167114	0.22811671087533156	0.3606154465004022	0.43898373983739836	0.2728598484848484	130.0	160.0	85.0	44.0	73.0	30.0
subimage_H6	13233	0.33581352496775385	0.40789473684210525	0.18289085545722714	0.3475783475783476	0.4520547945205479	0.19834710743801653	0.35910775547319546	0.46647230320699706	0.24938513085212352	125.0	162.0	71.0	52.0	90.0	37.0
subimage_G6	16540	0.3364485981308411	0.40661808640532043	0.1780821917808219	0.35127478753541075	0.455012853470437	0.19289340101522842	0.36196398900817994	0.4685714285714286	0.25	131.0	169.0	72.0	58.0	97.0	38.0
subimage_F6	12789	0.34173669467787116	0.38641387848864095	0.13737941447865112	0.35665914221218964	0.4473684210526316	0.19814241486068113	0.38112271790694324	0.49074074074074076	0.2597402597402597	128.0	161.0	71.0	56.0	88.0	33.0
subimage_E6	10745	0.3433801138620416	0.38536026259072254	0.14689265536723164	0.3557692307692308	0.44021739130434784	0.20474777448071216	0.3770491803278688	0.48059701492537316	0.26411290322580644	135.0	166.0	76.0	54.0	87.0	31.0
subimage_D6	2015	0.35714285714285715	0.3441303558460421	0.24612736660929432	0.37384615384615383	0.34930448222565685	0.2765625	0.3996569468267582	0.35612268080272624	0.2974685375379719	234.0	221.0	176.0	62.0	46.0	-16.0
subimage_C6	4128	0.33519553072625696	0.388796533105996	0.18360655737704917	0.34513274336283184	0.4186046511627907	0.23692307692307693	0.37062155097298866	0.4527027027027027	0.26430517711171664	114.0	138.0	78.0	36.0	60.0	24.0
subimage_B6	10882	0.3409090909090909	0.40375809887034003	0.1791044776119403	0.35127478753541075	0.4566929133858268	0.19130434782608696	0.3588957055214724	0.4676056338028169	0.251708948312446	128.0	167.0	70.0	58.0	96.0	38.0
subimage_A6	12821	0.33541666666666664	0.4065934065934066	0.175	0.3484848484848485	0.45938375350140054	0.19008264462809918	0.3602941176470588	0.47398843930635837	0.25063291139240507	122.0	161.0	67.0	54.0	93.0	39.0
subimage_H7	3961	0.3385012919896641	0.3533834586466165	0.21505376344086022	0.3569553805774278	0.40229885057471265	0.24210526315789474	0.37662337662337664	0.4235294117647059	0.28292682926829266	126.0	144.0	86.0	41.0	57.0	16.0
subimage_G7	1872	0.3551532033426184	0.34375	0.28251651336157274	0.36159025826669544	0.34714285714285714	0.2913165266106443	0.3694421312278963	0.35073413251556546	0.29901269393511987	253.0	241.0	203.0	49.0	39.0	-10.0
subimage_F7	4068	0.3555878084179971	0.3446153846153846	0.26691114216290257	0.36538461538461536	0.34796238244514105	0.28639240506329117	0.3763837638376384	0.35646646928897036	0.2988505747126437	228.0	216.0	177.0	49.0	38.0	-10.0
subimage_E7	3751	0.33630952380952384	0.3909323668884441	0.19384615384615383	0.3488372093023256	0.4155124653739612	0.23512747875354106	0.3723400323400323	0.4411764705882353	0.2699476654840057	123.0	147.0	82.0	40.0	63.0	23.0
subimage_D7	13578	0.3357664233576642	0.4009216589861751	0.1782477341389728	0.3482142857142857	0.45030147833351497	0.20113314447592068	0.36363636363636365	0.4666666666666667	0.254510647010647	126.0	161.0	71.0	50.0	85.0	35.0
subimage_C7	12549	0.3357041540020263	0.4026315789473684	0.1781609195402299	0.3494897959183674	0.4540229885057471	0.19648093841642228	0.3589007479620136	0.46920821114369504	0.25365042340652094	125.0	162.0	69.0	53.0	88.0	37.0
subimage_B7	10352	0.34415584415584416	0.390625	0.14666666666666667	0.3551020408163265	0.4554140127388535	0.18862275449101795	0.3687226458885941	0.4961832061068702	0.25929383740587053	118.0	149.0	62.0	54.0	87.0	33.0
subimage_A7	15644	0.3380281690140845	0.4	0.1774193548387097	0.35106382978723405	0.45478723404255317	0.1929097230156528	0.36077481840193704	0.4683998846301756	0.2554529910033145	132.0	171.0	72.0	59.0	98.0	38.0
subimage_H8	16047	0.3367003367003367	0.4015544041450777	0.18478260869565216	0.35038363171355497	0.44919786096256686	0.1989795918367347	0.3582474226804124	0.46368715083798884	0.25535469456151927	131.0	167.0	74.0	55.0	93.0	36.0
subimage_G8	7784	0.33603736642994625	0.3927038626609442	0.19086366142817757	0.3469387755102041	0.43655533941569175	0.21739130434782608	0.36079545454545453	0.45714285714285713	0.2649935897435897	125.0	157.0	77.0	47.0	79.0	32.0
subimage_F8	12241	0.33618233618233617	0.39503386004514673	0.1842818428184282	0.3469945355191257	0.4425770308123249	0.20994475138121546	0.3631123919308357	0.4633431085043988	0.2579185520361991	126.0	161.0	75.0	50.0	84.0	35.0
subimage_E8	11866	0.33762057877813506	0.3852813852813853	0.1649122807017544	0.3485714285714286	0.45339617742805216	0.19887955182072828	0.36070381231671556	0.4803919692853225	0.2663523115566518	123.0	159.0	69.0	51.0	86.0	36.0
subimage_D8	15218	0.33819082957858465	0.40313936385364957	0.17901234567901234	0.35	0.45202020202020204	0.1956521739130435	0.3634085213032581	0.47005988023952094	0.2514729475034333	131.0	168.0	74.0	56.0	94.0	38.0
subimage_C8	6559	0.34151329243353784	0.39040952898447107	0.17777003484320558	0.35174418604651164	0.44542772861356933	0.20118343195266272	0.36235955056179775	0.4703703703703704	0.26371791894088953	122.0	154.0	70.0	51.0	84.0	32.0
subimage_B8	9899	0.33903133903133903	0.38752783964365256	0.1820886895004745	0.3481675392670157	0.44648318042813456	0.20544554455445543	0.3644578313253012	0.4642857142857143	0.2614135003932417	128.0	163.0	74.0	50.0	85.0	35.0
subimage_A8	14949	0.3402532736972571	0.4016985598380947	0.1797752808988764	0.3515439429928741	0.45185185185185184	0.19437340153452684	0.36503856041131105	0.4666666666666667	0.25	132.0	169.0	74.0	57.0	95.0	37.0
subimage_H9	6694	0.3462603878116344	0.38042419690092144	0.19689119170984457	0.35877862595419846	0.4114583333333333	0.22994652406417113	0.38207870783026765	0.43455497382198954	0.2684729064039409	132.0	150.0	84.0	47.0	65.0	19.0
subimage_G9	2886	0.3569553133913552	0.34404509248189985	0.26019834897311056	0.3723563989521436	0.34841628959276016	0.2786885245901639	0.38950715421303655	0.3531409168081494	0.29790419161676646	246.0	228.0	181.0	61.0	45.0	-16.0
subimage_F9	3778	0.35571284755512944	0.34323922734026746	0.2575516693163752	0.375	0.3490136570561457	0.2759146341463415	0.3898858075040783	0.35376532399299476	0.3003055859699464	246.0	227.0	180.0	66.0	48.0	-17.0
subimage_E9	9216	0.3343949044585987	0.40103187656641603	0.15789473684210525	0.34459459459459457	0.4460227272727273	0.2088607594936709	0.36175705006212544	0.4868913857677903	0.2557077625570776	113.0	147.0	68.0	45.0	78.0	33.0
subimage_D9	19483	0.33813157566432406	0.40705882352941175	0.18085106382978725	0.3524804177545692	0.4506329113924051	0.19704433497536947	0.36156351791530944	0.4642857142857143	0.24807834478900248	136.0	173.0	75.0	59.0	97.0	37.0
subimage_C9	14992	0.3387695273549159	0.40384615384615385	0.17721518987341772	0.3506849315068493	0.45604395604395603	0.19141914191419143	0.36193029490616624	0.47005988023952094	0.25	128.0	166.0	70.0	56.0	94.0	38.0
subimage_B9	9153	0.34146341463414637	0.3865982094063514	0.15595086300730837	0.3526170798898072	0.4467455621301775	0.20108695652173914	0.3705239648010005	0.4794952681388013	0.26439232409381663	128.0	162.0	73.0	55.0	88.0	34.0
subimage_A9	8695	0.3379253505115574	0.40808133605303415	0.16136178031849735	0.3493975903614458	0.45987654320987653	0.1921921921921922	0.3614457831325301	0.48152233115468396	0.2463974174050415	115.0	151.0	63.0	51.0	87.0	36.0
subimage_H10	4231	0.32958273988500286	0.3815789473684211	0.22935779816513763	0.3541666666666667	0.40161725067385445	0.24458204334365324	0.36687351110428035	0.4145955541833899	0.27633971291866033	114.0	128.0	78.0	36.0	49.0	16.0
subimage_G10	12691	0.33878666220586595	0.3945230089662447	0.18077448897234438	0.35121951219512193	0.45161290322580644	0.19596541786743515	0.3634052915794641	0.46742209631728043	0.2561890611941684	131.0	167.0	72.0	56.0	93.0	37.0
subimage_F10	10785	0.34124629080118696	0.3923625957220582	0.18612217642589055	0.35097493036211697	0.4461942257217848	0.20273972602739726	0.3611111111111111	0.45977011494252873	0.26094584286803957	128.0	162.0	73.0	53.0	87.0	34.0
subimage_E10	8753	0.3361581920903955	0.38222222222222224	0.15689894419306183	0.35348837209302325	0.4381443298969072	0.21407624633431085	0.375	0.4724750246236105	0.2616407982261641	125.0	157.0	74.0	48.0	76.0	31.0
subimage_D10	13212	0.3398328690807799	0.4033018867924528	0.1791907514450867	0.351010101010101	0.450920245398773	0.19638242894056848	0.3631713554987212	0.4664804469273743	0.25	128.0	164.0	72.0	55.0	91.0	36.0
subimage_C10	12021	0.34	0.40186915887850466	0.17086834733893558	0.34801762114537443	0.44886363636363635	0.20294117647058824	0.3592964824120603	0.47230320699708456	0.2517482517482518	120.0	155.0	70.0	50.0	84.0	34.0
subimage_B10	10598	0.34120734908136485	0.3930015327221724	0.15743440233236153	0.3563505149565025	0.44473007712082263	0.2	0.37142857142857144	0.47368421052631576	0.25813953488372093	130.0	163.0	74.0	56.0	87.0	33.0
subimage_A10	10962	0.34105960264900664	0.3977371028625354	0.1752021563342318	0.3558823529411765	0.44935064935064933	0.19626168224299065	0.36436170212765956	0.4640875707149237	0.25313127732482565	135.0	171.0	73.0	61.0	96.0	35.0
subimage_H11	3453	0.3569516301223618	0.3467981477482665	0.25	0.37080536912751677	0.35638297872340424	0.2692307692307692	0.38363118568721033	0.3791811539161041	0.29377921535893153	205.0	197.0	149.0	55.0	48.0	-8.0
subimage_G11	7125	0.3323615160349854	0.38942790877464245	0.1757188498402556	0.3474576271186441	0.42342342342342343	0.23243243243243245	0.3688190878888553	0.4591194968553459	0.26298238747553804	120.0	148.0	80.0	40.0	65.0	27.0
subimage_F11	7079	0.33550418094392037	0.39760838033843676	0.16544117647058823	0.34743875278396436	0.4479495268138801	0.20527859237536658	0.3601936708687873	0.4809213132940648	0.2598705171046807	110.0	141.0	64.0	44.0	76.0	32.0
subimage_E11	8076	0.34005582212414437	0.38457498383968974	0.19425136158035633	0.34844192634560905	0.43007915567282323	0.2219178082191781	0.3642900803353126	0.44970414201183434	0.26584436133486766	127.0	157.0	80.0	46.0	76.0	29.0
subimage_D11	10782	0.3383838383838384	0.3943298969072165	0.16312056737588654	0.3485342019543974	0.4451219512195122	0.20689655172413793	0.363887828668363	0.47685185185185186	0.25873951918728033	115.0	146.0	67.0	45.0	76.0	31.0
subimage_C11	6639	0.34285714285714286	0.38461538461538464	0.19601328903654486	0.3563218390804598	0.4239766081871345	0.21864951768488747	0.3766268214544077	0.44314868804664725	0.2623067085222648	124.0	147.0	75.0	47.0	70.0	24.0
subimage_B11	10028	0.34055727554179566	0.40442041829138603	0.16666666666666666	0.3493975903614458	0.4590643274853801	0.1912659991931639	0.3612040133779264	0.4755244755244755	0.25123949219420144	116.0	153.0	64.0	52.0	88.0	36.0
subimage_A11	13404	0.33805668016194335	0.40042896076086654	0.185287305657958	0.35446685878962536	0.4444444444444444	0.2005420054200542	0.3640897755610973	0.4573002754820937	0.25689729055883437	137.0	171.0	77.0	58.0	93.0	34.0
subimage_H12	6503	0.33754345074243003	0.360431782181508	0.19242902208201892	0.3485342019543974	0.4258241758241758	0.22701149425287356	0.3698630136986301	0.45425867507886436	0.2756756756756757	118.0	144.0	77.0	42.0	68.0	27.0
subimage_G12	14605	0.34219269102990035	0.40359897172236503	0.1813186813186813	0.35398230088495575	0.4489795918367347	0.19571045576407506	0.3644859813084112	0.4624277456647399	0.24936386768447838	129.0	162.0	71.0	57.0	91.0	34.0
subimage_F12	4548	0.35583213917872014	0.34182908545727136	0.26666666666666666	0.36754206261472777	0.3465045592705167	0.28615389713836636	0.38271604938271603	0.3512476007677543	0.3006872852233677	239.0	224.0	183.0	52.0	38.0	-14.0
subimage_E12	16010	0.33889485547600107	0.40046789977180974	0.17847025495750707	0.35294117647058826	0.45087433205690075	0.19519118048529813	0.36538461538461536	0.4662390150887083	0.25	127.0	162.0	70.0	56.0	91.0	34.0
subimage_D12	14904	0.3400590923645679	0.3994032825929378	0.17647058823529413	0.35333333333333333	0.44983818770226536	0.1951219512195122	0.36445387965857595	0.46646341463414637	0.25325369107797496	125.0	158.0	69.0	53.0	87.0	33.0
subimage_C12	17694	0.33962264150943394	0.4015884151449154	0.18018018018018017	0.35294117647058826	0.4477211796246649	0.19696969696969696	0.36363636363636365	0.46647230320699706	0.25130008409516313	129.0	162.0	72.0	55.0	90.0	34.0
subimage_B12	24858	0.3365695792880259	0.4075056970509383	0.1789381077326748	0.3545232273838631	0.4503105590062112	0.19428571428571428	0.36312849162011174	0.4647058823529412	0.24620356207369667	126.0	160.0	69.0	57.0	92.0	34.0
subimage_A12	13113	0.33636363636363636	0.4	0.18045527749126902	0.34844192634560905	0.4501347708894879	0.20152091254752852	0.35777126099706746	0.4666666666666667	0.2566585956416465	118.0	152.0	68.0	48.0	81.0	33.0