subimage	all_plant_pixels	ratio_r_q5	ratio_g_q5	ratio_b_q5	ratio_r_median	ratio_g_median	ratio_b_median	ratio_r_q95	ratio_g_q95	ratio_b_q95	pix_r_median	pix_g_median	pix_b_	diff_rb_median	diff_gb_median	diff_gr_median
subimage_H1	10840	0.34220469158571554	0.39436619718309857	0.16727208023293433	0.35223276330896125	0.44385026737967914	0.20317041504376598	0.36259541984732824	0.472	0.25866865671641787	123.0	154.0	71.0	50.0	80.0	31.0
subimage_G1	20374	0.3366013071895425	0.4050218098692574	0.18028169014084508	0.3543307086614173	0.44854881266490765	0.19633507853403143	0.3620253164556962	0.4633431085043988	0.25227514506769827	131.0	166.0	73.0	59.0	94.0	35.0
subimage_F1	15152	0.3333333333333333	0.4007880498706187	0.17492278382357185	0.3469945355191257	0.44959128065395093	0.2028169014084507	0.36637753455935274	0.4721354742560454	0.2559368652674339	123.0	155.0	69.0	46.0	80.0	34.0
subimage_E1	16447	0.3333333333333333	0.397033279813166	0.15770609318996415	0.35218508997429304	0.45345345345345345	0.19434628975265017	0.3660477453580902	0.4835164835164835	0.25956284153005466	116.0	147.0	65.0	49.0	81.0	33.0
subimage_D1	1686	0.33221476510067116	0.35981797207992805	0.21410654562828474	0.3447204968944099	0.41324921135646686	0.24267069871080693	0.3684210526315789	0.4331988215523144	0.27913902605283725	108.0	130.0	76.0	32.0	53.0	22.0
subimage_C1	1384	0.3548922056384743	0.34394904458598724	0.26870336356331076	0.3627450980392157	0.34838709677419355	0.2892561983471074	0.375	0.35578583765112265	0.3001555209953344	220.0	211.0	175.0	45.0	36.0	-9.0
subimage_B1	2410	0.3550834597875569	0.3425925925925926	0.27357709225179105	0.3610271903323263	0.3460949464012251	0.2929535710341088	0.37413337675495734	0.3528428093645485	0.3009118541033435	233.0	224.0	190.0	44.0	34.0	-10.0
subimage_A1	2678	0.33076923076923076	0.3903438142815163	0.21234808434808433	0.3492957746478873	0.4161676646706587	0.2351143827436931	0.3621647609147609	0.43408734016301503	0.2686369680851064	123.0	146.0	83.0	39.0	62.0	23.0
subimage_H2	16943	0.3363914373088685	0.3995500113359685	0.17804154302670624	0.35185185185185186	0.4528301886792453	0.193717277486911	0.36153846153846153	0.46938775510204084	0.2543352601156069	127.0	163.0	70.0	56.0	93.0	36.0
subimage_G2	11352	0.331607455684053	0.38443693061612194	0.1782178217821782	0.34210526315789475	0.44871794871794873	0.20945945945945946	0.3570307631018748	0.4753780882013391	0.2701041270280554	110.0	143.0	66.0	42.0	76.0	34.0
subimage_F2	15654	0.33557046979865773	0.3939393939393939	0.17897727272727273	0.34971098265895956	0.4490861618798956	0.2	0.36409425155061065	0.4689655172413793	0.2608695652173913	127.0	161.0	72.0	51.0	85.0	35.0
subimage_E2	11748	0.3333333333333333	0.4005235602094241	0.17777777777777778	0.345565749235474	0.45722713864306785	0.19710144927536233	0.35664335664335667	0.47249190938511326	0.25683414919491393	117.0	153.0	65.0	48.0	84.0	36.0
subimage_D2	2922	0.3352601156069364	0.34328358208955223	0.2222222222222222	0.3476923076923077	0.39933993399339934	0.25396825396825395	0.3948684632785165	0.41485719689805184	0.295523525994772	114.0	132.0	84.0	31.0	47.0	17.0
subimage_C2	15849	0.3353658536585366	0.4	0.17766463804494542	0.34810126582278483	0.45528455284552843	0.19402985074626866	0.35919540229885055	0.4723926380368098	0.2582230938372853	121.0	158.0	68.0	53.0	90.0	36.0
subimage_B2	10706	0.33532934131736525	0.39770114942528734	0.18209876543209877	0.34615384615384615	0.45244956772334294	0.20257234726688103	0.3542234332425068	0.4694533762057878	0.25814901415571284	115.0	150.0	67.0	46.0	80.0	35.0
subimage_A2	1228	0.3313953488372093	0.37955533251876417	0.22732593493463057	0.3408360128617363	0.4110429447852761	0.2483765549230445	0.35821039623078704	0.42704626334519574	0.2784174028688135	110.0	133.0	79.0	30.0	52.0	23.0
subimage_H3	16441	0.33970276008492567	0.3883495145631068	0.17270194986072424	0.35714285714285715	0.44963144963144963	0.1931216931216931	0.36712328767123287	0.4682080924855491	0.26558891454965355	138.0	174.0	75.0	63.0	98.0	36.0
subimage_G3	17739	0.3385416666666667	0.4035969274328323	0.16964285714285715	0.352112676056338	0.45595854922279794	0.19032258064516128	0.3674540682414698	0.4750733137829912	0.25	126.0	163.0	68.0	56.0	92.0	36.0
subimage_F3	12842	0.3394736842105263	0.38085955821998124	0.15584415584415584	0.35014005602240894	0.4503105590062112	0.2	0.3619032233248711	0.48936170212765956	0.2745990734141126	122.0	156.0	70.0	51.0	87.0	35.0
subimage_E3	12734	0.3357142857142857	0.40095435965001186	0.16565618301426566	0.34760705289672544	0.45248649143694475	0.19817073170731708	0.3619483105942679	0.48563786008230436	0.25598086124401914	119.0	154.0	67.0	49.0	83.0	35.0
subimage_D3	1962	0.3563049853372434	0.3435114503816794	0.26045177562382854	0.36538461538461536	0.3466476462196862	0.28796561604584525	0.3875879151907182	0.35144202717346	0.2994100294985251	247.0	235.0	195.0	52.0	39.0	-13.0
subimage_C3	1586	0.3559322033898305	0.3453182538870704	0.2756849315068493	0.36564238871224164	0.3483670295489891	0.2861491628614916	0.37323666407896194	0.3525065115371817	0.2979668348745123	237.0	225.0	184.0	51.0	40.0	-11.0
subimage_B3	2848	0.3565217391304348	0.3515013047877723	0.21662468513853905	0.3723150357995227	0.3813559322033898	0.2486910994764398	0.384928716904277	0.4053600362952881	0.28420265407107514	156.0	164.0	97.0	55.0	54.0	4.0
subimage_A3	2379	0.3333333333333333	0.3672398418114144	0.23447770620184413	0.34275618374558303	0.4033898305084746	0.2534722222222222	0.3614077362079899	0.41637010676156583	0.27895268609710366	102.0	120.0	75.0	27.0	44.0	18.0
subimage_H4	4413	0.33968980976614566	0.3597402138500788	0.2185089974293059	0.3558951965065502	0.4023529411764706	0.24216524216524216	0.37790578707087036	0.4263259402121503	0.27642316811561474	130.0	148.0	88.0	41.0	58.0	17.0
subimage_G4	10594	0.3384615384615385	0.39511051829268296	0.1729247470260666	0.3515625	0.4444444444444444	0.20216119960687767	0.3629922408260895	0.47038327526132406	0.2587186445395401	128.0	162.0	75.0	53.0	86.0	34.0
subimage_F4	12630	0.3360533564352037	0.38497652582159625	0.1423076923076923	0.3488943488943489	0.44545454545454544	0.20821114369501467	0.36666666666666664	0.5	0.2652582159624413	117.0	150.0	71.0	46.0	79.0	33.0
subimage_E4	8585	0.33624709517607704	0.3959420814479638	0.18873239436619718	0.3473389355742297	0.4403409090909091	0.211864406779661	0.36087648798240957	0.4583333333333333	0.2614181453718996	125.0	160.0	76.0	48.0	80.0	34.0
subimage_D4	1014	0.3543683568791173	0.34238310708898945	0.2913616398243045	0.35756676557863504	0.3448773448773449	0.2971014492753623	0.3629737609329446	0.3484195829530968	0.3023952095808383	243.0	235.0	202.0	40.0	32.0	-9.0
subimage_C4	3012	0.3288135593220339	0.3763440860215054	0.24525597884869607	0.35119047619047616	0.39184952978056425	0.2568493150684932	0.3616136545428881	0.40175953079178883	0.2866649620348857	114.0	127.0	83.0	31.0	44.0	14.0
subimage_B4	2264	0.35714285714285715	0.3442367601246106	0.2669039145907473	0.36817472698907955	0.34797297297297297	0.28399694724054936	0.38141566180397446	0.35190652788057586	0.29799839919864074	237.0	224.0	183.0	54.0	41.0	-13.0
subimage_A4	3062	0.34375	0.3466453674121406	0.2134846644397206	0.36617053969191604	0.38794470218628785	0.25053139878601893	0.3794466403162055	0.4296875	0.28731942215088285	168.0	181.0	111.0	53.0	59.0	8.0
subimage_H5	9885	0.3405836591241164	0.3924625794031517	0.16273448773448773	0.35827664399092973	0.45255474452554745	0.18867924528301888	0.3671875	0.4780749721638005	0.25580569209798004	130.0	163.0	71.0	59.0	92.0	34.0
subimage_G5	3769	0.3333333333333333	0.35494494494494494	0.2306362225670583	0.35347432024169184	0.3848684210526316	0.2623456790123457	0.36779132894938066	0.42664846416382257	0.2878674596431606	118.0	132.0	87.0	31.0	42.0	11.0
subimage_F5	3387	0.33217146175623685	0.3801452784503632	0.1929939155332856	0.3448275862068966	0.4104938271604938	0.24471299093655588	0.38095238095238093	0.43478260869565216	0.277456106870229	111.0	132.0	78.0	32.0	53.0	21.0
subimage_E5	7903	0.3289902280130293	0.40634005763688763	0.18627823753075376	0.341991341991342	0.44412607449856734	0.21341463414634146	0.35403726708074534	0.4708171206225681	0.2554071227102253	111.0	143.0	69.0	41.0	74.0	32.0
subimage_D5	1954	0.35675943462116955	0.34364820846905536	0.25707868559262675	0.36881559220389803	0.34762633996937214	0.2835130970724191	0.3914783427495292	0.3523489932885906	0.2987644664747779	238.0	224.0	184.0	55.0	42.0	-14.0
subimage_C5	3829	0.3415384615384615	0.3674592901878914	0.20917813934084273	0.3492537313432836	0.4078549848942598	0.24324324324324326	0.37718674334140434	0.4306049822064057	0.2686109096461427	111.0	130.0	77.0	34.0	52.0	19.0
subimage_B5	1997	0.3567921440261866	0.34433496005719433	0.26720009469136535	0.37037037037037035	0.34768740031897927	0.28173374613003094	0.381546753408639	0.3543948478791916	0.2977867203219316	235.0	220.0	178.0	56.0	42.0	-14.0
subimage_A5	2088	0.35564853556485354	0.3437057991513437	0.28578612479474547	0.3611898016997167	0.34643377001455605	0.2923728813559322	0.3665223665223665	0.34922081969767804	0.2998073465193938	254.0	243.0	205.0	48.0	38.0	-10.0
subimage_H6	12135	0.33993399339933994	0.4010611631016043	0.17682926829268292	0.3506849315068493	0.45317220543806647	0.19437340153452684	0.36272040302267	0.46956521739130436	0.25106879310024344	125.0	161.0	69.0	54.0	90.0	35.0
subimage_G6	16374	0.33650793650793653	0.40578585430123076	0.17724867724867724	0.3509375366225243	0.4506024096385542	0.19612590799031476	0.363395225464191	0.4688427299703264	0.2506576153176675	131.0	166.0	74.0	54.0	90.0	36.0
subimage_F6	4741	0.34096692111959287	0.38631346578366443	0.19576719576719576	0.35331230283911674	0.425	0.2219020172910663	0.3664772727272727	0.4482758620689655	0.26376146788990823	130.0	156.0	82.0	48.0	75.0	26.0
subimage_E6	15256	0.3395061728395062	0.39220065746095734	0.1687116564417178	0.34791894602479945	0.4548022598870056	0.19741100323624594	0.3582089552238806	0.4766666666666667	0.26066616965759626	118.0	154.0	67.0	50.0	85.0	35.0
subimage_D6	3176	0.32989690721649484	0.3680586319218241	0.22291021671826625	0.35911602209944754	0.3963730569948187	0.2455621301775148	0.36772913466461854	0.4174490279753438	0.2813858974067075	124.0	136.0	85.0	38.0	51.0	14.0
subimage_C6	4785	0.3438619331363811	0.35611349254949987	0.2089041095890411	0.373134328358209	0.40040650406504064	0.22838137472283815	0.3959265267674918	0.42857142857142855	0.2734143087059989	151.0	156.0	94.0	54.0	61.0	11.0
subimage_B6	3494	0.33810888252148996	0.36354942871336315	0.2235589015022772	0.3560830860534125	0.3893805309734513	0.2551928783382789	0.37900905976223875	0.4208860759493671	0.276536312849162	118.0	130.0	85.0	34.0	45.0	11.0
subimage_A6	1906	0.33105731902260793	0.3633038155235945	0.2375	0.3485342019543974	0.3961661341853035	0.2553191489361702	0.36136417183695907	0.41200290875907203	0.2873902615621323	112.0	128.0	81.0	31.0	44.0	16.0
subimage_H7	2438	0.35327635327635326	0.34789340302526334	0.22786639857015192	0.3608946762066456	0.3817084293394777	0.25626472592998106	0.383185964519559	0.40633245382585753	0.29617121626367426	140.0	151.0	96.0	41.0	48.0	8.0
subimage_G7	5290	0.3333333333333333	0.38823134647062413	0.1789024113152887	0.3448275862068966	0.4294032886929988	0.22682059220710782	0.36557106713653204	0.4664310954063604	0.264887225596068	112.0	140.0	74.0	39.0	67.0	28.0
subimage_F7	5168	0.32754715847651084	0.34847875956994	0.23529411764705882	0.3419801269542202	0.39759036144578314	0.2614942528735632	0.37305130995500835	0.41973731639181755	0.2914046121593291	114.0	133.0	87.0	28.0	44.0	19.0
subimage_E7	6359	0.34527687296416937	0.3615450359791569	0.18285714285714286	0.35903614457831323	0.4268292682926829	0.21568627450980393	0.3857566765578635	0.44345238095238093	0.27992633517495397	127.0	150.0	75.0	49.0	74.0	21.0
subimage_D7	14389	0.33458646616541354	0.38443935926773454	0.17164992476310545	0.3496932515337423	0.4562841530054645	0.19387755102040816	0.36246786632390743	0.47440273037542663	0.26666666666666666	122.0	158.0	67.0	51.0	87.0	36.0
subimage_C7	10844	0.3381294964028777	0.3818615751789976	0.15354330708661418	0.3502824858757062	0.45202020202020204	0.19655172413793104	0.36666666666666664	0.49242424242424243	0.2695625335480408	125.0	158.0	69.0	49.0	83.0	34.0
subimage_B7	1238	0.33148756678584346	0.3489927407079761	0.23869269949066213	0.3465045592705167	0.3953488372093023	0.260030959752322	0.37241881127450976	0.40878546166001956	0.2932075925480547	113.0	131.0	85.0	29.0	44.0	17.0
subimage_A7	14826	0.33819241982507287	0.40625	0.17522658610271905	0.3489736070381232	0.45698924731182794	0.19220417465542816	0.36074270557029176	0.4707792207792208	0.24859124229017987	119.0	155.0	66.0	52.0	88.0	36.0
subimage_H8	9621	0.34011627906976744	0.37777777777777777	0.16538461538461538	0.3494897959183674	0.43535620052770446	0.21628498727735368	0.36704119850187267	0.4738562091503268	0.2676991150442478	121.0	151.0	74.0	46.0	75.0	30.0
subimage_G8	8974	0.33451957295373663	0.3968930849775241	0.16276310603074498	0.34615384615384615	0.4484848484848485	0.20588235294117646	0.35983818308609106	0.4840989399293286	0.25562536960378474	109.0	141.0	64.0	44.0	76.0	32.0
subimage_F8	12143	0.33647798742138363	0.3447342357213602	0.1548430541978929	0.3493975903614458	0.4414715719063545	0.21296296296296297	0.36779911373707536	0.48546960656631427	0.29454022988505746	118.0	150.0	72.0	45.0	77.0	31.0
subimage_E8	11558	0.33857897465011233	0.3844282238442822	0.1412639405204461	0.35336538461538464	0.44242424242424244	0.20930232558139536	0.375	0.4892086330935252	0.2654462242562929	120.0	151.0	71.0	48.0	79.0	31.0
subimage_D8	8995	0.3431517027863777	0.38202247191011235	0.1625	0.3586626139817629	0.44021739130434784	0.20161290322580644	0.3764367816091954	0.4674922600619195	0.26821005183682667	133.0	163.0	76.0	58.0	88.0	30.0
subimage_C8	10661	0.33773087071240104	0.38596491228070173	0.1524822695035461	0.3472222222222222	0.4380664652567976	0.2177650429799427	0.365	0.4904214559386973	0.2649164677804296	120.0	152.0	75.0	44.0	76.0	32.0
subimage_B8	8857	0.3363581763581764	0.3994764253249893	0.19047619047619047	0.34710743801652894	0.44036697247706424	0.21212121212121213	0.3606060606060606	0.4570552147239264	0.258341307814992	119.0	151.0	71.0	46.0	77.0	31.0
subimage_A8	9729	0.3344947735191638	0.40292693399489515	0.18562874251497005	0.34593023255813954	0.4479768786127168	0.20618556701030927	0.3564356435643564	0.46285714285714286	0.2543370907139023	118.0	153.0	69.0	47.0	80.0	34.0
subimage_H9	1825	0.35454931480409185	0.3412991056605212	0.2636776911468813	0.3628571428571429	0.3469675599435825	0.29014084507042254	0.3865799872530274	0.35294117647058826	0.302491103202847	249.0	235.0	193.0	49.0	38.0	-11.0
subimage_G9	6165	0.3323170731707317	0.3727160493827161	0.20379750656564133	0.3487654320987654	0.4174454828660436	0.2360655737704918	0.36577181208053694	0.43870967741935485	0.27710843373493976	114.0	137.0	78.0	36.0	59.0	23.0
subimage_F9	3453	0.35604770017035775	0.34359805510534847	0.25890824406148116	0.3701923076923077	0.34674922600619196	0.2826747720364742	0.39090166298183204	0.35171627114199555	0.2991869918699187	233.0	219.0	179.0	55.0	40.0	-14.0
subimage_E9	3910	0.32379451494064676	0.37672666454284803	0.23545706371191136	0.3463855421686747	0.39916830929902825	0.25848246991104135	0.36416405368117394	0.4128020772986841	0.28530756069740915	113.0	129.0	86.0	29.0	42.0	18.0
subimage_D9	7160	0.3333333333333333	0.3925692970822281	0.15611223628691984	0.3469387755102041	0.44	0.21264367816091953	0.36578947368421055	0.488	0.2616592416832114	118.0	149.0	73.0	46.0	78.0	32.0
subimage_C9	7950	0.3389355742296919	0.3901869158878505	0.17307692307692307	0.3501577287066246	0.43714285714285717	0.21289418993403814	0.36666666666666664	0.4649298084911488	0.26057906458797325	123.0	154.0	75.0	47.0	78.0	31.0
subimage_B9	7629	0.33923602554049515	0.38596491228070173	0.16883116883116883	0.352112676056338	0.4406779661016949	0.20738636363636365	0.3654390934844193	0.47315436241610737	0.26606725116458835	126.0	158.0	74.0	52.0	83.0	31.0
subimage_A9	7055	0.3333333333333333	0.3948400470330651	0.18562874251497005	0.3475783475783476	0.4463276836158192	0.20679886685552407	0.3625113293051359	0.459375	0.25838255705109575	118.0	150.0	69.0	47.0	78.0	32.0
subimage_H10	3157	0.34782608695652173	0.3624147422289307	0.20874791528997136	0.3569230769230769	0.39644970414201186	0.24702380952380953	0.37309216013344454	0.4365096114144148	0.27628546508645013	120.0	133.0	84.0	37.0	51.0	13.0
subimage_G10	5679	0.3353275644556584	0.3891385921987484	0.17557251908396945	0.344559585492228	0.42424242424242425	0.23157894736842105	0.36328125	0.46494464944649444	0.2662932224863695	115.0	141.0	78.0	38.0	65.0	27.0
subimage_F10	3673	0.3319838056680162	0.3783783783783784	0.24035098890742604	0.34626865671641793	0.3974358974358974	0.2563291139240506	0.36279636982416336	0.4112451009948749	0.27859796550199023	110.0	127.0	81.0	29.0	44.0	16.0
subimage_E10	1693	0.3560306679850226	0.34177215189873417	0.2679182488273397	0.3694968553459119	0.3466453674121406	0.2836990595611285	0.3854081632653061	0.3502746880440335	0.3009526128374471	234.0	218.0	178.0	54.0	39.0	-14.0
subimage_D10	7744	0.336283185840708	0.3886138613861386	0.16538461538461538	0.35172413793103446	0.4430379746835443	0.20364741641337386	0.37085838654494335	0.47601476014760147	0.2642034932659933	115.0	145.0	69.0	48.0	79.0	31.0
subimage_C10	11608	0.3387096774193548	0.3856831279202038	0.18556701030927836	0.35962145110410093	0.43833818717865747	0.2037914691943128	0.3688118811881188	0.4509283819628647	0.2632405288583778	138.0	167.0	77.0	59.0	88.0	30.0
subimage_B10	5165	0.3288135593220339	0.37868375072801397	0.22697368421052633	0.34441087613293053	0.40476190476190477	0.25483870967741934	0.3627450980392157	0.4187725631768953	0.2828814460393408	106.0	126.0	77.0	27.0	45.0	19.0
subimage_A10	5672	0.325	0.38562291472953014	0.22508278928943135	0.33986928104575165	0.4107926107926108	0.2490908610042184	0.35429422894985807	0.4306569343065693	0.2796352583586626	112.0	133.0	83.0	28.0	50.0	23.0
subimage_H11	3141	0.33559322033898303	0.3480083857442348	0.23460410557184752	0.3558897243107769	0.3920595533498759	0.2514792899408284	0.375	0.4074074074074074	0.29347826086956524	133.0	147.0	92.0	39.0	51.0	14.0
subimage_G11	2944	0.3347696205403566	0.35001989389920424	0.22344322344322345	0.3511705685618729	0.39805825242718446	0.25333333333333335	0.3659217877094972	0.42542877716679756	0.29069767441860467	109.0	122.0	79.0	30.0	43.0	15.0
subimage_F11	3682	0.3298629009163803	0.34375	0.24028778200597986	0.3498452012383901	0.391304347826087	0.2604501607717042	0.36363636363636365	0.40850177304964536	0.2962394957983193	112.0	124.0	83.0	29.0	41.0	13.0
subimage_E11	5752	0.3371757925072046	0.355119825708061	0.191374520532491	0.35294117647058826	0.40425531914893614	0.24522292993630573	0.37398373983739835	0.4438583967522874	0.28710599419953153	118.0	136.0	83.0	36.0	53.0	18.0
subimage_D11	10597	0.33766233766233766	0.3883945405937808	0.18468154565715542	0.3485342019543974	0.4423076923076923	0.20967741935483872	0.3609022556390977	0.4623361319782	0.26501527468544483	113.0	144.0	69.0	44.0	73.0	31.0
subimage_C11	11940	0.34129439645132215	0.38363002205713204	0.18208092485549132	0.35714285714285715	0.43523316062176165	0.20827977720651242	0.3689854635836408	0.4536082474226804	0.26724233929805696	125.0	152.0	73.0	50.0	76.0	27.0
subimage_B11	8567	0.3367452135493373	0.38902147971360385	0.16170212765957448	0.3469387755102041	0.4483870967741935	0.20527859237536658	0.3578133831905735	0.48767443435848795	0.2654462242562929	110.0	142.0	65.0	44.0	75.0	31.0
subimage_A11	11679	0.34210526315789475	0.39851299039678406	0.1806020066889632	0.35517241379310344	0.4383954154727794	0.2054794520547945	0.3688760806916426	0.45804421385066546	0.25195009714694755	118.0	145.0	68.0	48.0	75.0	27.0
subimage_H12	1891	0.3322475570032573	0.35819689503523555	0.24458204334365324	0.34868421052631576	0.39255014326647564	0.25846153846153846	0.36470333209463646	0.4024390243902439	0.2854951796669588	118.0	134.0	88.0	31.0	45.0	15.0
subimage_G12	2418	0.3566793370317101	0.34169171885376426	0.27256032140391884	0.3707692307692308	0.34735202492211836	0.2815384615384615	0.38011996314988383	0.3511326860841424	0.30062453172443704	240.0	224.0	183.0	58.0	43.0	-15.0
subimage_F12	4858	0.33746130030959753	0.35329904779015453	0.20445885123947669	0.3675799086757991	0.4	0.23642777987362068	0.3827700562415153	0.43409082157228945	0.28545920744472675	157.0	169.0	97.0	55.0	64.0	13.0
subimage_E12	1985	0.35478806907378335	0.3417910447761194	0.2684458398744113	0.3665158371040724	0.346969696969697	0.28637770897832815	0.3810264385692068	0.3510971786833856	0.30269413629160064	242.0	228.0	187.0	53.0	39.0	-13.0
subimage_D12	6893	0.32967032967032966	0.3831251351935972	0.1824779299847793	0.34441087613293053	0.43202416918429004	0.2238372093023256	0.3561643835616438	0.47287119755739	0.27086359416030115	112.0	139.0	72.0	38.0	66.0	28.0
subimage_C12	8791	0.3291139240506329	0.41374178981937604	0.16183473389355743	0.34539473684210525	0.44516129032258067	0.20952380952380953	0.357487922705314	0.49019607843137253	0.24689818663218496	103.0	133.0	63.0	40.0	70.0	29.0
subimage_B12	6748	0.3353658536585366	0.40244956338452276	0.15053519925254905	0.34701492537313433	0.45517241379310347	0.19727891156462585	0.3588709677419355	0.49387755102040815	0.25530170910359257	105.0	136.0	61.0	43.0	75.0	32.0
subimage_A12	16832	0.33557046979865773	0.3968512478925403	0.17647058823529413	0.35374149659863946	0.45195729537366547	0.19414406515470345	0.36615384615384616	0.4662576687116564	0.2531791252549451	115.0	145.0	63.0	49.0	80.0	31.0