subimage	all_plant_pixels	ratio_r_q5	ratio_g_q5	ratio_b_q5	ratio_r_median	ratio_g_median	ratio_b_median	ratio_r_q95	ratio_g_q95	ratio_b_q95	pix_r_median	pix_g_median	pix_b_	diff_rb_median	diff_gb_median	diff_gr_median
subimage_H1	984	0.3319711091843686	0.376570638885936	0.24087018806935057	0.3405994550408719	0.4011627906976744	0.25816508601462346	0.357487922705314	0.4136739417989418	0.2777240143369175	113.0	135.0	86.0	28.0	48.0	20.0
subimage_G1	674	0.33868011769651113	0.3242920394797528	0.19789544288047284	0.3581267217630854	0.4025949615665152	0.24180107526881722	0.41810344827586204	0.43890977803291237	0.2916554595315223	129.0	148.0	85.0	44.5	57.0	20.0
subimage_F1	825	0.3345144070177629	0.37006094577160903	0.19802623119454804	0.3507692307692308	0.4255952380952381	0.22397476340694006	0.36798490566037734	0.44554455445544555	0.28181943240752205	113.0	139.0	72.0	41.0	65.0	25.0
subimage_E1	1218	0.3389261744966443	0.3574123896720704	0.22501144665857106	0.3510805042353098	0.38870431893687707	0.25874620507685214	0.40860215053763443	0.40795491590500227	0.2812780688622754	105.0	118.0	76.0	27.0	40.0	12.0
subimage_D1	7637	0.3417085427135678	0.39004716821066204	0.18911174785100288	0.35347432024169184	0.4301369863013699	0.21643835616438356	0.3659942363112392	0.45294117647058824	0.2628070838847923	126.0	154.0	76.0	49.0	76.0	27.0
subimage_C1	9512	0.35435992578849723	0.3786060697691999	0.17933130699088146	0.3775280898876405	0.4130953937829432	0.20787746170678337	0.3885168695185251	0.44683843085106373	0.26634419145564203	171.0	183.0	93.0	72.0	85.0	15.0
subimage_B1	880	0.3267605633802817	0.36187845303867405	0.22004363686538977	0.3423687066878183	0.41343467984529436	0.2439373897707231	0.38723897630147613	0.4315507852077001	0.2802754564977912	116.0	141.0	82.0	34.0	57.0	25.0
subimage_A1	860	0.35547056990667236	0.34183580705009275	0.22144438894438895	0.38380636827716785	0.3536713735558408	0.26121653339698453	0.41615999783127294	0.3706467661691542	0.3003818000163119	187.0	173.0	127.5	58.0	45.0	-13.0
subimage_H2	11815	0.3424354108889213	0.3902439024390244	0.1455865948882099	0.35563380281690143	0.4666666666666667	0.17664670658682635	0.3668639053254438	0.49356079404466496	0.2631578947368421	121.0	158.0	59.0	59.0	95.0	36.0
subimage_G2	1112	0.3333333333333333	0.3724663635946182	0.2172661960758075	0.3450479233226837	0.4124190688275805	0.2425249169435216	0.3718425513880059	0.42970651966095214	0.2813154069767442	108.0	129.0	75.0	32.0	52.5	21.0
subimage_F2	16812	0.3389669937555754	0.39756358768406963	0.15497076023391812	0.3565459610027855	0.45673658733360223	0.18601516956058423	0.36899751449875723	0.4808259587020649	0.2572178477690289	127.0	163.0	66.0	60.0	96.0	35.0
subimage_E2	1621	0.338368580060423	0.35691318327974275	0.2361111111111111	0.346875	0.3929712460063898	0.25732899022801303	0.38529411764705884	0.411371237458194	0.2807570977917981	112.0	128.0	82.0	29.0	43.0	16.0
subimage_D2	1089	0.3327927927927928	0.3436642342781435	0.22832731004327844	0.35572519083969467	0.37971014492753624	0.26704545454545453	0.40485643632367074	0.410727969348659	0.29723989675675283	135.0	136.0	97.0	35.0	44.0	5.0
subimage_C2	7460	0.3527119279819955	0.38235294117647056	0.18313253012048192	0.3711111111111111	0.4256658261760302	0.20414201183431951	0.3848396501457726	0.4412470023980815	0.25862268057657084	150.0	165.0	80.0	63.0	80.0	22.0
subimage_B2	994	0.33236699303999057	0.3526083481041254	0.21220886075949366	0.34300791556728233	0.4159156721063029	0.24012158054711247	0.38270197933524214	0.4402125827617945	0.2847218199022845	118.0	144.0	83.0	36.0	60.0	26.0
subimage_A2	699	0.3323803556715188	0.35236993919234966	0.22101485613991098	0.3448275862068966	0.40054495912806537	0.25440806045340053	0.37622217063964636	0.42857142857142855	0.28813923819938037	126.0	146.0	93.0	34.0	54.0	21.0
subimage_H3	1152	0.33228393714535137	0.3538051209103841	0.22994652406417113	0.34	0.3874676925721009	0.270516717325228	0.3931427627230668	0.40197544133932644	0.2857142857142857	107.0	123.0	85.0	22.0	37.0	15.0
subimage_G3	8566	0.34057971014492755	0.3907096311352902	0.17183098591549295	0.35924932975871315	0.4368421052631579	0.20618556701030927	0.3699421965317919	0.4619718309859155	0.26167619001501136	132.0	163.0	73.0	57.0	84.0	29.0
subimage_F3	649	0.3377947096032202	0.3471648677597429	0.22716621868395673	0.35311572700296734	0.3983516483516483	0.25348189415041783	0.3807919213393569	0.4163150901843729	0.28996741326751097	119.0	138.0	88.0	34.0	48.0	17.0
subimage_E3	1328	0.3433473895582329	0.37639727387372884	0.22039473684210525	0.35294117647058826	0.40894568690095845	0.23809523809523808	0.36451612903225805	0.42474916387959866	0.2735934253736344	110.0	128.0	74.0	36.0	53.0	18.0
subimage_D3	1247	0.3372064867077059	0.37413179614830344	0.22590361445783133	0.3504531722054381	0.4088235294117647	0.24107142857142858	0.3709777505613391	0.41910124704719004	0.2778837420526794	119.0	139.0	82.0	37.0	57.0	20.0
subimage_C3	11942	0.34195402298850575	0.3975	0.1601462810404829	0.36	0.45706371191135736	0.18351063829787234	0.3725462104612618	0.4725274725274725	0.25389582933868243	133.0	167.0	66.0	64.0	98.0	35.0
subimage_B3	1269	0.34028149860610596	0.3603587194373822	0.21753649592952193	0.3507246376811594	0.41423948220064727	0.23529411764705882	0.37251361041030406	0.425	0.27908022764824675	122.0	144.0	80.0	39.0	60.0	22.0
subimage_A3	522	0.3333333333333333	0.3432902214904127	0.21482536941086164	0.3582996613183738	0.37344398340248963	0.2634381586477395	0.42883263311326414	0.41356992757701977	0.2981366459627329	133.5	142.0	98.0	33.0	43.0	2.0
subimage_H4	959	0.3305173396792345	0.3538123203488948	0.24025974025974026	0.3416149068322981	0.3936781609195402	0.263768115942029	0.36646163984842656	0.41439257390050466	0.28619984525256986	110.0	128.0	84.0	26.0	41.0	17.0
subimage_G4	1096	0.3315508021390374	0.35460372006763763	0.23474874519645517	0.34355828220858897	0.398610910491598	0.25806451612903225	0.37300386180983197	0.4158730158730159	0.28493150684931506	116.0	135.0	87.0	29.0	47.0	20.0
subimage_F4	1559	0.3380281690140845	0.3631505162451454	0.2236842105263158	0.34983498349834985	0.40404040404040403	0.24695121951219512	0.3670961647458908	0.421875	0.27947295100998376	111.0	129.0	79.0	33.0	50.0	18.0
subimage_E4	630	0.3343015541676878	0.36814948709247997	0.2241756244482526	0.3456582981191482	0.39404094767796705	0.2585142583273424	0.37732949031930124	0.4131181318681318	0.28085541354109655	112.5	130.0	85.0	29.0	44.5	16.0
subimage_D4	9302	0.3507853403141361	0.38826185101580135	0.15432098765432098	0.36153846153846153	0.4429347826086957	0.19571045576407506	0.3769968051118211	0.4723926380368098	0.25707547169811323	136.0	166.0	74.0	62.0	92.0	30.0
subimage_C4	1161	0.34069400630914826	0.3644251626898048	0.21241830065359477	0.35384615384615387	0.4068965517241379	0.2413793103448276	0.3706070287539936	0.42857142857142855	0.27710843373493976	108.0	126.0	73.0	35.0	50.0	17.0
subimage_B4	1106	0.3386841639695705	0.35014087843627456	0.2214819753842118	0.3485342019543974	0.4	0.2496498599439776	0.4130591184913339	0.4200626959247649	0.2875820938767626	112.0	131.0	79.0	33.0	50.0	18.0
subimage_A4	560	0.3323838119216113	0.34583241556534505	0.2144843062722636	0.3546406046774154	0.3837235750602087	0.25877893615828707	0.4235474755966559	0.4140240760208604	0.29645965358558574	119.0	134.0	87.0	32.0	45.0	10.5
subimage_H5	13035	0.3416149068322981	0.401432150595883	0.16479494667343828	0.3561253561253561	0.45714285714285713	0.18627450980392157	0.36585365853658536	0.47399969972224304	0.25316455696202533	129.0	165.0	67.0	61.0	97.0	36.0
subimage_G5	1072	0.3435372078864797	0.35899226762869846	0.2193428184281843	0.3542319749216301	0.40973217128303085	0.23521462639109697	0.37427512770702925	0.4240506329113924	0.27739286968739024	121.0	141.0	80.0	40.0	59.0	20.0
subimage_F5	6052	0.34275684710538123	0.3927014529321913	0.11954573012298632	0.35522388059701493	0.4577259475218659	0.187683284457478	0.37037037037037035	0.5112319043878352	0.2588051542366263	121.0	156.0	64.0	57.0	93.0	36.0
subimage_E5	1240	0.34403637459807074	0.35747066942719113	0.2343172979007938	0.35313531353135313	0.3968253968253968	0.25	0.38206293706293704	0.40790133779264215	0.2788485697719366	109.0	123.0	77.0	32.0	45.0	14.0
subimage_D5	13227	0.34196891191709844	0.39903027325472584	0.1639784946236559	0.360313315926893	0.45263157894736844	0.18783068783068782	0.37057220708446864	0.47058823529411764	0.2526074113856068	138.0	171.0	70.0	64.0	98.0	35.0
subimage_C5	5724	0.34234234234234234	0.3986771015413952	0.13807801899592945	0.3554913294797688	0.45558739255014324	0.18895348837209303	0.36585365853658536	0.5	0.2562843444013761	124.0	158.0	66.0	58.0	93.0	35.0
subimage_B5	1123	0.3333333333333333	0.3817663817663818	0.21725637181409294	0.3447204968944099	0.41118421052631576	0.24489795918367346	0.3612884579526384	0.4251617720258835	0.2744902449757958	101.0	121.0	72.0	30.0	49.0	19.0
subimage_A5	868	0.3411426666365301	0.3473762299709646	0.15617448884758364	0.366493199434505	0.42809860387763143	0.20833333333333334	0.40634688468846886	0.46543342911877394	0.28986472532011565	111.0	133.0	62.0	49.0	65.0	20.0
subimage_H6	819	0.3311186147186147	0.3623817778850585	0.2408423667570009	0.34049079754601225	0.40425531914893614	0.25513196480938416	0.36086792249149885	0.4161745400395791	0.2816326395333421	113.0	134.0	85.0	29.0	49.0	21.0
subimage_G6	3327	0.33041698449021106	0.3431192660550459	0.20933515731874147	0.3551236749116608	0.3981191222570533	0.2463768115942029	0.3893948044533257	0.4199395770392749	0.2974773042409021	125.0	143.0	86.0	39.0	52.0	17.0
subimage_F6	1494	0.3423728813559322	0.35243214519293653	0.22887323943661972	0.3586206896551724	0.3948220064724919	0.24769222029710003	0.3822876932342903	0.40924092409240925	0.286735719766119	107.0	120.0	75.0	34.0	44.0	11.0
subimage_E6	963	0.33222591362126247	0.37816119355543637	0.2340412677758156	0.340625	0.39935064935064934	0.26006191950464397	0.36999299719887957	0.4093654667480171	0.2782257231404959	107.0	126.0	82.0	25.0	44.0	18.0
subimage_D6	4464	0.34381911781490093	0.39480816818011094	0.16562787576687116	0.35945945945945945	0.43820224719101125	0.2025974025974026	0.37735102304973367	0.4642857142857143	0.2571318398824825	134.0	164.0	76.0	59.0	88.0	29.0
subimage_C6	3684	0.35477582846003897	0.37243113294700597	0.18926553672316385	0.36910994764397903	0.42245989304812837	0.20689655172413793	0.3959971952775359	0.4394302176696543	0.2623731126205149	138.0	159.0	78.0	61.0	81.0	21.0
subimage_B6	661	0.3435897435897436	0.3471698113207547	0.2113095238095238	0.3588039867109635	0.38275862068965516	0.24444444444444444	0.4090909090909091	0.42902208201892744	0.29366602687140114	121.0	140.0	81.0	40.0	51.0	9.0
subimage_A6	1022	0.3413934124235502	0.3415384615384615	0.23953195121635779	0.357748227203333	0.35109159943046986	0.27640233688769045	0.3847806569773705	0.4115569651283937	0.30211240207685913	180.0	171.5	127.0	36.0	35.0	-7.0
subimage_H7	472	0.3324198047947018	0.34651697794974823	0.23776942711287577	0.34389429306663255	0.38523508802283835	0.26353970249319086	0.4052483569261881	0.4147834743653559	0.29541082971671334	121.0	138.0	92.0	30.0	43.0	16.0
subimage_G7	7386	0.34845265688041893	0.3798944049237971	0.17301038062283736	0.3729940326841149	0.4254278728606357	0.19977064220183488	0.3922518159806295	0.45423430412986393	0.2652953813104189	144.0	159.0	76.0	61.0	80.0	19.0
subimage_F7	856	0.3407635833292134	0.3477084184394934	0.22865853658536586	0.3533028580063847	0.3922953252535246	0.2532270153231179	0.3742815249266862	0.4166666666666667	0.2939343810311552	112.0	126.0	79.0	32.5	43.0	13.0
subimage_E7	2092	0.33865814696485624	0.3739519264757865	0.20905923344947736	0.3492063492063492	0.40185482483802537	0.24918032786885247	0.3854473574698293	0.41481563718619463	0.2732732732732733	108.0	125.0	77.0	31.0	47.0	16.0
subimage_D7	11419	0.345210971107789	0.39869137082145634	0.15472779369627507	0.36033519553072624	0.46112600536193027	0.17751479289940827	0.37359550561797755	0.4808259587020649	0.2505509389030834	130.0	167.0	63.0	66.0	101.0	36.0
subimage_C7	3438	0.344311377245509	0.38494247570715956	0.13153322495427758	0.3554817275747508	0.44901208891199795	0.1956521739130435	0.3754811987945421	0.4961832061068702	0.2665418502202643	115.0	146.0	64.0	51.0	81.0	30.0
subimage_B7	501	0.3392226148409894	0.3493723849372385	0.21176470588235294	0.3701067615658363	0.3829113924050633	0.24180327868852458	0.40498442367601245	0.4144486692015209	0.29218106995884774	110.0	117.0	74.0	39.0	44.0	1.0
subimage_A7	681	0.3284671532846715	0.3452830188679245	0.18006430868167203	0.3553113553113553	0.40318302387267907	0.24382716049382716	0.4494047619047619	0.43866171003717475	0.2956989247311828	115.0	133.0	79.0	37.0	51.0	17.0
subimage_H8	7467	0.35435872765969856	0.3733748697318437	0.17866666666666667	0.3740053050397878	0.4146341463414634	0.20947630922693267	0.3891850097520201	0.43946256486286134	0.2653061224489796	143.0	159.0	77.0	62.0	77.0	16.0
subimage_G8	3783	0.339041095890411	0.39402197571263453	0.1336522938741965	0.36	0.4276315789473684	0.21455938697318008	0.3982274389274548	0.47540983606557374	0.26220922941877234	109.0	129.0	67.0	44.0	64.0	21.0
subimage_F8	1110	0.3368827926637257	0.3430591040708567	0.23054755043227665	0.35878126503126506	0.3728813559322034	0.2721224609949956	0.38127090301003347	0.4077017445820163	0.29784544652655975	124.0	135.0	94.0	34.0	36.0	4.0
subimage_E8	816	0.3408070650479643	0.358773235002372	0.24701484509466437	0.3510971786833856	0.38733211233211234	0.2607361963190184	0.37209302325581395	0.40175953079178883	0.2816488855020004	115.0	126.0	85.0	30.0	40.0	13.0
subimage_D8	3205	0.3375894674633922	0.36877547654390797	0.1987615628620814	0.35428571428571426	0.40397350993377484	0.24528301886792453	0.3746294860483562	0.4394904458598726	0.2757475083056478	114.0	136.0	78.0	35.0	55.0	18.0
subimage_C8	1151	0.3397130647130647	0.3625365497076023	0.24032217782217782	0.34782608695652173	0.39823008849557523	0.25386996904024767	0.3642482776110571	0.40894568690095845	0.278543092549806	111.0	127.0	81.0	30.0	46.0	16.0
subimage_B8	958	0.3422248803827751	0.36022580290062467	0.21359223300970873	0.35225576662143826	0.4115755627009646	0.23512242650173687	0.37414285714285717	0.42811651357827474	0.28103834934567934	117.0	139.0	78.0	39.0	58.0	20.0
subimage_A8	590	0.3323979069950429	0.3482201309328969	0.20219941570924724	0.35166149639833855	0.4	0.2464352033831682	0.4287861046057767	0.4271348314606741	0.29001537205168854	134.5	151.0	92.0	39.0	57.0	21.0
subimage_H9	3277	0.3401360544217687	0.36961504920891985	0.21029958096191131	0.3547297297297297	0.39603960396039606	0.24745762711864408	0.3780487804878049	0.4316267942583732	0.2742382271468144	113.0	127.0	79.0	34.0	47.0	13.0
subimage_G9	880	0.3451315409772989	0.34967694338743494	0.23100048685491725	0.356947089354393	0.38520212847408314	0.2586218287526427	0.3893434108527131	0.40752351097178685	0.2908306640202802	115.0	127.0	83.0	33.0	42.0	11.0
subimage_F9	797	0.34502568043029885	0.3456736446591519	0.2331288343558282	0.35634328358208955	0.3870967741935484	0.25477707006369427	0.38162522741055177	0.4088050314465409	0.2967311970555307	116.0	129.0	83.0	34.0	44.0	10.0
subimage_E9	1904	0.346031746031746	0.355122879889235	0.2156243166411546	0.3554111918055497	0.4032258064516129	0.24104234527687296	0.38786652714800596	0.4206858378928617	0.280109126984127	109.0	124.0	74.0	35.0	49.0	15.0
subimage_D9	14291	0.34600760456273766	0.39433274229701243	0.1466275659824047	0.3611111111111111	0.46875	0.16857142857142857	0.37183098591549296	0.4881656804733728	0.2558139534883721	126.0	164.0	58.0	66.0	103.0	37.0
subimage_C9	2720	0.3410797183536572	0.3863080684596577	0.16927658548348204	0.3574520399386709	0.42900302114803623	0.21296296296296297	0.384366232983751	0.45161290322580644	0.26526311843213246	121.0	146.0	72.0	49.0	73.0	24.0
subimage_B9	13661	0.34726688102893893	0.39503386004514673	0.14893617021276595	0.3629032258064516	0.46153846153846156	0.17582417582417584	0.3753581661891118	0.4830188679245283	0.2564102564102564	132.0	168.0	63.0	67.0	102.0	35.0
subimage_A9	703	0.3531857031857032	0.3469424068559808	0.1746333514394351	0.37362637362637363	0.3983402489626556	0.22105263157894736	0.4237640946655786	0.43858930112165656	0.29473083850310183	106.0	115.0	63.0	45.0	52.0	8.0
subimage_H10	7926	0.3475783475783476	0.3787616348239905	0.18313953488372092	0.3639963424462216	0.4114583333333333	0.2248969387924041	0.3843991015505499	0.4383954154727794	0.2681564245810056	127.0	143.0	75.0	46.0	63.0	16.0
subimage_G10	369	0.3521570200285764	0.34196129032258066	0.2361492399815753	0.35990338164251207	0.3573200992555831	0.2783171521035599	0.4074735546328945	0.3783783783783784	0.2982279870649022	117.0	111.0	83.0	27.0	26.0	-2.0
subimage_F10	1236	0.3469387755102041	0.34370207055214724	0.2448095008439836	0.3590936934057739	0.3793103448275862	0.26277372262773724	0.3853363406382395	0.3900709219858156	0.29656483846395126	106.0	113.0	77.0	30.0	35.0	6.0
subimage_E10	896	0.3454395933014354	0.3511248003650468	0.2214897935221993	0.35787713430734025	0.38524005575906894	0.2550677989316532	0.3945384818830997	0.3986368462513272	0.29056800703142166	110.0	120.0	78.5	31.0	39.0	8.0
subimage_D10	11451	0.3471264367816092	0.39862538446196316	0.15015494727954792	0.36253041362530414	0.4583333333333333	0.1794871794871795	0.3762669063516521	0.4796511627906977	0.249750499001996	134.0	168.0	66.0	67.0	102.0	35.0
subimage_C10	1490	0.3520257677659833	0.34988097171888044	0.2513717983775408	0.3614449976292082	0.3741258741258741	0.26334519572953735	0.37593984962406013	0.38408304498269896	0.2903225806451613	104.0	108.0	76.0	29.0	32.0	3.0
subimage_B10	1562	0.3432343234323432	0.34888059701492535	0.22819156696819376	0.3540515091362549	0.39375	0.2515823418659616	0.3916046916046916	0.4134228504122497	0.2905648160728236	109.0	123.0	78.0	32.0	44.0	13.0
subimage_A10	1130	0.35335689045936397	0.33642491063353286	0.22555656519763745	0.3612652993255807	0.36162361623616235	0.2730496453900709	0.4241954022988506	0.3811188811188811	0.29789604881315573	100.0	102.0	76.0	25.0	26.0	0.0
subimage_H11	606	0.35141673931996514	0.34553712703435807	0.24512387387387385	0.3584905660377358	0.3660377358490566	0.27443901748425004	0.37901521555367707	0.3821793323083681	0.2935555823486858	102.0	105.0	78.0	24.0	26.0	2.0
subimage_G11	11950	0.3493670886075949	0.3927341124153266	0.15555555555555556	0.36338028169014086	0.4531645569620253	0.183206106870229	0.37393767705382436	0.47386247181799546	0.25557809330628806	133.0	165.0	66.0	65.0	97.0	33.0
subimage_F11	708	0.3433333333333333	0.34361550733307955	0.23272227064719983	0.3563636363636364	0.37213138686131386	0.26460352122287434	0.4073127105885726	0.40276118695487295	0.29697308132875144	109.0	121.0	80.0	28.0	35.0	4.0
subimage_E11	636	0.34753517032903153	0.3473836133520835	0.25081099656357386	0.3554045426925414	0.3788137346157824	0.26645252433591815	0.37063492063492065	0.3937550713569758	0.29514909492332453	109.0	118.0	82.0	28.0	35.0	7.0
subimage_D11	1827	0.3497157206481569	0.3504950495049505	0.1648503975989356	0.3620689655172414	0.4106145251396648	0.22631578947368422	0.4050632911392405	0.43907069366080315	0.28732046095605696	129.0	147.0	80.0	48.0	64.0	16.0
subimage_C11	586	0.3423728813559322	0.348532108112772	0.25224306098231597	0.35334511189634865	0.37959948537226607	0.26804123711340205	0.3788489284583172	0.3898305084745763	0.29043041396886626	102.0	111.0	78.0	25.0	32.0	8.0
subimage_B11	961	0.3395061728395062	0.36147186147186144	0.20952380952380953	0.35514018691588783	0.42244224422442245	0.22330097087378642	0.37337662337662336	0.43278688524590164	0.28153153153153154	110.0	132.0	69.0	41.0	62.0	21.0
subimage_A11	652	0.33651516511127066	0.36948941398650725	0.19114705882352942	0.357627391464312	0.42193391928452273	0.22103356216628528	0.37326315789473685	0.44321808510638294	0.2774705130027	102.0	122.0	64.0	39.0	57.0	19.0
subimage_H12	17788	0.3463977155736108	0.4035559354712377	0.15561959654178675	0.36257309941520466	0.45768025078369906	0.17912443131933914	0.37283236994219654	0.47716890264877865	0.24650706794345645	128.0	160.0	62.0	63.0	96.0	33.0
subimage_G12	426	0.33847348303870045	0.352642073778664	0.25528001898433794	0.3489416321794977	0.3811787459283388	0.2714285714285714	0.3696286584334292	0.390713996099859	0.2880619926820036	107.0	119.0	83.0	24.0	33.0	11.0
subimage_F12	1060	0.3389830508474576	0.3492283640424344	0.22378402771002048	0.34812286689419797	0.402555910543131	0.24752475247524752	0.3957300050387438	0.41912396401859714	0.286993723096771	108.0	125.0	76.0	31.0	47.0	17.0
subimage_E12	464	0.3408600362198322	0.34975542912648305	0.2570349140177176	0.3537749252034966	0.3792576188969735	0.27241379310344827	0.36507031202848694	0.38769230769230767	0.2926932695776594	104.5	112.0	80.0	24.0	31.0	7.0
subimage_D12	805	0.34134657514239813	0.35560575327309607	0.22142857142857142	0.3546099290780142	0.40192926045016075	0.2459546925566343	0.3710133363729625	0.42105263157894735	0.28646093855049076	103.0	119.0	71.0	33.0	46.0	14.0
subimage_C12	297	0.32573391868677226	0.3429340215547112	0.24486941629798772	0.3586698337292161	0.3669724770642202	0.27692307692307694	0.39246944331807915	0.3920370034463994	0.29851932767187006	114.0	123.0	89.0	28.0	31.0	1.0
subimage_B12	580	0.33448978006613556	0.35694387847505205	0.22184233876983722	0.3424242424242424	0.3878787878787879	0.26666666666666666	0.4071184129615271	0.4037885222033487	0.2870599493385871	114.0	130.0	88.0	25.0	41.0	15.0
subimage_A12	310	0.3242007935913753	0.3503038934649298	0.24121630600899246	0.3428997298899796	0.3893333333333333	0.2673105292273649	0.39289764994102166	0.4175973027327576	0.293708111195735	127.0	144.0	99.0	29.5	45.0	18.0