subimage	all_plant_pixels	ratio_r_q5	ratio_g_q5	ratio_b_q5	ratio_r_median	ratio_g_median	ratio_b_median	ratio_r_q95	ratio_g_q95	ratio_b_q95	pix_r_median	pix_g_median	pix_b_median	diff_rb_median	diff_gb_median	diff_gr_median
subimage_H1	6693	0.34146341463414637	0.3894738970030828	0.19047619047619047	0.362962962962963	0.42819148936170215	0.21068249258160238	0.3774403470715835	0.4425287356321839	0.2597553737228134	152.0	177.0	87.0	62.0	87.0	27.0
subimage_G1	11628	0.3371757925072046	0.3859787731178963	0.1619142316017316	0.35410764872521244	0.4491525423728814	0.19571865443425077	0.3704641257574427	0.47896440129449835	0.26578419039951695	125.0	158.0	70.0	55.0	89.0	34.0
subimage_F1	8102	0.33544303797468356	0.391754925674565	0.19117647058823528	0.3501442119874656	0.4405797101449275	0.2116991643454039	0.3611111111111111	0.4537037037037037	0.2621575023299161	128.0	159.0	75.0	49.0	81.0	32.0
subimage_E1	2506	0.349561090736213	0.35690654229622776	0.21792913468066216	0.36389435931921166	0.38542781941470383	0.2506493681732008	0.3956262425447316	0.41	0.2791004298152743	152.0	163.0	103.0	47.0	56.0	8.0
subimage_D1	3679	0.3333333333333333	0.38063063063063063	0.213753155396991	0.35185185185185186	0.40970350404312667	0.2361963190184049	0.37254901960784315	0.43154761904761907	0.26782243134834927	135.0	156.0	90.0	43.0	65.0	22.0
subimage_C1	4113	0.32612709030100334	0.38372093023255816	0.23426512226512228	0.3498542274052478	0.3993993993993994	0.2523076923076923	0.36033519553072624	0.41480052399666545	0.27705958971019207	120.0	136.0	86.0	33.0	49.0	17.0
subimage_B1	6684	0.33578607523862997	0.3534971644612476	0.1780821917808219	0.36127167630057805	0.42149961560638094	0.2219354451963553	0.38229235553179214	0.46688741721854304	0.2737226277372263	125.0	147.0	76.0	49.0	68.0	21.0
subimage_A1	5779	0.33753148614609574	0.3864795240205076	0.21176470588235294	0.34626865671641793	0.42028985507246375	0.23323615160349853	0.35625	0.4393939393939394	0.270456237311076	121.0	148.0	81.0	40.0	65.0	26.0
subimage_H2	4396	0.35462164526509826	0.3551540943480196	0.20866691491342393	0.3758465701487518	0.3963963963963964	0.22524752475247525	0.39414414414414417	0.4244791666666667	0.28324319630851674	160.0	166.0	94.0	59.0	72.0	6.0
subimage_G2	7777	0.3258426966292135	0.3698240602480036	0.18793850254652766	0.34069400630914826	0.43636363636363634	0.2247191011235955	0.364741641337386	0.46688741721854304	0.27389088895042923	116.0	147.0	74.0	39.0	70.0	32.0
subimage_F2	6757	0.32562436221064506	0.3873101353217343	0.1595230108681068	0.3422818791946309	0.4485981308411215	0.2098360655737705	0.36130706276691676	0.49193548387096775	0.2688352760459022	110.0	143.0	67.0	42.0	76.0	34.0
subimage_E2	3307	0.35634427959525733	0.3463414634146341	0.23404255319148937	0.3844884488448845	0.3595505617977528	0.25389755011135856	0.3971299961896889	0.39590736040609137	0.2903752039151713	206.0	193.0	135.0	70.0	56.0	-12.0
subimage_D2	2247	0.3288724386273942	0.3514772905862015	0.23562210291126154	0.3514285714285714	0.3933333333333333	0.2537764350453172	0.3717948717948718	0.4144144144144144	0.2901737775294775	119.0	135.0	87.0	34.0	48.0	15.0
subimage_C2	3231	0.356672095548317	0.34281200631911535	0.24060980265232618	0.3780260707635009	0.35294117647058826	0.2621527777777778	0.3958884285613662	0.3886975729188844	0.2990066116246176	216.0	201.0	149.0	62.0	52.0	-13.0
subimage_B2	4127	0.3280757097791798	0.3793103448275862	0.2276493053114969	0.35	0.4011142061281337	0.25139664804469275	0.3674329444981054	0.4140127388535032	0.28195284552845523	123.0	140.0	88.0	35.0	52.0	18.0
subimage_A2	8944	0.336322869955157	0.3870308622828784	0.16	0.3493670886075949	0.44680851063829785	0.2033898305084746	0.36585365853658536	0.48249280131633077	0.2650910150239841	118.0	151.0	68.0	48.0	81.0	32.0
subimage_H3	2424	0.35824246661158676	0.34767025089605735	0.2533963112910481	0.37289707870821676	0.35833333333333334	0.2661206491851653	0.38461538461538464	0.36941176470588233	0.292209703259961	183.0	175.0	130.0	50.0	44.0	-7.0
subimage_G3	3633	0.35624547920433997	0.3467964044110833	0.24596458527493012	0.3712121212121212	0.36182902584493043	0.2664835164835165	0.3821826264259079	0.3831505461096723	0.29411764705882354	182.0	177.0	129.0	52.0	47.0	-5.0
subimage_F3	4519	0.3555194805194805	0.3390786637931034	0.26719701526836226	0.3683274021352313	0.34359805510534847	0.2874806800618238	0.38065676473212773	0.35447761194029853	0.30404463040446306	235.0	217.0	181.0	50.0	35.0	-15.0
subimage_E3	3825	0.33003300330033003	0.3925496765787147	0.21470588235294116	0.3474576271186441	0.4198895027624309	0.23387096774193547	0.35954521134296413	0.4365141417851708	0.2641207547169811	122.0	147.0	81.0	38.0	63.0	25.0
subimage_D3	6553	0.3333333333333333	0.3424	0.18483648364836483	0.35698447893569846	0.4197860962566845	0.22903885480572597	0.3825742523654066	0.45307443365695793	0.29930077848549186	149.0	174.0	91.0	48.0	74.0	25.0
subimage_C3	5393	0.3283432461751393	0.37461633699000896	0.19488817891373802	0.3398328690807799	0.43119266055045874	0.22900763358778625	0.367731694828469	0.45686900958466453	0.27589459986987636	114.0	145.0	77.0	37.0	67.0	31.0
subimage_B3	3728	0.3295391863322709	0.3754676616915423	0.23210324232081914	0.3394495412844037	0.40412979351032446	0.2563335710465323	0.36177474402730375	0.42068074818679224	0.27959288341822297	113.0	135.0	86.0	28.0	49.0	22.0
subimage_A3	2977	0.33880773361976374	0.3448144499178982	0.24240355776191955	0.3485342019543974	0.3898305084745763	0.2621951219512195	0.37465627511970084	0.40728476821192056	0.29831144465290804	109.0	123.0	81.0	28.0	40.0	13.0
subimage_H4	16963	0.3321678321678322	0.40482573726541554	0.18018336357558973	0.3465346534653465	0.45161290322580644	0.2012987012987013	0.35844155844155845	0.46938775510204084	0.255	123.0	159.0	70.0	48.0	82.0	36.0
subimage_G4	9760	0.3259039575676133	0.39622641509433965	0.17557251908396945	0.33876221498371334	0.4467770363842377	0.21311475409836064	0.36239782016348776	0.48249163288073793	0.2629118099401004	115.0	150.0	70.0	40.0	75.0	35.0
subimage_F4	6294	0.3343342024815681	0.38662582411068214	0.17746478873239438	0.3485776532835356	0.4386503067484663	0.21630094043887146	0.36920169946332737	0.4597450435855897	0.26278510233609154	123.0	154.0	74.0	45.0	76.0	32.0
subimage_E4	8471	0.33	0.3771289537712895	0.17682926829268292	0.3433734939759036	0.4403409090909091	0.2177650429799427	0.36880310371462677	0.47079037800687284	0.268403409733576	116.0	148.0	72.0	42.0	73.0	32.0
subimage_D4	9942	0.331306990881459	0.39085291851789317	0.16510903426791276	0.3539325842696629	0.4467404786595905	0.1968503937007874	0.3693175005450185	0.47477744807121663	0.2635127838421574	126.0	158.0	71.0	54.0	86.0	33.0
subimage_C4	11067	0.3384615384615385	0.3903154248207123	0.13973799126637554	0.34935897435897434	0.45244956772334294	0.19805194805194806	0.3700564971751412	0.4980498970016022	0.2571428571428571	116.0	150.0	66.0	49.0	84.0	34.0
subimage_B4	5823	0.3283957922419461	0.35076252723311546	0.18705035971223022	0.33762057877813506	0.43373493975903615	0.22981366459627328	0.3620269095921609	0.47182530667878236	0.2876998379048406	112.0	143.0	77.0	36.0	67.0	32.0
subimage_A4	7479	0.33933933933933935	0.37497368421052635	0.17783608681567867	0.35014836795252224	0.4375	0.2140845070422535	0.367233040333095	0.4637223974763407	0.27059126743480894	122.0	153.0	73.0	47.0	78.0	30.0
subimage_H5	13397	0.3312883435582822	0.39911263076484715	0.17699115044247787	0.345821325648415	0.4548736462093863	0.19814241486068113	0.36	0.47416413373860183	0.25895740623013347	117.0	155.0	67.0	48.0	84.0	36.0
subimage_G5	9591	0.33223684210526316	0.3842841116643025	0.15172413793103448	0.34415584415584416	0.4451219512195122	0.21194029850746268	0.35789473684210527	0.4939759036144578	0.26987951807228916	115.0	149.0	71.0	43.0	77.0	34.0
subimage_F5	2944	0.3252609108159393	0.38307515872752057	0.22462560856864652	0.3433900436912485	0.40991594056581	0.24722222222222223	0.36538461538461536	0.4253133494412564	0.27930834018659784	121.0	143.0	86.0	34.0	55.0	24.0
subimage_E5	4126	0.3576872281390474	0.343084818407399	0.24408014571949	0.37949640287769787	0.3543441226575809	0.2642977392977393	0.3948339483394834	0.3673469387755102	0.2979952838666542	221.0	207.0	155.0	67.0	53.0	-15.0
subimage_D5	12018	0.3298245614035088	0.39662950806275876	0.1844380403458213	0.34415584415584416	0.4429347826086957	0.21220930232558138	0.3647959183673469	0.46785714285714286	0.26045407768854656	124.0	159.0	75.0	46.0	79.0	34.0
subimage_C5	9168	0.3342696629213483	0.3891509433962264	0.18087855297157623	0.34462407648848326	0.4297994269340974	0.2263492400391477	0.3711340206185567	0.45419444038988627	0.2684085510688836	130.0	160.0	82.0	43.0	73.0	31.0
subimage_B5	3670	0.35768988222476183	0.34375	0.22614468864468865	0.37597707563655025	0.35158278103006757	0.26648858436549194	0.39328428376663066	0.3986013986013986	0.2966311970059913	208.0	197.0	152.0	61.0	49.0	-13.0
subimage_A5	10477	0.3333333333333333	0.3986109903486653	0.17981072555205047	0.34551495016611294	0.4533333333333333	0.19940476190476192	0.35969754808398174	0.473015873015873	0.2595523236779073	115.0	151.0	66.0	48.0	84.0	35.0
subimage_H6	5300	0.3280757097791798	0.39285283993115316	0.2043343653250774	0.3377926421404682	0.42201834862385323	0.23976608187134502	0.3575757575757576	0.45	0.2695100441869964	116.0	144.0	81.0	34.0	62.0	29.0
subimage_G6	12842	0.33003300330033003	0.39948453608247425	0.18604651162790697	0.34285714285714286	0.4455870431073984	0.20916905444126074	0.365	0.46504559270516715	0.26120784964068544	122.0	157.0	73.0	46.5	82.0	36.0
subimage_F6	5343	0.339335109167258	0.38850574712643676	0.19518542717507775	0.35436893203883496	0.42857142857142855	0.21613832853025935	0.3722453664719595	0.4482758620689655	0.26198838661426765	143.0	172.0	86.0	54.0	84.0	29.0
subimage_E6	5301	0.3448275862068966	0.3824884792626728	0.18553459119496854	0.3543956043956044	0.4344262295081967	0.21203438395415472	0.3701657458563536	0.45217391304347826	0.2636165577342048	128.0	157.0	76.0	51.0	80.0	29.0
subimage_D6	7859	0.3304067691352275	0.3934667809854146	0.18305084745762712	0.34226190476190477	0.4411764705882353	0.2153846153846154	0.3674418604651163	0.46601941747572817	0.266238742100811	122.0	155.0	76.0	43.0	78.0	34.0
subimage_C6	7475	0.3352551468274343	0.39181131368631367	0.19337016574585636	0.3464788732394366	0.4306784660766962	0.2222222222222222	0.36657128629131064	0.4523076923076923	0.2621145374449339	124.0	153.0	78.0	44.0	73.0	30.0
subimage_B6	3649	0.3274647887323944	0.34868421052631576	0.2462278274282085	0.34890965732087226	0.3885350318471338	0.26420454545454547	0.3683064392780667	0.41295546558704455	0.29310344827586204	113.0	126.0	84.0	28.0	39.0	13.0
subimage_A6	8462	0.334375	0.38461538461538464	0.176	0.34523809523809523	0.438953488372093	0.21562921159029652	0.35714285714285715	0.4740727925156991	0.26869158878504673	117.0	149.0	74.0	44.0	76.0	32.0
subimage_H7	4034	0.3449174639402343	0.3483132183908046	0.19948849104859334	0.358974358974359	0.406126917772185	0.23417590854252554	0.37764139899026855	0.4441340782122905	0.28371563556388224	143.0	168.0	93.0	52.0	69.0	19.0
subimage_G7	8114	0.3380857683982684	0.3821658415841584	0.18973214285714285	0.3587267471746467	0.4323607427055703	0.21052631578947367	0.375	0.44751381215469616	0.2674089989888776	151.0	174.0	87.0	57.0	86.0	30.0
subimage_F7	3774	0.34124629080118696	0.3496580277830278	0.2126984126984127	0.3721518987341772	0.3879093198992443	0.23612784471218207	0.3943182422020299	0.4380952380952381	0.28063732778273365	149.0	154.0	94.0	53.0	60.0	6.0
subimage_E7	3013	0.3415084427767355	0.3741648106904232	0.22504273504273503	0.3582887700534759	0.40298507462686567	0.2386058981233244	0.36797752808988765	0.4141689373297003	0.2791026378502753	132.0	149.0	88.0	45.0	61.0	17.0
subimage_D7	3935	0.34285714285714286	0.36274824911215603	0.2177581107311212	0.3523573200992556	0.40415704387990764	0.24022346368715083	0.37465244295964467	0.4309859154929577	0.2751506766397163	138.0	158.0	92.0	44.0	62.0	19.0
subimage_C7	6784	0.3323711843914073	0.39474540472656694	0.19393939393939394	0.34296656387413627	0.4355300859598854	0.22096317280453256	0.3651226158038147	0.45686900958466453	0.26095061022120514	120.0	153.0	77.0	42.0	74.0	32.0
subimage_B7	6481	0.35106382978723405	0.3617886178861789	0.1875	0.36185819070904646	0.42021276595744683	0.21875	0.38440111420612816	0.4394366197183099	0.2815533980582524	141.0	163.0	83.0	53.0	76.0	18.0
subimage_A7	5192	0.3178294573643411	0.38212979094076654	0.24271844660194175	0.34098360655737703	0.3973941368078176	0.26256909530290823	0.3552770897832817	0.41810344827586204	0.28253319171534785	104.0	121.0	79.0	24.0	40.0	17.0
subimage_H8	9675	0.33753943217665616	0.3969957081545064	0.1830238726790451	0.3569682151589242	0.44285714285714284	0.2	0.3700477861569476	0.45738636363636365	0.25069823199244207	143.0	176.0	79.0	61.0	94.0	34.0
subimage_G8	9274	0.33608815426997246	0.38159568441652075	0.16720257234726688	0.351123595505618	0.44545454545454544	0.2057142857142857	0.36623295898983127	0.4728434504792332	0.2678227360308285	123.0	155.0	71.0	49.0	81.0	34.0
subimage_F8	3856	0.35803929586789734	0.3419847328244275	0.24801587301587302	0.37327641621323093	0.3456894218558074	0.2807017543859649	0.3894217114237596	0.36608863198458574	0.2975967599971454	231.0	214.0	174.0	58.0	41.0	-16.0
subimage_E8	6435	0.3371104815864023	0.3719209732890929	0.20368681751660475	0.345821325648415	0.4260204081632653	0.22527472527472528	0.3941798941798942	0.44412607449856734	0.26651772054145156	129.0	156.0	83.0	45.0	73.0	30.0
subimage_D8	9652	0.3333333333333333	0.381139489194499	0.1732485276796231	0.3460207612456747	0.4427710843373494	0.214095678815796	0.36827195467422097	0.4716312056737589	0.2680081081081081	121.0	154.0	73.0	44.0	78.0	34.0
subimage_C8	3372	0.35567970204841715	0.34789915966386553	0.20903502458918075	0.3647591831753651	0.3898108458846199	0.24307036247334754	0.3798690436474187	0.4282205319072053	0.28605562200956935	162.0	176.0	108.0	57.0	64.0	11.0
subimage_B8	2844	0.32867132867132864	0.3762171969624147	0.2418039765073549	0.3548387096774194	0.3901734104046243	0.2542372881355932	0.36683497882147753	0.4	0.28805985057333494	122.0	135.0	87.0	35.0	47.0	12.0
subimage_A8	567	0.3347212494747163	0.35518161572723084	0.2397073705515264	0.34375	0.39015151515151514	0.26666666666666666	0.35896230206575036	0.41086700561948086	0.29370105549880815	90.0	103.0	71.0	21.0	33.0	13.0
subimage_H9	4748	0.32781456953642385	0.391304347826087	0.20408163265306123	0.35733333333333334	0.41956938960093537	0.2225442240686143	0.3712574850299401	0.43613707165109034	0.2677556833926335	145.0	169.0	90.0	54.0	79.0	25.0
subimage_G9	5711	0.33886593204775023	0.3738635424415241	0.19077935222672066	0.3524355300859599	0.4261501210653753	0.21889400921658986	0.37	0.4525228060250336	0.2764068078545927	128.0	158.0	81.0	49.0	79.0	28.0
subimage_F9	4711	0.33641975308641975	0.3641374431125406	0.19411764705882353	0.349862258953168	0.4310850439882698	0.218562874251497	0.37797619047619047	0.445859872611465	0.2772906086832129	125.0	154.0	78.0	46.0	75.0	29.0
subimage_E9	8036	0.3305785123966942	0.4014827714367926	0.1680586168893787	0.34011627906976744	0.44510385756676557	0.21518987341772153	0.3545816733067729	0.48720664928292046	0.25129872772156364	110.0	144.0	70.0	41.0	75.0	34.0
subimage_D9	13739	0.3333333333333333	0.3654186187093849	0.1829652996845426	0.34615384615384615	0.4475703324808184	0.205607476635514	0.36667205169628425	0.4691358024691358	0.28	122.0	158.0	72.0	48.0	84.0	36.0
subimage_C9	2715	0.3382529781730412	0.3492063492063492	0.21254070578852927	0.3669250645994832	0.3782608695652174	0.25	0.3894927536231884	0.43859649122807015	0.2838087084148727	164.0	171.0	112.0	52.0	57.0	3.0
subimage_B9	4375	0.328110212933754	0.3768997492911179	0.21702526629163527	0.3594132029339853	0.40310077519379844	0.24113475177304963	0.3733681462140992	0.4217252396166134	0.27908867460767633	141.0	157.0	90.0	47.0	61.0	18.0
subimage_A9	7423	0.3345323741007194	0.3943791187491924	0.17013330979076544	0.3446153846153846	0.43902439024390244	0.21712538226299694	0.359375	0.4796380090497738	0.25454078055620466	111.0	141.0	70.0	41.0	71.0	30.0
subimage_H10	16057	0.32991800036913016	0.40463917525773196	0.17707650273224043	0.3447204968944099	0.45614035087719296	0.19825072886297376	0.3588888358550904	0.47384615384615386	0.254368464802905	117.0	153.0	66.0	48.0	84.0	36.0
subimage_G10	13626	0.33070866141732286	0.3985098616105481	0.17593271423916584	0.3450134770889488	0.44911665502741416	0.2037037037037037	0.3657377806194942	0.4748427672955975	0.2595198146372643	123.0	160.0	72.0	49.0	85.0	36.0
subimage_F10	7018	0.3389355742296919	0.34658783229405976	0.1867612293144208	0.3559826579428732	0.42820835755344566	0.21774193548387097	0.3885737577639751	0.4489795918367347	0.2768606572425188	140.0	168.0	83.0	52.0	80.0	29.0
subimage_E10	9734	0.3370713284372188	0.36656561465709897	0.19154929577464788	0.3489010989010989	0.43922651933701656	0.21346671923253827	0.3620204334597904	0.45479722931661637	0.276006334841629	132.0	165.0	78.0	50.0	83.0	34.0
subimage_D10	9019	0.336283185840708	0.39248202787588704	0.16417340777030875	0.3557951482479784	0.4427083333333333	0.2	0.3722647572199302	0.4738562091503268	0.2580128573068534	131.0	163.0	76.0	56.0	89.0	32.0
subimage_C10	10316	0.3286219081272085	0.39602299156090104	0.188292589763178	0.3388704318936877	0.4440993788819876	0.21604938271604937	0.36134453781512604	0.46551724137931033	0.26492111706908844	108.0	142.0	68.0	38.0	72.0	33.0
subimage_B10	7666	0.33223684210526316	0.386881415438187	0.18823529411764706	0.34299516908212563	0.4401041666666667	0.21492537313432836	0.3671875	0.46774193548387094	0.26422011442336646	118.0	150.0	73.0	43.0	76.0	33.0
subimage_A10	6230	0.3367088607594937	0.38705708306271197	0.20114047084106673	0.35327635327635326	0.41989620769189506	0.22762148337595908	0.3712737127371274	0.4375	0.26373626373626374	127.0	151.0	80.0	44.0	67.0	24.0
subimage_H11	8057	0.3191489361702128	0.40936813186813187	0.16666666666666666	0.34210526315789475	0.4481707317073171	0.2125748502994012	0.35235538510706294	0.4904941599281222	0.254519217121138	105.0	138.0	66.0	41.0	73.0	33.0
subimage_G11	8703	0.3380281690140845	0.38728576668648257	0.15	0.35294117647058826	0.4472934472934473	0.20294117647058824	0.37037037037037035	0.48442365916955016	0.2650070126227209	125.0	158.0	71.0	52.0	85.0	33.0
subimage_F11	3876	0.335223271446863	0.3873676740197528	0.20833333333333334	0.3457142857142857	0.4323529411764706	0.22308701796890773	0.36190257032481205	0.4444444444444444	0.2629047842530989	120.0	151.0	78.0	43.0	73.0	31.0
subimage_E11	6267	0.3352993541630302	0.37883031674208145	0.17282487493219215	0.356234096692112	0.43597560975609756	0.21428571428571427	0.3724340175953079	0.46043955133621617	0.269750072372865	135.0	165.0	79.0	54.0	82.0	31.0
subimage_D11	10635	0.33249370277078083	0.38692795937797525	0.18414322250639387	0.3464788732394366	0.4475703324808184	0.2037037037037037	0.365	0.4662756598240469	0.26596402719894713	125.0	161.0	73.0	51.0	87.0	36.0
subimage_C11	11446	0.32781456953642385	0.3937771064704555	0.1903344719857182	0.34011627906976744	0.4410958904109589	0.2159468438538206	0.3634003527578003	0.4657039711191336	0.2675721640007354	114.0	147.0	72.0	40.0	73.0	33.0
subimage_B11	3505	0.357032457496136	0.34375	0.2505553158033106	0.37554585152838427	0.3484375	0.27450980392156865	0.38996153141601025	0.37188208616780044	0.29728856481683624	236.0	218.0	172.0	62.0	46.0	-16.0
subimage_A11	12397	0.33544303797468356	0.4018183300717547	0.18181818181818182	0.3504043126684636	0.4515235457063712	0.19733333333333333	0.3612565445026178	0.4660493827160494	0.2540195121430819	127.0	162.0	71.0	54.0	91.0	36.0
subimage_H12	17188	0.3318904742314309	0.40431266846361186	0.1787709497206704	0.3473053892215569	0.453781512605042	0.19839142091152814	0.3582887700534759	0.47058823529411764	0.25388249588303813	122.0	158.0	68.0	50.0	87.0	36.0
subimage_G12	6629	0.33521766965428934	0.3986078437691341	0.18322981366459629	0.34408602150537637	0.44072948328267475	0.21597633136094674	0.3567669809722771	0.4662497780758684	0.2582984705543605	121.0	155.0	74.0	44.0	78.0	34.0
subimage_F12	9302	0.33223684210526316	0.4038482306030902	0.18305131054922663	0.34110478331768546	0.4557377049180328	0.20284697508896798	0.3592480283193212	0.47096774193548385	0.25616907557964463	109.0	146.0	65.0	43.0	79.0	36.0
subimage_E12	2770	0.3323432546671363	0.36019609242997547	0.22048997772828507	0.3640451936292344	0.39857646237672806	0.23695652173913043	0.3838982404532331	0.41307046815192855	0.28278871592706123	159.0	171.0	101.0	55.0	69.0	15.0
subimage_D12	14168	0.3304182557843885	0.4005259905286986	0.17701863354037267	0.3435825812920785	0.44648318042813456	0.20833333333333334	0.3619631901840491	0.47384615384615386	0.26029692133879395	121.0	157.0	72.0	47.0	82.0	36.0
subimage_C12	9129	0.33798882681564246	0.3876099082665821	0.16	0.3504531722054381	0.4403183023872679	0.209366391184573	0.3688918956912912	0.4790608630912814	0.26634574742873246	123.0	155.0	73.0	49.0	80.0	31.0
subimage_B12	7311	0.33633633633633636	0.38675438966443143	0.17049859055673008	0.3476923076923077	0.4419889502762431	0.21036585365853658	0.363914373088685	0.47454928209003566	0.2624553152575385	117.0	148.0	71.0	46.0	78.0	32.0
subimage_A12	9677	0.34375	0.3950617283950617	0.17766497461928935	0.360082304526749	0.4424083769633508	0.1984924623115578	0.3696808510638298	0.45714285714285713	0.25118051302987005	140.0	172.0	76.0	63.0	94.0	32.0