subimage	all_plant_pixels	ratio_r_q5	ratio_g_q5	ratio_b_q5	ratio_r_median	ratio_g_median	ratio_b_median	ratio_r_q95	ratio_g_q95	ratio_b_q95	pix_r_median	pix_g_median	pix_b_median	diff_rb_median	diff_gb_median	diff_gr_median
subimage_H1	12665	0.32098765432098764	0.39481268011527376	0.2027587532742172	0.3333333333333333	0.4411764705882353	0.22633744855967078	0.34662576687116564	0.4589041095890411	0.27328142769661445	98.0	130.0	65.0	31.0	61.0	32.0
subimage_G1	7278	0.3274021352313167	0.3796491590846429	0.18910081585081584	0.33797909407665505	0.43795620437956206	0.22525597269624573	0.35802469135802467	0.46402877697841727	0.2824956672443674	103.0	134.0	68.0	34.0	65.0	30.0
subimage_F1	5362	0.32867132867132864	0.39440243073664916	0.21035598705501618	0.33738232950689057	0.4391891891891892	0.22392638036809817	0.34615384615384615	0.4507042253521127	0.2711190489217517	102.0	133.0	68.0	34.0	65.0	31.0
subimage_E1	8540	0.32653061224489793	0.3811881188118812	0.18604651162790697	0.3374233128834356	0.43354430379746833	0.229607250755287	0.3548387096774194	0.4693140794223827	0.2805222834719237	107.5	138.0	72.0	33.0	64.0	30.0
subimage_D1	9021	0.3252279635258359	0.3971830985915493	0.20064724919093851	0.3355048859934853	0.44126984126984126	0.22330097087378642	0.3470031545741325	0.458041958041958	0.2700534759358289	105.0	139.0	69.0	35.0	68.0	33.0
subimage_C1	7026	0.3286908077994429	0.3812087011783803	0.19061812683284457	0.3373860182370821	0.436241610738255	0.22741433021806853	0.36085626911314983	0.46887966804979253	0.2763988481734515	106.0	136.0	71.0	33.0	65.0	30.0
subimage_B1	3994	0.3242320819112628	0.3920595533498759	0.21135976935438133	0.3355263157894737	0.43537414965986393	0.22965116279069767	0.3501577287066246	0.44814814814814813	0.27123287671232876	99.0	129.0	68.0	31.0	61.0	30.0
subimage_A1	3339	0.33157613284548265	0.2786163015463917	0.23570973612374885	0.3646055437100213	0.35208711433756806	0.26558891454965355	0.4823667711598746	0.41566615298402915	0.3088074670777444	182.0	147.0	113.0	37.0	34.0	-6.0
subimage_H2	8587	0.32919254658385094	0.3862715674573286	0.1784784917684546	0.3470031545741325	0.4368131868131868	0.216	0.36419200294822185	0.4689584740583486	0.2749391727493917	110.0	138.0	69.0	40.0	70.0	28.0
subimage_G2	7156	0.3300653594771242	0.3826291079812207	0.18681318681318682	0.340632603406326	0.4358974358974359	0.22377622377622378	0.3548387096774194	0.4666666666666667	0.2798053527980535	106.0	136.0	69.0	35.0	65.0	29.0
subimage_F2	9620	0.3305075711033212	0.38345864661654133	0.16595651769952616	0.3397590361445783	0.43653250773993807	0.2267600711653323	0.36428571428571427	0.4781021897810219	0.27951807228915665	109.0	141.0	73.0	35.0	67.0	30.0
subimage_E2	8576	0.3310810810810811	0.3801452784503632	0.1652892561983471	0.3398876404494382	0.4391891891891892	0.22153846153846155	0.3632849075374532	0.47860753600053213	0.2806150856779237	107.0	138.0	69.0	36.0	67.0	30.0
subimage_D2	6862	0.3225806451612903	0.3884954412707458	0.19753086419753085	0.337891751211682	0.43558282208588955	0.22589531680440772	0.3524355300859599	0.4584717607973422	0.2763141809290954	112.0	143.0	72.0	36.0	67.0	32.0
subimage_C2	6472	0.3333333333333333	0.3855421686746988	0.16909384257300042	0.3435374149659864	0.4408284023668639	0.21629653763516607	0.35714285714285715	0.4788273615635179	0.27427184466019416	115.0	147.0	72.0	42.0	75.0	32.0
subimage_B2	4927	0.32978723404255317	0.39337346825498487	0.20615391571712788	0.339041095890411	0.44107744107744107	0.21981424148606812	0.35133236280777264	0.4507042253521127	0.2695903095791861	102.0	133.0	66.0	36.0	66.0	31.0
subimage_A2	9414	0.3268608414239482	0.39660056657223797	0.19863013698630136	0.33881578947368424	0.4444444444444444	0.21453287197231835	0.3515947754950265	0.4583333333333333	0.2679677967728226	105.0	137.0	65.0	38.0	70.0	32.0
subimage_H3	2000	0.33222591362126247	0.38020376461988303	0.21959047462096243	0.3396825396825397	0.42054527449402734	0.2363013698630137	0.36923076923076925	0.4337748344370861	0.27176916311480953	104.0	129.0	71.0	31.0	56.0	25.0
subimage_G3	4558	0.339205388174352	0.3747109977230955	0.16714697406340057	0.3603037167869759	0.4278145044703636	0.21515151515151515	0.376657824933687	0.4604519774011299	0.2727272727272727	134.0	159.0	79.0	51.0	77.0	25.0
subimage_F3	6553	0.3309954527481218	0.38004750593824227	0.17562724014336917	0.3443708609271523	0.4386503067484663	0.21929824561403508	0.36553390978226896	0.4639175257731959	0.2805755395683453	113.0	144.0	71.0	40.0	72.0	29.0
subimage_E3	4629	0.3333333333333333	0.38146551724137934	0.18078868374521978	0.34472934472934474	0.4325068870523416	0.22392638036809817	0.3639165605572616	0.46153846153846156	0.2796208530805687	122.0	153.0	79.0	42.0	73.0	30.0
subimage_D3	6912	0.33064516129032256	0.3900709219858156	0.19032258064516128	0.34036144578313254	0.44510385756676557	0.21498371335504887	0.35514018691588783	0.462406015037594	0.2705694786305661	107.0	139.0	66.0	38.0	71.0	32.0
subimage_C3	7865	0.3261560518334712	0.39503444512652613	0.20317460317460317	0.33444816053511706	0.44089456869009586	0.22397476340694006	0.353125	0.45422535211267606	0.26702711956289144	104.0	135.0	68.0	34.0	66.0	32.0
subimage_B3	6340	0.3343195266272189	0.3819444444444444	0.18026910410807434	0.346875	0.43484282789353246	0.22018348623853212	0.36443148688046645	0.4618061868686869	0.2762557077625571	118.0	148.0	75.0	42.0	73.0	29.0
subimage_A3	5053	0.3333333333333333	0.3864532485715367	0.18060931899641577	0.34797297297297297	0.43026706231454004	0.22153846153846155	0.36298932384341637	0.45874587458745875	0.27460687245195103	117.0	145.0	74.0	42.0	70.0	27.0
subimage_H4	9305	0.3263157894736842	0.39444444444444443	0.20199344437755035	0.3356164383561644	0.44329896907216493	0.21993127147766323	0.35106382978723405	0.45666666666666667	0.2706185567010309	100.0	131.0	64.0	34.0	65.0	31.0
subimage_G4	3049	0.3405662493830484	0.3719707317073171	0.17703937691398808	0.35978835978835977	0.4183381088825215	0.22514619883040934	0.3782035093830278	0.4520794028381593	0.27123319696084164	133.0	152.0	80.0	47.0	69.0	21.0
subimage_F4	10372	0.3223143844413186	0.3915094339622642	0.16896551724137931	0.340625	0.4462025316455696	0.21212121212121213	0.35904255319148937	0.4839921708185053	0.27251732101616627	110.0	144.0	67.0	41.0	74.0	33.0
subimage_E4	6825	0.3306494623655914	0.38141809290953543	0.17543859649122806	0.34	0.4326923076923077	0.22935779816513763	0.3611111111111111	0.46875	0.2789598108747045	111.0	142.0	74.0	35.0	65.0	28.0
subimage_D4	6974	0.32967032967032966	0.384	0.18	0.338368580060423	0.4391891891891892	0.22151898734177214	0.35614802275826396	0.4701492537313433	0.2771592935179312	106.0	136.0	68.0	35.0	67.0	31.0
subimage_C4	6463	0.3349397590361446	0.3907024571052789	0.17871729660312743	0.34701492537313433	0.42990654205607476	0.2235294117647059	0.3600997229916897	0.46494464944649444	0.26872962399478373	120.0	149.0	77.0	43.0	72.0	29.0
subimage_B4	6748	0.3333333333333333	0.39215686274509803	0.17551485395171168	0.34310850439882695	0.44410876132930516	0.2118380062305296	0.35842293906810035	0.46984126984126984	0.27064573197700126	112.0	145.0	69.0	42.0	76.0	32.0
subimage_A4	9902	0.3183673469387755	0.3956057292222341	0.20149253731343283	0.3333333333333333	0.44256756756756754	0.2271062271062271	0.34444444444444444	0.4609053497942387	0.2712748574607147	95.0	127.0	64.0	31.0	62.0	31.0
subimage_H5	6084	0.32752613240418116	0.3812032081704485	0.19850187265917604	0.3393939393939394	0.42662116040955633	0.2347266881028939	0.3583617747440273	0.45390070921985815	0.27648578811369506	106.0	132.0	72.0	33.0	60.0	27.0
subimage_G5	5887	0.33112582781456956	0.3896327168533472	0.1914468085106383	0.34534534534534533	0.4298507462686567	0.22562674094707522	0.36865773115773115	0.4510844433627573	0.2676678550207962	116.0	144.0	74.0	39.0	67.0	29.0
subimage_F5	8792	0.33043478260869563	0.38929440389294406	0.15120274914089346	0.3468208092485549	0.4470588235294118	0.20657210169824286	0.3665480427046263	0.49070631970260226	0.2706527977044475	114.0	147.0	66.5	45.0	77.0	32.0
subimage_E5	13161	0.3247232472324723	0.4020356234096692	0.1828358208955224	0.33793103448275863	0.4454022988505747	0.21518987341772153	0.35443037974683544	0.47289156626506024	0.2671957671957672	109.0	143.0	68.0	38.0	73.0	34.0
subimage_D5	5148	0.32926829268292684	0.3907973071991207	0.21243086978381095	0.3365540204132437	0.43354430379746833	0.23008849557522124	0.3446153846153846	0.44694533762057875	0.27323404910336335	109.0	140.0	74.0	34.0	65.0	31.0
subimage_C5	8401	0.3323353293413174	0.382051282051282	0.17096774193548386	0.34278959810874704	0.43670886075949367	0.22324159021406728	0.36082474226804123	0.4722222222222222	0.2781954887218045	114.0	145.0	73.0	38.0	70.0	31.0
subimage_B5	4391	0.33636363636363636	0.38165281198686374	0.1794871794871795	0.3558282208588957	0.43360433604336046	0.209366391184573	0.3708206686930091	0.4567901234567901	0.2762557077625571	127.0	154.0	74.0	51.0	79.0	27.0
subimage_A5	6718	0.32970417263895524	0.38735683330753756	0.17891373801916932	0.3439306358381503	0.44039735099337746	0.21725239616613418	0.3593220338983051	0.4678805916305916	0.27424962524436824	110.0	140.0	68.0	40.0	71.0	31.0
subimage_H6	8154	0.32791899834582766	0.3869807848826923	0.18318653356821296	0.33746130030959753	0.44256756756756754	0.21843003412969283	0.3488372093023256	0.47509578544061304	0.2776280323450135	101.0	132.0	65.0	35.0	67.0	31.0
subimage_G6	5040	0.3296398891966759	0.3801403898247572	0.18248175182481752	0.34194475342973674	0.42857142857142855	0.22990097748909477	0.3677811550151976	0.45741492717632054	0.28061465152098575	117.0	146.0	78.0	37.0	67.0	27.0
subimage_F6	6999	0.3333333333333333	0.3839080459770115	0.14285714285714285	0.34864864864864864	0.4495114006514658	0.20202020202020202	0.3689859305010162	0.4963235294117647	0.274649765258216	114.0	146.0	65.0	47.0	78.0	32.0
subimage_E6	8427	0.33819241982507287	0.3853787192384999	0.16974169741697417	0.3482849604221636	0.43037974683544306	0.22112211221122113	0.36398044850123956	0.4722222222222222	0.2730771824148161	118.0	146.0	73.0	42.0	70.0	27.0
subimage_D6	6117	0.3342857142857143	0.3821994367188875	0.1870967741935484	0.34328358208955223	0.4344262295081967	0.22324159021406728	0.3649425287356322	0.45454545454545453	0.2769635430624622	119.0	149.0	77.0	41.0	73.0	30.0
subimage_C6	7514	0.3219304921359716	0.3853211009174312	0.20195162351300158	0.33815028901734107	0.43558282208588955	0.22388059701492538	0.35903614457831323	0.45585511982570803	0.278173018753781	113.0	144.0	74.0	36.0	68.0	31.0
subimage_B6	8332	0.3277027027027027	0.39018087855297157	0.19435736677115986	0.3418181818181818	0.44047619047619047	0.2168284789644013	0.3535031847133758	0.4585987261146497	0.2711202150812956	112.0	143.0	70.0	39.0	71.0	33.0
subimage_A6	3069	0.325	0.38578680203045684	0.2140468227424749	0.3367003367003367	0.4241379310344828	0.2389937106918239	0.3537709668705027	0.43944636678200694	0.28075360815832684	107.0	134.0	76.0	31.0	58.0	27.0
subimage_H7	8432	0.327640675592894	0.3816793893129771	0.18996415770609318	0.33597360771273815	0.4370860927152318	0.22615256293600244	0.34797297297297297	0.46851632619349154	0.2857142857142857	104.0	135.0	69.0	33.0	64.0	31.0
subimage_G7	10671	0.3303166803166803	0.3888888888888889	0.16906474820143885	0.34615384615384615	0.4440993788819876	0.21003134796238246	0.35844155844155845	0.48134328358208955	0.2682926829268293	112.0	143.0	68.0	44.0	75.0	32.0
subimage_F7	7729	0.3333333333333333	0.3880952380952381	0.2	0.33962264150943394	0.4454828660436137	0.21495327102803738	0.34782608695652173	0.45918367346938777	0.2746285493280046	107.0	140.0	67.0	38.0	71.0	33.0
subimage_E7	10948	0.321656050955414	0.3976028744056344	0.16831683168316833	0.33881578947368424	0.44150943396226416	0.21671826625386997	0.3556851311953353	0.49767441860465117	0.2664854730061767	111.0	144.0	70.0	38.0	71.0	32.0
subimage_D7	6062	0.3333333333333333	0.3811764705882353	0.18685121107266436	0.3431372549019608	0.4353312302839117	0.2225609756097561	0.3582554517133956	0.46099290780141844	0.28087167070217917	116.0	146.0	75.0	40.0	71.0	30.0
subimage_C7	8948	0.3333333333333333	0.3814531307059187	0.17647058823529413	0.34146341463414637	0.4386503067484663	0.2222222222222222	0.36177123067657097	0.47058823529411764	0.27839715837060774	110.0	140.0	71.0	37.0	69.0	30.0
subimage_B7	6564	0.332378223495702	0.3804878048780488	0.18621108474103032	0.3414043583535109	0.4294386410950828	0.2314540059347181	0.35798816568047337	0.46530187074829926	0.2791860748760004	114.0	144.0	77.0	36.0	66.0	29.0
subimage_A7	4449	0.33221476510067116	0.38349514563106796	0.19536423841059603	0.34908136482939633	0.4276729559748428	0.2238372093023256	0.3617021276595745	0.4520547945205479	0.2764227642276423	114.0	139.0	72.0	40.0	66.0	25.0
subimage_H8	5860	0.32601880877742945	0.3924050632911392	0.2111801242236025	0.33746130030959753	0.43558282208588955	0.22503561253561255	0.3516819571865443	0.4504792332268371	0.2710843373493976	109.0	140.0	72.0	35.0	67.0	31.0
subimage_G8	9950	0.33224166380936054	0.38150187754752707	0.172	0.3470790378006873	0.44755244755244755	0.20408163265306123	0.36162361623616235	0.47619047619047616	0.27941176470588236	105.0	135.0	61.0	43.0	73.0	29.0
subimage_F8	9036	0.3306825396825397	0.3804100227790433	0.17405873331317234	0.3443396226415094	0.43843843843843844	0.21765633698274262	0.3633217993079585	0.47101449275362317	0.27906976744186046	113.0	143.0	70.0	41.0	71.0	30.0
subimage_E8	9012	0.3265684051398337	0.38994303797468355	0.18269230769230768	0.33982985445380987	0.44410876132930516	0.2183321447673382	0.35722548659566633	0.46998056537102467	0.2659279778393352	108.0	140.0	67.0	38.0	69.0	33.0
subimage_D8	5644	0.33780494472947975	0.3723958333333333	0.2042138174760126	0.3519061583577713	0.41208791208791207	0.23880597014925373	0.37373737373737376	0.43597560975609756	0.26941554404145074	122.0	143.0	81.0	40.0	59.0	22.0
subimage_C8	5998	0.3323529411764706	0.38848920863309355	0.17857142857142858	0.3434204684204684	0.43804034582132567	0.21965317919075145	0.3639066825905217	0.4630225080385852	0.2714285714285714	117.0	149.0	74.0	41.0	73.0	32.0
subimage_B8	5927	0.334272050163924	0.38074398249452956	0.19325153374233128	0.3489736070381232	0.4371069182389937	0.21646341463414634	0.36695267639099727	0.45288753799392095	0.2722817989515313	118.0	148.0	72.0	44.0	72.0	30.0
subimage_A8	6201	0.32666666666666666	0.3896457765667575	0.1897810218978102	0.33865814696485624	0.4377104377104377	0.22508038585209003	0.3586206896551724	0.4588235294117647	0.2739018087855297	104.0	133.0	67.0	33.0	63.0	30.0
subimage_H9	10797	0.32167832167832167	0.39790020414681904	0.20430107526881722	0.3333333333333333	0.4411764705882353	0.22727272727272727	0.34615384615384615	0.4586984211617642	0.2683765811709414	98.0	129.0	65.0	31.0	63.0	31.0
subimage_G9	7981	0.3299492385786802	0.3826530612244898	0.18374558303886926	0.3383233532934132	0.43492063492063493	0.228125	0.35563380281690143	0.4666666666666667	0.2805194805194805	108.0	139.0	73.0	34.0	65.0	30.0
subimage_F9	8095	0.3333333333333333	0.3865619516024753	0.17980009215609824	0.34701492537313433	0.4368932038834951	0.21604938271604937	0.36423841059602646	0.4647018873319988	0.27211765915869585	115.0	144.0	71.0	42.0	72.0	29.0
subimage_E9	5715	0.3308473625140292	0.3865336658354115	0.20095133913760793	0.3426183844011142	0.42857142857142855	0.22865853658536586	0.35449043751637416	0.4533762057877814	0.27501748251748254	119.0	148.0	79.0	38.0	68.0	29.0
subimage_D9	7286	0.3262072844658928	0.38990825688073394	0.2	0.33962264150943394	0.4375	0.22012578616352202	0.3569620253164557	0.4551909529106415	0.2721346451575909	114.0	146.0	72.0	39.0	72.0	32.0
subimage_C9	2353	0.3366484778153626	0.3817604535502192	0.2029675153643547	0.3518930957683742	0.4192708333333333	0.2283464566929134	0.3631345475465928	0.43731778425655976	0.2771822291299541	133.0	158.0	85.0	46.0	72.0	24.0
subimage_B9	4549	0.3360655737704918	0.379263641317039	0.1875670241286863	0.35	0.4225721784776903	0.22916666666666666	0.3761467889908257	0.44776119402985076	0.27183497566762704	122.0	148.0	79.0	41.0	67.0	26.0
subimage_A9	5239	0.3324014477929027	0.3874252766916297	0.18789808917197454	0.34153005464480873	0.4384858044164038	0.21993127147766323	0.35735829873760905	0.4605678233438486	0.2739367625456096	114.0	145.0	71.0	40.0	72.0	31.0
subimage_H10	10676	0.32142857142857145	0.3878116343490305	0.2	0.3333333333333333	0.44091972528992984	0.22560975609756098	0.346676217765043	0.46037735849056605	0.27624309392265195	98.0	130.0	65.0	31.0	63.0	31.0
subimage_G10	5364	0.3324187052729287	0.3869464204137571	0.1906265677257525	0.34421364985163205	0.4247787610619469	0.2309941520467836	0.36	0.45282096982361253	0.274392514755328	119.0	148.0	80.0	39.0	68.0	28.0
subimage_F10	10426	0.3323076923076923	0.38271604938271603	0.1735159817351598	0.3399014778325123	0.43558282208588955	0.22590361445783133	0.3546099290780142	0.4748826421488292	0.27970297029702973	110.0	141.0	73.0	36.0	67.0	31.0
subimage_E10	7933	0.33697079250309203	0.38290925071412873	0.17985611510791366	0.3483483483483483	0.43373493975903615	0.21779141104294478	0.36363636363636365	0.4624285940075414	0.27634660421545665	119.0	147.0	74.0	43.0	73.0	28.0
subimage_D10	9339	0.3284671532846715	0.38805581467661693	0.18518518518518517	0.3368055555555556	0.44155844155844154	0.2217741935483871	0.3492063492063492	0.4721189591078067	0.2727272727272727	103.0	135.0	68.0	35.0	67.0	32.0
subimage_C10	4145	0.33413118979236855	0.3824884792626728	0.18734126984126984	0.34726688102893893	0.42613636363636365	0.22614840989399293	0.3630952380952381	0.4586206896551724	0.27764127764127766	123.0	151.0	80.0	43.0	71.0	27.0
subimage_B10	4903	0.3386255411255411	0.3825503355704698	0.19551461108723678	0.3488372093023256	0.4191780821917808	0.23160762942779292	0.3665768194070081	0.44478436040655617	0.27142507858889275	129.0	155.0	84.0	43.0	68.0	26.0
subimage_A10	5720	0.32978723404255317	0.39037368726241867	0.20064673386514956	0.3392857142857143	0.43613707165109034	0.22077922077922077	0.3593080930369066	0.45791245791245794	0.2720125654450262	107.0	137.0	67.0	37.0	66.0	30.0
subimage_H11	7832	0.33253419522996724	0.3829268292682927	0.1797752808988764	0.3452054794520548	0.43853820598006643	0.21725239616613418	0.3591549295774648	0.46503496503496505	0.2774869109947644	108.0	138.0	68.0	39.0	69.0	29.0
subimage_G11	9188	0.33438837428921614	0.3835978835978836	0.18214750398300583	0.3455802947528903	0.43425076452599387	0.2182890855457227	0.3629032258064516	0.4678060667782062	0.2768704929812405	110.0	138.0	70.0	38.0	66.0	27.0
subimage_F11	10750	0.3269230769230769	0.39753086419753086	0.16517712402668155	0.3394495412844037	0.446875	0.21428571428571427	0.3601304945054945	0.4769828757814623	0.26625936848432474	110.0	144.0	67.0	40.0	74.0	34.0
subimage_E11	8596	0.32525951557093424	0.39759036144578314	0.20064724919093851	0.33653846153846156	0.4404432132963989	0.2222222222222222	0.35	0.45768025078369906	0.2691595441595442	106.5	139.0	69.0	35.0	67.0	32.0
subimage_D11	7488	0.3333333333333333	0.38221527777777775	0.1933534743202417	0.34619765200630803	0.43804034582132567	0.219435736677116	0.36270571704575394	0.45426829268292684	0.2697733227521225	118.0	149.0	74.0	42.0	73.0	32.0
subimage_C11	5799	0.3333333333333333	0.38084632516703787	0.1853035143769968	0.34375	0.4318840579710145	0.22478386167146974	0.36424068637491175	0.4557377049180328	0.27830421042847847	117.0	147.0	76.0	40.0	70.0	29.0
subimage_B11	5407	0.3310415440743792	0.38095238095238093	0.1875	0.3416149068322981	0.43582089552238806	0.2222222222222222	0.3614864864864865	0.45774647887323944	0.27970297029702973	111.0	141.0	71.0	38.0	68.0	29.0
subimage_A11	5049	0.328298017771702	0.38921892980437284	0.20063694267515925	0.34210526315789475	0.4294478527607362	0.228486646884273	0.35502958579881655	0.451505016722408	0.2769030318215986	113.0	141.0	75.0	37.0	66.0	29.0
subimage_H12	6426	0.33121019108280253	0.3836063410871595	0.1965884398087788	0.3448275862068966	0.430635838150289	0.22796352583586627	0.35843373493975905	0.44953381346561877	0.27690134724033033	114.0	142.0	74.0	38.0	66.0	29.0
subimage_G12	5670	0.3262650047205863	0.3890371615579956	0.19636363636363635	0.3365695792880259	0.43506493506493504	0.2305194805194805	0.3516323998582063	0.4582651515151515	0.2738872008621921	102.0	132.0	69.0	32.0	62.0	30.0
subimage_F12	8874	0.32752613240418116	0.3906633906633907	0.17647058823529413	0.3392857142857143	0.44339622641509435	0.2180232558139535	0.35335689045936397	0.4757062432578209	0.2718552791262136	107.0	139.0	68.0	37.0	70.0	32.0
subimage_E12	6827	0.32990742688828106	0.390390495561632	0.18384888438133876	0.34057971014492755	0.43973941368078173	0.2169811320754717	0.35331230283911674	0.4716981132075472	0.2717189484999511	109.0	140.0	69.0	39.0	71.0	32.0
subimage_D12	6558	0.3307432501169912	0.3926585223967423	0.19756838905775076	0.3404255319148936	0.4416403785488959	0.21835443037974683	0.35054816341829087	0.4567901234567901	0.2713936430317848	112.0	145.0	70.0	39.0	71.0	33.0
subimage_C12	6632	0.3322884012539185	0.38773339122883194	0.18462163552603889	0.34219269102990035	0.44012460515861485	0.21766561514195584	0.3535714285714286	0.46890333521763705	0.2735229759299781	114.0	146.0	72.0	41.0	74.0	32.0
subimage_B12	5806	0.3312302839116719	0.382051282051282	0.19536423841059603	0.3411764705882353	0.4334470989761092	0.22602739726027396	0.3527397260273973	0.45714285714285713	0.2793733681462141	104.0	132.0	68.0	35.0	62.0	28.0
subimage_A12	2807	0.3251833532321337	0.3870056497175141	0.20993588872891256	0.3344947735191638	0.43214285714285716	0.23344947735191637	0.3442028985507246	0.45367944748749695	0.27905049466786586	98.0	126.0	68.0	29.0	58.0	29.0