subimage	all_plant_pixels	ratio_r_q5	ratio_g_q5	ratio_b_q5	ratio_r_median	ratio_g_median	ratio_b_median	ratio_r_q95	ratio_g_q95	ratio_b_q95	pix_r_median	pix_g_median	pix_b_median	diff_rb_median	diff_gb_median	diff_gr_median
subimage_H1	4418	0.3354632587859425	0.3847809152872444	0.2036392261070564	0.34948538238824944	0.4117647058823529	0.2387320013394352	0.3706936835320657	0.43613707165109034	0.26767909867909867	116.0	136.0	78.0	36.0	56.0	21.0
subimage_G1	10510	0.34317343173431736	0.3834234590697265	0.17251461988304093	0.3556701030927835	0.449453143676787	0.19616956612869418	0.36619718309859156	0.4657142857142857	0.2666005873715124	126.0	160.0	67.0	54.0	86.0	32.0
subimage_F1	10856	0.3394435528301435	0.39407024311143324	0.17079889807162535	0.3640719318781703	0.44364508393285373	0.1928020565552699	0.37538461538461537	0.4595375722543353	0.2545454545454545	139.0	168.0	74.0	63.0	92.0	30.0
subimage_E1	2396	0.329073482428115	0.36510832431335405	0.23484348764691773	0.347205243140451	0.3932291666666667	0.2610974274767378	0.366481731173051	0.412	0.2875099840255591	116.0	129.0	88.0	29.0	42.0	17.0
subimage_D1	10417	0.33217993079584773	0.3956043956043956	0.17388453314326444	0.3439306358381503	0.4532871972318339	0.20394736842105263	0.3592009820332552	0.4737165991902832	0.26154684552504714	109.0	143.0	62.0	41.0	74.0	33.0
subimage_C1	2812	0.3352200704225352	0.37588427353528026	0.20498602484472048	0.35034013605442177	0.4055727554179567	0.24375	0.3763781882324318	0.4304400008572837	0.27631578947368424	115.0	134.0	80.0	34.0	51.0	19.0
subimage_B1	1418	0.3333333333333333	0.35135135135135137	0.2276368592413114	0.34256055363321797	0.4037735849056604	0.2528518759488181	0.3803032515576323	0.416988416988417	0.27928682872816946	101.0	118.0	73.0	26.0	43.0	18.0
subimage_A1	12186	0.33630952380952384	0.404625590694293	0.17127253480464488	0.35	0.4573170731707317	0.1935483870967742	0.36139531070667325	0.4735099337748344	0.2524752475247525	112.0	146.0	61.0	50.0	83.0	34.0
subimage_H2	1765	0.336425522095304	0.35963409676107877	0.21299773988083007	0.3465909090909091	0.4144144144144144	0.23880597014925373	0.37199515795490845	0.4337748344370861	0.274700128247039	114.0	136.0	78.0	36.0	57.0	23.0
subimage_G2	15569	0.34230619682481106	0.4052554730409221	0.1771923822556734	0.356353591160221	0.44923857868020306	0.1945945945945946	0.36666666666666664	0.4636118598382749	0.2474747474747475	136.0	172.0	74.0	61.0	96.0	36.0
subimage_F2	2117	0.33220106802879035	0.34841666666666665	0.23590847410041643	0.34375	0.4	0.25742574257425743	0.3625966610811146	0.41454545454545455	0.2932746024924796	106.0	124.0	80.0	27.0	44.0	18.0
subimage_E2	3427	0.34508190447030007	0.3810525776652015	0.1960394385026738	0.35492957746478876	0.42670157068062825	0.21813031161473087	0.36694026447788414	0.4471085836147148	0.2708963030917547	133.0	159.0	82.0	50.0	78.0	27.0
subimage_D2	9268	0.3394016810440168	0.38860103626943004	0.1471698113207547	0.3493975903614458	0.44648318042813456	0.20496894409937888	0.36474973840251135	0.4888598673300166	0.25862068965517243	116.0	148.0	67.0	47.0	79.0	32.0
subimage_C2	13248	0.3382682118341033	0.4029251449154362	0.16666666666666666	0.34965034965034963	0.4591693015234263	0.19082620775227255	0.3591331269349845	0.47761194029850745	0.2526781628917868	115.0	150.0	62.0	51.0	85.0	35.0
subimage_B2	3686	0.3356891348088531	0.3837564678455678	0.19471947194719472	0.3490304709141274	0.4295387411951829	0.22139303482587064	0.36312849162011174	0.45625	0.26952576328823835	130.0	159.0	82.0	47.0	76.5	30.0
subimage_A2	11103	0.34049079754601225	0.40103687048427866	0.17375886524822695	0.35501355013550134	0.4542483660130719	0.1897810218978102	0.3638814016172507	0.46865671641791046	0.2543859649122807	127.0	163.0	67.0	56.0	91.0	35.0
subimage_H3	15309	0.34146341463414637	0.40350877192982454	0.16809116809116809	0.3554913294797688	0.45646437994722955	0.1875	0.3638888888888889	0.47191011235955055	0.24940725067005218	131.0	168.0	69.0	61.0	99.0	37.0
subimage_G3	4713	0.34545454545454546	0.3823006535947712	0.18976526420301867	0.36538461538461536	0.42278481012658226	0.2111111111111111	0.38461538461538464	0.4422535211267606	0.2615508435226745	134.0	155.0	76.0	56.0	76.0	21.0
subimage_F3	20222	0.3419695229250171	0.4027475845410628	0.1712707182320442	0.3559750789125344	0.4536082474226804	0.18991097922848665	0.3690773067331671	0.4704225352112676	0.2475949869305452	133.0	168.0	70.0	61.0	96.0	36.0
subimage_E3	2633	0.35958646303944125	0.3492822966507177	0.19858156028368795	0.3790322580645161	0.3684210526315789	0.254	0.39124701385570954	0.41898148148148145	0.2876796628029505	185.0	187.0	123.0	68.0	57.0	-1.0
subimage_D3	10879	0.3416131957633934	0.3770316284621055	0.1496582480973387	0.3548387096774194	0.4479495268138801	0.19718309859154928	0.3782703712914189	0.4959677419354839	0.2649063225222166	118.0	149.0	66.0	51.0	82.0	31.0
subimage_C3	12217	0.34073663691392225	0.39090473076084586	0.1520912547528517	0.3507692307692308	0.4573170731707317	0.1927710843373494	0.36363636363636365	0.4921875	0.2622298033641317	119.0	154.0	65.0	52.0	87.0	35.0
subimage_B3	13292	0.3385506465517241	0.40105698529411765	0.16422287390029325	0.3514376996805112	0.4606413994169096	0.18769230769230769	0.3684210526315789	0.4768986216096042	0.25146981962624404	118.0	154.0	62.0	54.0	90.0	36.0
subimage_A3	1860	0.3407777170752339	0.3690060032325098	0.2099125364431487	0.3573200992555831	0.40540540540540543	0.23684210526315788	0.3723076923076923	0.4313828689370485	0.27315053455517374	132.0	150.0	86.0	45.0	62.0	19.0
subimage_H4	10258	0.3418803418803419	0.3995584988962472	0.16917978085403798	0.35967302452316074	0.457286432160804	0.183206106870229	0.3671875	0.46886137772870123	0.25236185983827497	139.0	176.0	69.0	67.0	104.0	37.0
subimage_G4	3518	0.34	0.37384176107580364	0.2161879649684528	0.3504823151125402	0.4	0.24848484848484848	0.3831406398479569	0.4201388888888889	0.27028205531112504	114.0	130.0	80.0	33.0	49.0	17.0
subimage_F4	1945	0.34097421203438394	0.3543834161636316	0.22228327228327227	0.35522388059701493	0.3904494382022472	0.2568493150684932	0.3806422551583842	0.41427817565020736	0.28339512084119506	122.0	136.0	87.0	34.0	46.0	13.0
subimage_E4	2422	0.3357275132275132	0.3665167384759604	0.2037533512064343	0.36481813163912447	0.4013529178487538	0.23673642993857663	0.3920699380199167	0.4185303514376997	0.2777777777777778	141.0	152.0	89.0	47.0	60.0	14.0
subimage_D4	7602	0.3392857142857143	0.3897992317854328	0.16819571865443425	0.34911242603550297	0.4502923976608187	0.199478465450886	0.36716417910447763	0.4794952681388013	0.25970873786407767	120.0	155.0	68.0	50.0	83.0	35.0
subimage_C4	12435	0.34076433121019106	0.3991070485844005	0.1625	0.3515358361774744	0.4648318042813456	0.1834319526627219	0.3698630136986301	0.48026315789473684	0.25205968061545625	118.0	155.0	60.0	55.0	93.0	37.0
subimage_B4	1612	0.3576110718189417	0.3451702963812019	0.24825174825174826	0.3727714748784441	0.35071090047393366	0.2768494451156982	0.39714273020950347	0.3566364638945284	0.29632270939719435	233.0	218.0	173.5	61.0	47.0	-14.0
subimage_A4	2915	0.340153452685422	0.34967320261437906	0.21052631578947367	0.36091954022988504	0.4067357512953368	0.23821339950372208	0.38834365228267664	0.4293235602094241	0.27610913052089525	148.0	169.0	96.0	54.0	67.0	21.0
subimage_H5	19186	0.34349030470914127	0.3872048521017125	0.16580310880829016	0.3586626139817629	0.45544554455445546	0.18457300275482094	0.3687002652519894	0.4723756906077348	0.26102436060029593	135.0	170.0	70.0	63.0	100.0	36.0
subimage_G5	6580	0.3442211055276382	0.3898305084745763	0.1753397102818454	0.35436893203883496	0.4419889502762431	0.2045745175540572	0.3678474114441417	0.4623955431754875	0.2605239432093585	135.0	169.0	77.0	57.0	91.0	33.0
subimage_F5	2975	0.3333333333333333	0.35024717905517744	0.22509225092250923	0.3471337579617834	0.3954154727793696	0.2560240963855422	0.38676151916058393	0.4271186440677966	0.2900188323917137	114.0	131.0	84.0	31.0	46.0	17.0
subimage_E5	2715	0.3398247559293615	0.3598950265686047	0.21535256410256412	0.3783783783783784	0.38620689655172413	0.2357142857142857	0.39207509801776697	0.41768188854489163	0.2767922663388057	159.0	160.0	97.0	57.0	60.0	2.0
subimage_D5	9728	0.34192566291455767	0.404629491687027	0.16774193548387098	0.35174418604651164	0.45257452574525747	0.19531073612706265	0.3647291256928303	0.475	0.24705882352941178	119.0	153.0	64.0	52.0	85.0	34.0
subimage_C5	4010	0.34054054054054056	0.38245754156769596	0.18244310099573258	0.35093167701863354	0.4254658385093168	0.2236024844720497	0.37304945054945055	0.4560771929824561	0.2630211767905095	117.0	142.0	74.0	42.0	67.0	25.0
subimage_B5	1846	0.3380681818181818	0.34972677595628415	0.24447884416924665	0.3475409836065574	0.3891552640506616	0.2621951219512195	0.37805839727195223	0.4020618556701031	0.28904294080829757	115.0	129.0	87.0	29.0	42.0	15.0
subimage_A5	3406	0.33430034275190557	0.3554581096188062	0.23739056420233462	0.3495702005730659	0.3865992850101548	0.2631578947368421	0.3728665918620445	0.4106973112438892	0.2837252837252837	113.0	125.0	85.0	28.0	40.0	12.0
subimage_H6	17902	0.33993399339933994	0.4003961667279078	0.16624890061565528	0.35674157303370785	0.45714285714285713	0.18597026101839964	0.3663663663663664	0.47413793103448276	0.2511731630090622	131.0	168.0	67.0	61.0	97.0	36.0
subimage_G6	6333	0.34097421203438394	0.3623481781376518	0.1882242870047748	0.3518005540166205	0.4253246753246753	0.22330097087378642	0.3730886850152905	0.45094430410200886	0.2796382176554472	120.0	145.0	74.0	43.0	66.0	24.0
subimage_F6	4614	0.33746130030959753	0.37684210526315787	0.16569767441860464	0.3538135593220339	0.4279959069203365	0.22255645219656944	0.37859800178089015	0.46255028735632175	0.2703296703296703	128.0	155.0	79.0	46.0	73.0	28.0
subimage_E6	4597	0.34861918434997785	0.37603895985898855	0.18527315914489312	0.3700787401574803	0.4151376146788991	0.21656050955414013	0.38859468370080363	0.4393939393939394	0.26735348684928517	151.0	171.0	84.0	61.0	72.0	20.0
subimage_D6	14929	0.34097421203438394	0.4075474997085907	0.16374269005847952	0.35336538461538464	0.4628099173553719	0.18157894736842106	0.3673469387755102	0.4804804804804805	0.2441166685150271	124.0	162.0	64.0	59.0	97.0	37.0
subimage_C6	9601	0.3389355742296919	0.3975	0.17770034843205576	0.3487858719646799	0.4454022988505747	0.2054794520547945	0.3623693379790941	0.46855345911949686	0.25757575757575757	116.0	149.0	67.0	47.0	79.0	32.0
subimage_B6	2898	0.33223520283266306	0.365625	0.23502806954002176	0.3564356435643564	0.38162544169611307	0.26174496644295303	0.3687742984378313	0.41767068273092367	0.2777777777777778	105.0	112.0	77.0	28.0	35.0	7.0
subimage_A6	2271	0.3281003548895899	0.379695482616787	0.21714285714285714	0.3522727272727273	0.4039408866995074	0.24561403508771928	0.3617721164613662	0.42627264883520277	0.28147312137802966	131.0	152.0	91.0	41.0	59.0	21.0
subimage_H7	11189	0.34365325077399383	0.3719512195121951	0.1506849315068493	0.35451505016722407	0.4462809917355372	0.2023121387283237	0.3741721854304636	0.4827586206896552	0.2717842323651452	124.0	157.0	71.0	52.0	85.0	32.0
subimage_G7	10369	0.3408450704225352	0.3955461085676913	0.16954022988505746	0.35276967930029157	0.45170454545454547	0.19571045576407506	0.36239782016348776	0.4729303588509365	0.2597581728616211	126.0	161.0	68.0	54.0	88.0	35.0
subimage_F7	10952	0.33966745843230406	0.4	0.16666666666666666	0.3524355300859599	0.45664739884393063	0.18961038961038962	0.3667953667953668	0.47694585020242913	0.2519762543086939	124.0	160.0	67.0	54.0	89.0	36.0
subimage_E7	11398	0.3412991718426501	0.34712980996999526	0.16	0.35347432024169184	0.45879120879120877	0.18823529411764706	0.36917719013086603	0.4827586206896552	0.28680981595092025	120.0	157.0	63.0	55.0	90.0	35.0
subimage_D7	4627	0.3333333333333333	0.37103089964451735	0.2007042253521127	0.3474025974025974	0.41975308641975306	0.23208191126279865	0.37425149700598803	0.4463087248322148	0.27385417117780375	110.0	134.0	73.0	37.0	59.0	23.0
subimage_C7	4800	0.3364765179568565	0.3857563120174396	0.20677966101694914	0.34579439252336447	0.41348973607038125	0.24054982817869416	0.36462697376362024	0.44039735099337746	0.26870065789473685	113.0	135.0	78.0	35.0	57.0	22.0
subimage_B7	7581	0.336734693877551	0.3867403314917127	0.1972318339100346	0.35233160621761656	0.42153846153846153	0.2267080745341615	0.37735849056603776	0.4358108108108108	0.2643979057591623	111.0	133.0	71.0	40.0	61.0	22.0
subimage_A7	7302	0.34243841372165307	0.393657991438421	0.1853932584269663	0.35714285714285715	0.4350132625994695	0.2086720867208672	0.37026239067055394	0.4496632224421805	0.25549350284751743	125.0	151.0	72.0	50.0	76.0	27.0
subimage_H8	3466	0.3357229123533471	0.3859736842105263	0.19352233414733416	0.351010101010101	0.4322916666666667	0.21672947562026523	0.3654390934844193	0.4463160106457487	0.26785714285714285	131.0	161.0	81.0	50.0	81.0	30.0
subimage_G8	13525	0.3402985074626866	0.4048900933453779	0.16521739130434782	0.3561643835616438	0.45595854922279794	0.1878453038674033	0.36933401963889767	0.47678018575851394	0.24613773660894075	128.0	164.0	67.0	60.0	94.0	36.0
subimage_F8	17044	0.33993399339933994	0.3915004643113419	0.17065868263473055	0.3545255828634152	0.455012853470437	0.18783799584904556	0.3705263877835256	0.47352941176470587	0.25799500540351084	126.0	161.0	68.0	57.0	93.0	36.0
subimage_E8	4020	0.33647798742138363	0.36538461538461536	0.197738494164117	0.35161290322580646	0.4067796610169492	0.24216524216524216	0.3901840297472742	0.4394904458598726	0.2750795194658395	124.0	144.0	84.0	39.0	58.0	20.5
subimage_D8	5867	0.3333333333333333	0.39525135774961706	0.19327731092436976	0.34210526315789475	0.43630573248407645	0.2214765100671141	0.3564522241697854	0.4576271186440678	0.26194674343288954	100.0	128.0	65.0	35.0	62.0	27.0
subimage_C8	4784	0.34402332361516036	0.373948750570888	0.1976401179941003	0.3606099356738743	0.4143646408839779	0.2258918208387521	0.38537291596817946	0.4337748344370861	0.2661165868567787	126.0	146.0	77.0	47.0	64.0	19.0
subimage_B8	8564	0.33613711869525825	0.39655172413793105	0.17791411042944785	0.35080846932297693	0.44605365270465847	0.20376175548589343	0.36164383561643837	0.4651898734177215	0.2601949491013589	118.0	149.0	67.0	48.0	80.0	31.0
subimage_A8	4273	0.3333333333333333	0.38831407279403823	0.19166594647538387	0.3433734939759036	0.4208955223880597	0.2360248447204969	0.3565709681228683	0.4582337317397078	0.27003919452863423	116.0	143.0	80.0	36.0	62.0	26.0
subimage_H9	12813	0.34219269102990035	0.40886186371100164	0.15732694272020115	0.35327635327635326	0.45938375350140054	0.18658892128279883	0.3672316384180791	0.4806677985285795	0.24426164780205317	122.0	158.0	65.0	56.0	90.0	35.0
subimage_G9	6870	0.34324879838097644	0.39156072950320736	0.18387096774193548	0.358251437196904	0.43114857242037663	0.21164021164021163	0.3685800604229607	0.4531868255395683	0.2584202875141332	126.0	152.0	75.0	51.0	76.0	26.0
subimage_F9	14463	0.3431952662721893	0.3890160183066362	0.16886543535620052	0.3553008595988539	0.455470737913486	0.18691588785046728	0.36950828616244974	0.4717514124293785	0.25775013769047184	127.0	163.0	68.0	59.0	95.0	36.0
subimage_E9	2277	0.3396636587366694	0.3731425110764033	0.21760921491764668	0.3556701030927835	0.4	0.24390243902439024	0.37409378407851684	0.42204581662363344	0.2749391727493917	126.0	144.0	85.0	40.0	55.0	16.0
subimage_D9	9253	0.3469387755102041	0.3948093418259023	0.17503978779840848	0.3577023498694517	0.44680851063829785	0.19436619718309858	0.3682750007615218	0.4636118598382749	0.2542372881355932	135.0	168.0	72.0	59.0	90.0	32.0
subimage_C9	9056	0.3484042553191489	0.37430119641611675	0.18298969072164947	0.3733031674208145	0.4230769230769231	0.2028985507246377	0.39141774891774894	0.44038929440389296	0.2672077922077922	162.0	180.0	85.0	71.0	89.0	21.0
subimage_B9	7679	0.33766233766233766	0.3932560515001069	0.18028169014084508	0.3488372093023256	0.444743935309973	0.20689655172413793	0.36079545454545453	0.4638197526949905	0.26123269408265815	120.0	152.0	69.0	47.0	78.0	32.0
subimage_A9	4903	0.3388704318936877	0.3439403590040533	0.22468354430379747	0.3542319749216301	0.38613861386138615	0.25862068965517243	0.36908141805618144	0.42404839647537684	0.2952536241539199	109.0	122.0	80.0	31.0	39.0	10.0
subimage_H10	13412	0.3446153846153846	0.39633969633969635	0.1650485436893204	0.3554913294797688	0.4581005586592179	0.18571428571428572	0.3652694610778443	0.47619047619047616	0.255317311662286	124.0	159.0	65.0	58.0	94.0	35.0
subimage_G10	12389	0.34210526315789475	0.39781464431512203	0.16847826086956522	0.3556851311953353	0.45544554455445546	0.18840579710144928	0.3663101604278075	0.47121430229858363	0.2528016497074471	131.0	168.0	68.0	60.0	96.0	36.0
subimage_F10	7672	0.3425567446456156	0.38742937853107345	0.1743119266055046	0.3536265824932967	0.4428969359331476	0.20277777777777778	0.3691538551584205	0.46647230320699706	0.26264720942140296	125.0	157.0	71.0	53.0	84.0	31.0
subimage_E10	9304	0.3464298876798877	0.3866758199847445	0.1732283464566929	0.3581267217630854	0.44542772861356933	0.19637462235649547	0.3689275988633673	0.46419098143236076	0.25918226923797044	136.0	169.0	73.0	59.0	89.0	32.0
subimage_D10	9526	0.34972677595628415	0.39333179267620255	0.17321016166281755	0.37005943361875565	0.4417989417989418	0.18888888888888888	0.3778323284361216	0.4553314121037464	0.25310183816407883	162.0	192.0	81.0	79.0	109.0	31.0
subimage_C10	11967	0.33993399339933994	0.3827863337320574	0.16370106761565836	0.35231316725978645	0.44936708860759494	0.1987179487179487	0.37142857142857144	0.4779874213836478	0.2644444444444444	118.0	150.0	65.0	50.0	81.0	32.0
subimage_B10	3686	0.34292565947242204	0.35344827586206895	0.1960919727006825	0.3559322033898305	0.411907715939974	0.2348915248946465	0.375	0.44796182562620424	0.28125	145.0	170.0	95.0	50.0	68.0	24.0
subimage_A10	2555	0.3310598926452585	0.3648085106382979	0.23271955412022086	0.35446685878962536	0.3951612903225806	0.25210084033613445	0.36555449949176927	0.4107142857142857	0.2863713394793926	122.0	135.0	86.0	35.0	49.0	15.0
subimage_H11	11291	0.34402020881612716	0.39503086419753086	0.17066666666666666	0.35787321063394684	0.45307443365695793	0.18885448916408668	0.3659305993690852	0.467966573816156	0.25365142572708527	130.0	165.0	68.0	59.0	93.0	34.0
subimage_G11	13858	0.3425076452599388	0.4009830935923781	0.16981132075471697	0.35792349726775957	0.455012853470437	0.18604651162790697	0.367908927720995	0.47058823529411764	0.25	132.0	168.0	68.0	63.0	99.0	35.0
subimage_F11	10508	0.34472934472934474	0.37328912624828764	0.1712707182320442	0.35792349726775957	0.4533678756476684	0.1884498480243161	0.37062400318979266	0.4675735633244166	0.2727272727272727	131.0	164.0	68.0	58.0	90.0	33.0
subimage_E11	1498	0.3475757417830589	0.3531397847435583	0.22611464968152867	0.3562091503267974	0.3974561190649519	0.2445141065830721	0.38095238095238093	0.4161290322580645	0.28352191186250825	113.0	128.0	77.0	36.0	48.0	14.0
subimage_D11	15270	0.3443007439484788	0.3948497854077253	0.16944444444444445	0.3589108910891089	0.453781512605042	0.18704138933242434	0.3680203045685279	0.4691011235955056	0.25579201404124613	134.0	170.0	69.0	64.0	99.0	35.0
subimage_C11	17182	0.3467741935483871	0.40160642570281124	0.16710875331564987	0.36065573770491804	0.4528301886792453	0.18527918781725888	0.37185929648241206	0.47107438016528924	0.24750192865802131	138.0	171.0	70.0	66.0	101.0	34.0
subimage_B11	1635	0.3453329019627362	0.36318144499178984	0.22562674094707522	0.35694050991501414	0.3976945244956772	0.2445141065830721	0.37211068589932295	0.41388888888888886	0.27757014944882574	125.0	140.0	85.0	39.0	52.0	15.0
subimage_A11	3586	0.3287671232876712	0.37621928714541814	0.2278628201354136	0.3489208633093525	0.39464882943143814	0.2558922558922559	0.3660857051487048	0.4249731759656652	0.2770953945652741	101.0	114.0	74.0	27.0	40.0	13.0
subimage_H12	9194	0.3459070688477039	0.35450819672131145	0.17333333333333334	0.36334904435701304	0.4449877750611247	0.1937046004842615	0.3711698525896675	0.45901639344262296	0.28542381356383745	140.0	170.0	73.0	64.0	94.0	31.0
subimage_G12	13178	0.3422330097087379	0.3851825270246323	0.17251461988304093	0.3560830860534125	0.4498567335243553	0.1936416184971098	0.3654390934844193	0.46735395189003437	0.26666666666666666	122.0	154.0	65.0	53.0	84.0	31.0
subimage_F12	1539	0.3361581920903955	0.3592738710305022	0.21407624633431085	0.3507692307692308	0.412568306010929	0.23728813559322035	0.372167851421706	0.4277303186863778	0.28462606837606835	123.0	145.0	83.0	40.0	61.0	22.0
subimage_E12	4800	0.3434056372861477	0.3701424853265344	0.17940856777493605	0.35735735735735735	0.43454768189706716	0.20857142857142857	0.37808433219178084	0.45317220543806647	0.27546421828553064	126.0	154.0	73.0	51.0	78.0	27.0
subimage_D12	5431	0.34367233415354637	0.3493494937835173	0.1820388349514563	0.35674157303370785	0.42924528301886794	0.21393034825870647	0.38468687446382616	0.4415204678362573	0.2794526452250964	131.0	156.0	79.0	50.0	77.0	26.0
subimage_C12	3462	0.33112582781456956	0.3799422492401216	0.23	0.34523809523809523	0.4012158054711246	0.2542372881355932	0.36482014790790007	0.41478788105386477	0.27918473707555075	111.0	128.0	81.0	29.0	47.0	18.0
subimage_B12	5809	0.3333333333333333	0.3888888888888889	0.18596919127086006	0.34591194968553457	0.43302180685358255	0.22123893805309736	0.3585222768352624	0.46366782006920415	0.269981220657277	111.0	139.0	70.0	40.0	67.0	28.0
subimage_A12	10100	0.3409831368312274	0.39824579489601136	0.16307692307692306	0.3560830860534125	0.45454545454545453	0.18821877065432913	0.3681167383341296	0.4742268041237113	0.2537071068466416	119.0	152.0	63.0	55.0	87.0	32.0