subimage	all_plant_pixels	ratio_r_q5	ratio_g_q5	ratio_b_q5	ratio_r_median	ratio_g_median	ratio_b_median	ratio_r_q95	ratio_g_q95	ratio_b_q95	pix_r_median	pix_g_median	pix_b_median	diff_rb_median	diff_gb_median	diff_gr_median
subimage_H1	5590	0.3325327145904191	0.38961038961038963	0.19636363636363635	0.3433333333333333	0.4383116883116883	0.21656050955414013	0.35514018691588783	0.45387453874538747	0.2722449584397624	109.0	137.0	68.0	39.0	68.0	29.0
subimage_G1	9661	0.33114754098360655	0.3984375	0.1918819188191882	0.3445121951219512	0.4470588235294118	0.20833333333333334	0.35403726708074534	0.4570552147239264	0.26344086021505375	108.0	139.0	65.0	42.0	71.0	31.0
subimage_F1	3682	0.3462603878116344	0.38083566786837814	0.19729909909909912	0.35917312661498707	0.4263157894736842	0.21383280548957506	0.37948717948717947	0.44321329639889195	0.26436528431819334	141.0	164.0	83.0	57.0	82.0	27.0
subimage_E1	4363	0.34242839352428395	0.36033110193610457	0.19395810105848507	0.35764705882352943	0.4232558139534884	0.22085889570552147	0.3696572882370548	0.44565217391304346	0.27789391286435267	138.0	164.0	83.0	50.0	75.0	26.0
subimage_D1	2732	0.34448170731707317	0.3779589802022504	0.18703873950956654	0.36187845303867405	0.4113006882826105	0.2246883176850854	0.3816155988857939	0.4444444444444444	0.2711227729186913	134.0	153.0	83.0	49.0	68.0	18.0
subimage_C1	5012	0.3312606424148607	0.3892360051860891	0.19633333333333333	0.3442417003048027	0.4316109422492401	0.2242707448314925	0.3597122302158273	0.4513888888888889	0.2707435942590473	112.0	140.0	73.0	39.0	67.0	28.0
subimage_B1	6900	0.3333333333333333	0.3819951338199513	0.18181818181818182	0.34069400630914826	0.4336283185840708	0.2263255227704769	0.35374149659863946	0.4712230215827338	0.28078817733990147	109.0	139.0	72.0	37.0	67.0	30.0
subimage_A1	3326	0.33688432582381833	0.294984309623431	0.21148036253776434	0.3531073446327684	0.41081081081081083	0.23809523809523808	0.36506916391235156	0.4316109422492401	0.3485677490434291	127.0	147.0	86.0	41.0	62.0	21.0
subimage_H2	8308	0.3365695792880259	0.3798076923076923	0.17727412889300032	0.35125448028673834	0.4342105263157895	0.21594257359786145	0.37228260869565216	0.46153846153846156	0.27294685990338163	118.0	144.0	70.0	43.0	71.0	27.0
subimage_G2	10694	0.3353846153846154	0.3945684925346285	0.1934489656518345	0.3448275862068966	0.44314868804664725	0.2125748502994012	0.3560371517027864	0.4567901234567901	0.26341160970316985	115.0	148.0	70.0	44.0	75.0	32.0
subimage_F2	5050	0.33874709976798145	0.3806851139390352	0.1834319526627219	0.3490566037735849	0.43083433694634016	0.2192513368983957	0.3760217983651226	0.4491017964071856	0.27294759889067294	124.0	151.0	77.0	44.0	74.0	25.0
subimage_E2	5981	0.34	0.38562091503267976	0.19519519519519518	0.34794520547945207	0.43653250773993807	0.2153846153846154	0.35958005249343833	0.45161290322580644	0.27205882352941174	121.0	152.0	75.0	46.0	76.0	31.0
subimage_D2	3392	0.3363914373088685	0.3862269658821383	0.2103448275862069	0.345679012345679	0.4308176100628931	0.2231456043956044	0.3608389293483401	0.44193548387096776	0.26744910720489123	107.0	133.0	69.0	37.0	63.0	26.0
subimage_C2	2766	0.34153005464480873	0.3495547123054286	0.23228178368121444	0.35714285714285715	0.38198757763975155	0.2626582278481013	0.37877529447296887	0.4117647058823529	0.28658650885038695	117.0	125.0	86.0	31.0	39.0	8.0
subimage_B2	4348	0.3325083426028921	0.390764039930846	0.18461538461538463	0.3495571367606971	0.4326647564469914	0.21839080459770116	0.36470588235294116	0.45483870967741935	0.2705270813724651	121.0	150.0	76.0	46.0	75.0	29.0
subimage_A2	8313	0.3313538814801731	0.3908355795148248	0.1952662721893491	0.34105960264900664	0.43636363636363634	0.2225705329153605	0.35673779042200093	0.4539760444054922	0.27151941379600775	111.0	141.0	71.0	38.0	68.0	31.0
subimage_H3	6563	0.3333333333333333	0.38903544743831875	0.20064724919093851	0.3424657534246575	0.44126984126984126	0.21554770318021202	0.3514376996805112	0.45454545454545453	0.27358490566037735	105.0	135.0	66.0	38.0	68.0	29.0
subimage_G3	11996	0.3352601156069364	0.3839479392624729	0.17391304347826086	0.34814814814814815	0.4444444444444444	0.2054380664652568	0.3674055213316153	0.46747967479674796	0.2717948717948718	115.0	146.0	68.0	46.0	77.0	30.0
subimage_F3	2771	0.3456966490299823	0.3743455497382199	0.1856715141146279	0.3648293963254593	0.4187192118226601	0.21578947368421053	0.3817204301075269	0.44412607449856734	0.26894865525672373	136.0	156.0	81.0	53.0	77.0	19.0
subimage_E3	5024	0.33636363636363636	0.38425925925925924	0.20364741641337386	0.3518005540166205	0.4251968503937008	0.2222222222222222	0.37568836792593696	0.4382716049382716	0.26373195994605914	132.0	157.0	81.0	47.0	74.0	26.0
subimage_D3	3079	0.33064297578459656	0.3829787234042553	0.20833333333333334	0.3431952662721893	0.43119266055045874	0.2254335260115607	0.35625	0.4440993788819876	0.28079652667612925	111.0	140.0	73.0	38.0	65.0	28.0
subimage_C3	2875	0.34564643799472294	0.3521454307238781	0.19666189423884964	0.36046511627906974	0.39751552795031053	0.24633431085043989	0.38551772306617776	0.43060718203998755	0.2735294117647059	122.0	136.0	82.0	38.0	51.0	14.0
subimage_B3	6459	0.3333333333333333	0.38313253012048193	0.18181818181818182	0.3415384615384615	0.4389438943894389	0.219435736677116	0.36	0.4645390070921986	0.2781625733895642	111.0	142.0	71.0	39.0	70.0	31.0
subimage_A3	4568	0.3333333333333333	0.38321842066695977	0.18791946308724833	0.3482285486079416	0.43390317553087865	0.21844578629561565	0.3622117369214892	0.45353159851301117	0.27830952009450993	113.0	140.0	70.0	41.0	69.0	27.0
subimage_H4	6639	0.33165882086228277	0.39215686274509803	0.2	0.34185303514376997	0.44285714285714284	0.21498371335504887	0.3508771929824561	0.45726059767730026	0.27041280148423	101.0	130.0	64.0	37.0	67.0	30.0
subimage_G4	9108	0.34023668639053256	0.3839080459770115	0.1864951768488746	0.35240963855421686	0.43613707165109034	0.20754716981132076	0.36609336609336607	0.45714285714285713	0.27419354838709675	125.0	153.0	74.0	49.0	79.0	28.0
subimage_F4	5011	0.34116392825787034	0.3843640533069034	0.17511670982252547	0.3504043126684636	0.43010752688172044	0.21978021978021978	0.37219065656565653	0.4599406528189911	0.2719298245614035	131.0	159.0	80.0	47.0	77.0	27.0
subimage_E4	4435	0.33791208791208793	0.38513513513513514	0.1864951768488746	0.35142118863049093	0.4266666666666667	0.224	0.3676593478617074	0.44984802431610943	0.2707473495162505	129.0	157.0	82.0	46.0	74.0	27.0
subimage_D4	5108	0.3406036195756934	0.38487237746427927	0.18181818181818182	0.3516819571865443	0.4338461538461538	0.21316614420062696	0.37757058575642644	0.44966442953020136	0.26496229576874736	115.0	141.0	69.0	44.0	71.0	26.0
subimage_C4	2576	0.3372348769010434	0.34836389436476106	0.2315112540192926	0.35333333333333333	0.39567207537794086	0.25396825396825395	0.3782357347576863	0.416403785488959	0.28501524455704896	114.0	127.0	82.0	32.0	46.0	15.0
subimage_B4	8938	0.3333333333333333	0.3888888888888889	0.1768459336522626	0.3451086956521739	0.43489944021237303	0.2204724409448819	0.36477987421383645	0.46511627906976744	0.2723256051381051	119.0	150.0	76.0	43.0	74.0	31.0
subimage_A4	10140	0.3333333333333333	0.38186813186813184	0.1864406779661017	0.34328358208955223	0.43537414965986393	0.22189349112426035	0.36101083032490977	0.46124031007751937	0.2779159550127292	104.0	132.0	68.0	36.0	63.0	27.0
subimage_H5	19	0.35402834381207887	0.3417037981042037	0.2883124478900932	0.35685483870967744	0.3481781376518219	0.2942271880819367	0.3619932862599838	0.35143416521205834	0.3040957758532479	179.0	176.0	149.0	31.0	27.0	-5.0
subimage_G5	25	0.3540925266903915	0.343373539508078	0.29203386151508576	0.35535714285714287	0.3462214411247803	0.2982142857142857	0.3614300405299135	0.3471606704272489	0.30224243692947905	199.0	193.0	167.0	32.0	27.0	-5.0
subimage_F5	7471	0.3371824480369515	0.38062264392051626	0.1751592356687898	0.3462414578587699	0.4376899696048632	0.2169811320754717	0.36774193548387096	0.46229508196721314	0.2786516853932584	120.0	150.0	74.0	44.0	76.0	30.0
subimage_E5	4284	0.3378684807256236	0.3789983671154655	0.20625	0.3487654320987654	0.4297994269340974	0.2222222222222222	0.3629242819843342	0.4413447971781305	0.28	121.0	151.0	78.0	43.0	72.0	29.0
subimage_D5	2087	0.3279377375036539	0.3652403199307673	0.21176470588235294	0.3543307086614173	0.402555910543131	0.2491103202846975	0.38620086559554156	0.4221434070574869	0.2817447769621682	121.0	133.0	82.0	37.0	50.0	17.0
subimage_C5	3393	0.33567916182757174	0.3519163763066202	0.21518987341772153	0.35294117647058826	0.3941176470588235	0.25595238095238093	0.38776883800092826	0.4264375398553114	0.28434504792332266	109.0	122.0	78.0	30.0	42.0	15.0
subimage_B5	6533	0.33608815426997246	0.38937336141316026	0.19314641744548286	0.3495702005730659	0.4293628808864266	0.22135416666666666	0.36311883180654614	0.4489795918367347	0.2681518481518481	129.0	158.0	81.0	47.0	76.0	29.0
subimage_A5	6437	0.33090909090909093	0.38666666666666666	0.1937984496124031	0.3436619718309859	0.431438127090301	0.2267080745341615	0.3573200992555831	0.460431654676259	0.27170868347338933	106.0	134.0	70.0	36.0	63.0	27.0
subimage_H6	329	0.3544701746756541	0.3445557263758079	0.25992294489719986	0.36200716845878134	0.34954954954954953	0.28884826325411334	0.38395450236966827	0.35671342685370744	0.298461103802654	199.0	191.0	156.0	40.0	33.0	-7.0
subimage_G6	14	0.3543441226575809	0.29168702734147756	0.32126087285379323	0.36987432140997994	0.3051981854688778	0.32853664412437833	0.3865722468340269	0.31493377086736346	0.3335290827740492	217.5	180.0	194.5	24.5	-14.0	-37.5
subimage_F6	22	0.3540527534320802	0.34238627759333684	0.28869681602793246	0.35628471965039626	0.3483928043043738	0.29516554913664805	0.3613490765015474	0.35126935495982575	0.3013051709503726	202.0	198.0	168.0	35.0	29.5	-5.0
subimage_E6	6238	0.34101792667695247	0.3905778781038375	0.20178041543026706	0.34911242603550297	0.43823529411764706	0.2127659574468085	0.35584415584415585	0.44648318042813456	0.26590909090909093	119.0	149.0	73.0	46.0	76.0	30.0
subimage_D6	2235	0.3333333333333333	0.3596908526256352	0.22105263157894736	0.3521594684385382	0.3892857142857143	0.2554517133956386	0.38010444430670054	0.4326241134751773	0.2813012295081967	108.0	120.0	78.0	30.0	41.0	12.0
subimage_C6	2414	0.33541638271773205	0.3564356435643564	0.21554770318021202	0.348993288590604	0.38977635782747605	0.2611683848797251	0.38033527250459276	0.4295774647887324	0.2832764505119454	105.0	117.0	77.0	27.0	38.0	14.0
subimage_B6	7283	0.3333333333333333	0.39030082009709194	0.20376175548589343	0.3416149068322981	0.44	0.21846153846153846	0.3502994011976048	0.4512951849594449	0.2696574135272086	109.0	141.0	69.0	39.0	70.0	31.0
subimage_A6	7163	0.3287671232876712	0.3884568739252421	0.19543973941368079	0.33879781420765026	0.44155844155844154	0.21843003412969283	0.35447761194029853	0.45714285714285713	0.2731945843991422	105.0	136.0	66.0	36.0	67.0	31.0
subimage_H7	3	0.35514581286124375	0.3487697402527062	0.28810430148458316	0.3590733590733591	0.34942084942084944	0.2915057915057915	0.3618630703137745	0.3500326282016423	0.2960844468860501	180.0	174.0	148.0	35.0	30.0	-5.0
subimage_G7	0	0	0	0	0	0	0	0	0	0	0	0	0	0	0	0
subimage_F7	1	0.3537832310838446	0.35173824130879344	0.294478527607362	0.3537832310838446	0.35173824130879344	0.294478527607362	0.3537832310838446	0.35173824130879344	0.294478527607362	173.0	172.0	144.0	29.0	28.0	-1.0
subimage_E7	6413	0.33751572327044027	0.3835294117647059	0.17684887459807075	0.35014005602240894	0.42613636363636365	0.2247191011235955	0.3704819277108434	0.4570552147239264	0.27331887201735355	127.0	154.0	80.0	45.0	72.0	27.0
subimage_D7	5748	0.338368580060423	0.3844444444444444	0.1785	0.3527777777777778	0.43342776203966005	0.2140845070422535	0.36930518419489006	0.45664739884393063	0.27379985636946197	126.0	155.0	76.0	49.0	77.0	28.0
subimage_C7	6910	0.334384858044164	0.39948666308041514	0.2	0.34234234234234234	0.4382716049382716	0.21904761904761905	0.35555555555555557	0.45318352059925093	0.2583510905372472	110.0	140.0	69.0	39.0	69.0	30.0
subimage_B7	3905	0.335978835978836	0.384035928803659	0.19861104481886308	0.34421364985163205	0.43558282208588955	0.22063037249283668	0.362550388917277	0.45096836280524477	0.26666666666666666	115.0	146.0	73.0	41.0	71.0	31.0
subimage_A7	7155	0.3333333333333333	0.38228261190286505	0.18411552346570398	0.34169278996865204	0.43478260869565216	0.2229299363057325	0.3548387096774194	0.4699248120300752	0.27764127764127766	113.0	144.0	73.0	39.0	70.0	31.0
subimage_H8	41	0.35390199637023595	0.3469750889679715	0.2857142857142857	0.3570127504553734	0.35185185185185186	0.2916666666666667	0.35992217898832685	0.35514018691588783	0.2966507177033493	152.0	152.0	125.0	30.0	28.0	-3.0
subimage_G8	0	0	0	0	0	0	0	0	0	0	0	0	0	0	0	0
subimage_F8	5490	0.3363761467889908	0.38723420843360346	0.19935691318327975	0.34615384615384615	0.4426751592356688	0.2113564668769716	0.3543307086614173	0.45187995144390497	0.27388678765534125	113.0	144.0	69.0	43.0	74.0	31.0
subimage_E8	7254	0.33585858585858586	0.3815165876777251	0.17513296446417465	0.3448275862068966	0.43788819875776397	0.21902017291066284	0.36454849498327757	0.46464646464646464	0.275626423690205	113.0	144.0	72.0	41.0	72.0	31.0
subimage_D8	4948	0.3352601156069364	0.37986270022883295	0.16951205207905695	0.3470319634703196	0.43154761904761907	0.2227072054067803	0.37577639751552794	0.459546925566343	0.2807017543859649	121.5	148.0	75.0	41.0	71.0	26.0
subimage_C8	7045	0.3323615160349854	0.3877068557919622	0.20382165605095542	0.340625	0.4369230769230769	0.22255192878338279	0.3541666666666667	0.44871794871794873	0.2729528535980149	109.0	140.0	71.0	37.0	67.0	30.0
subimage_B8	7758	0.3323262839879154	0.3877416164703767	0.19875776397515527	0.3423913043478261	0.4353932584269663	0.22099447513812154	0.3565217391304348	0.45544554455445546	0.26906481843030056	118.0	149.0	76.0	42.0	74.0	32.0
subimage_A8	4567	0.3324468085106383	0.38164251207729466	0.18441782000963988	0.3468013468013468	0.42771084337349397	0.2231404958677686	0.36451612903225805	0.45962732919254656	0.2797150868933047	115.0	143.0	74.0	40.0	66.0	26.0
subimage_H9	0	0	0	0	0	0	0	0	0	0	0	0	0	0	0	0
subimage_G9	0	0	0	0	0	0	0	0	0	0	0	0	0	0	0	0
subimage_F9	4148	0.3344193101979987	0.38324530467387613	0.20120761004907345	0.3492537313432836	0.4222972972972973	0.22822822822822822	0.36632736803092075	0.4460567988757682	0.2724842495278463	114.0	136.0	73.0	39.0	62.0	23.0
subimage_E9	10487	0.3319566886186417	0.39588688946015427	0.19435736677115986	0.3409090909090909	0.4423076923076923	0.21656050955414013	0.3548387096774194	0.4603174603174603	0.2637856383746407	112.0	145.0	68.0	39.0	71.0	32.0
subimage_D9	6338	0.33885962163644195	0.3816091954022989	0.17955465587044533	0.35127478753541075	0.42857142857142855	0.21965317919075145	0.3663663663663664	0.4575757575757576	0.277112607473775	128.0	156.0	80.0	48.0	76.0	27.0
subimage_C9	3917	0.3333333333333333	0.38729277256022865	0.18580035143502635	0.3443526170798898	0.43543543543543545	0.2204968944099379	0.36470588235294116	0.45633774229559215	0.2696958103323677	117.0	146.0	73.0	41.0	72.0	30.0
subimage_B9	6382	0.33769063180827885	0.38181818181818183	0.178032897467829	0.3484848484848485	0.4298245614035088	0.22093023255813954	0.36875	0.45907473309608543	0.27562288028347254	123.0	151.0	77.0	44.0	73.0	27.0
subimage_A9	976	0.3548387096774194	0.3488843813387424	0.27555555555555555	0.3618843683083512	0.35185185185185186	0.2857142857142857	0.37166175683559377	0.3550543585580446	0.2946369434563964	173.0	168.0	136.0	36.0	32.0	-5.0
subimage_H10	111	0.35441825500751734	0.3465510436019409	0.27980830056340844	0.35972461273666095	0.35110294117647056	0.2892857142857143	0.36857296711076304	0.353513725783529	0.29801418860755735	197.0	189.0	155.0	38.0	33.0	-5.0
subimage_G10	78	0.3564694920561173	0.3477778670738568	0.2085694956721591	0.4002331566180868	0.3553325304429279	0.24090608465608465	0.43155711752786224	0.36363636363636365	0.2942392887435077	140.0	124.5	84.0	55.5	40.0	-14.0
subimage_F10	5986	0.336231884057971	0.38031319910514544	0.18125	0.34633586932199595	0.4339080459770115	0.22023809523809523	0.36721311475409835	0.459546925566343	0.2793791574279379	118.0	148.0	74.0	42.0	71.0	28.0
subimage_E10	8537	0.3333333333333333	0.38386308068459657	0.1796822033898305	0.343042071197411	0.43636363636363634	0.2214765100671141	0.363013698630137	0.46551724137931033	0.2731707317073171	109.0	138.0	69.0	38.0	67.0	29.0
subimage_D10	11417	0.3324382291138323	0.4026666666666667	0.19661016949152543	0.3410526315789474	0.4415204678362573	0.21639344262295082	0.35093167701863354	0.45901639344262296	0.25950750501487163	111.0	143.0	70.0	41.0	74.0	33.0
subimage_C10	6893	0.3333333333333333	0.3876901927703315	0.20261437908496732	0.34069400630914826	0.4375	0.22157434402332363	0.35130977130977126	0.4529616724738676	0.27436595150880866	113.0	145.0	73.0	39.0	70.0	31.0
subimage_B10	3752	0.34219269102990035	0.3578101221792252	0.2	0.35698924731182796	0.39673022095509625	0.24599784729459603	0.3861111111111111	0.42648965926428206	0.2807863054241189	120.0	134.0	82.0	38.0	50.0	13.0
subimage_A10	7521	0.33666666666666667	0.3931034482758621	0.192	0.3504531722054381	0.4397905759162304	0.21098265895953758	0.3621621621621622	0.4548022598870056	0.26303317535545023	125.0	156.0	73.0	49.0	79.0	31.0
subimage_H11	85	0.3550317648593093	0.28796491335185354	0.27357905093468554	0.36421725239616615	0.31448763250883394	0.3234750462107209	0.3884527712724434	0.35748236100835484	0.32599923097160666	204.0	167.0	176.0	27.0	-5.0	-26.0
subimage_G11	15	0.3540678736661942	0.34594512112782566	0.2845473842006475	0.35510887772194305	0.34812286689419797	0.2961082910321489	0.36242772381996147	0.35324187357935133	0.29988467874794067	212.0	207.0	176.0	35.0	31.0	-5.0
subimage_F11	6668	0.33225806451612905	0.38958944281524927	0.2	0.3415384615384615	0.43450479233226835	0.22330097087378642	0.35714285714285715	0.45222929936305734	0.2694894350112893	109.0	139.0	71.0	38.0	67.0	30.0
subimage_E11	8884	0.3292989180925071	0.3914090185868229	0.19150158963071656	0.33962264150943394	0.4430379746835443	0.21639344262295082	0.35294117647058826	0.46258503401360546	0.27	106.0	138.0	67.0	38.0	70.0	32.0
subimage_D11	8154	0.33024691358024694	0.3959538950203272	0.19287833827893175	0.34514320383271613	0.4376948250580227	0.2166172106824926	0.35569197957226995	0.4586894586894587	0.2677165354330709	117.0	150.0	73.0	43.0	75.0	32.0
subimage_C11	6356	0.3348314606741573	0.39241888418652293	0.20294117647058824	0.34294871794871795	0.44135802469135804	0.21543408360128619	0.35103244837758113	0.451505016722408	0.26909522267012187	109.0	141.0	68.0	40.0	71.0	31.0
subimage_B11	6200	0.3341121495327103	0.39036144578313253	0.19760479041916168	0.34540389972144847	0.4375	0.21635883905013192	0.36220472440944884	0.45345345345345345	0.2665039558056927	119.0	151.0	75.0	45.0	77.0	32.0
subimage_A11	7288	0.3313670200766975	0.39473684210526316	0.2	0.3392857142857143	0.4368932038834951	0.22318840579710145	0.35193810514589036	0.4560260586319218	0.2668270467329434	111.0	142.0	72.0	38.0	70.0	32.0
subimage_H12	827	0.35431648183038683	0.2910983535528596	0.2820295674802584	0.3601340033500838	0.3086003372681282	0.33158813263525305	0.38574395930479016	0.35049475331369656	0.3350970017636684	210.0	177.0	191.0	17.0	-14.0	-29.0
subimage_G12	0	0	0	0	0	0	0	0	0	0	0	0	0	0	0	0
subimage_F12	13	0.3541949173451764	0.34710947565508354	0.2880505329868108	0.3568965517241379	0.3485714285714286	0.29441624365482233	0.36248801300849165	0.3498471986417657	0.2978021218850234	202.0	196.0	167.0	37.0	31.0	-4.0
subimage_E12	7050	0.3371757925072046	0.3812703315725072	0.1766608832807571	0.3485342019543974	0.4386503067484663	0.21407176231088632	0.36447331381601167	0.46283783783783783	0.27790432801822323	117.0	146.0	70.0	44.0	73.0	29.0
subimage_D12	2079	0.3333333333333333	0.3541666666666667	0.18793681495809156	0.35374149659863946	0.42857142857142855	0.2180232558139535	0.3676783482289699	0.4519230769230769	0.2878174936921783	122.0	148.0	76.0	46.0	72.0	26.0
subimage_C12	2678	0.3371824480369515	0.38154170261549913	0.20708506564079562	0.35414068994181214	0.4083086785009862	0.23433242506811988	0.3702545484740008	0.4358456850694624	0.27163461538461536	127.0	150.0	84.0	44.0	63.0	20.0
subimage_B12	7651	0.33557802769212164	0.3970583817494698	0.19825072886297376	0.3473389355742297	0.4373259052924791	0.21390374331550802	0.35607184605700926	0.4551083591331269	0.2627541535390697	125.0	156.0	77.0	47.0	80.0	33.0
subimage_A12	2614	0.34782608695652173	0.36632639717540905	0.22211824123588828	0.35526315789473684	0.4	0.2421968675059952	0.3779683020070086	0.4158368517187687	0.2734199574633428	141.0	158.0	96.0	44.0	62.0	17.0