subimage	all_plant_pixels	ratio_r_q5	ratio_g_q5	ratio_b_q5	ratio_r_median	ratio_g_median	ratio_b_median	ratio_r_q95	ratio_g_q95	ratio_b_q95	pix_r_median	pix_g_median	pix_b_median	diff_rb_median	diff_gb_median	diff_gr_median
subimage_H1	2778	0.3283376064462961	0.3651616507975385	0.2178971479237476	0.3409090909090909	0.4041916167664671	0.2542857142857143	0.3616375099224522	0.44203561329091556	0.28163299606709474	117.0	139.0	86.0	31.0	51.0	23.0
subimage_G1	8664	0.33636363636363636	0.40411655874190566	0.1827294077213885	0.34375	0.4573170731707317	0.19862973521510108	0.35613106756974683	0.47157190635451507	0.25123837335063814	117.0	156.0	67.0	48.0	84.0	37.0
subimage_F1	2017	0.33442410048967425	0.3788402918108025	0.2283752133698543	0.34593023255813954	0.40718562874251496	0.24695121951219512	0.36253188377033396	0.4213878546938432	0.2828984225269055	116.0	136.0	83.0	33.0	54.0	21.0
subimage_E1	11082	0.32142857142857145	0.38676870280000203	0.17878888219947825	0.33451957295373663	0.44648318042813456	0.21967213114754097	0.35322140964725973	0.4773662551440329	0.26941747572815533	107.0	143.0	69.0	36.0	69.0	35.0
subimage_D1	5772	0.32081911262798635	0.37900563924599734	0.21906163317772817	0.3387096774193548	0.40787857235225655	0.2542955326460481	0.36904761904761907	0.42835010060362166	0.28291316526610644	115.0	134.0	84.0	28.0	50.0	22.0
subimage_C1	3857	0.3303407601572739	0.3854391284815813	0.20687317358270016	0.3408360128617363	0.41883116883116883	0.24057971014492754	0.364296788482835	0.441730397512396	0.2717472025691203	113.0	139.0	80.0	34.0	59.0	26.0
subimage_B1	7105	0.33666666666666667	0.3805970149253731	0.19536423841059603	0.346875	0.4208955223880597	0.23224043715846995	0.3661073682717538	0.4462756077206773	0.27044814340588985	113.0	138.0	75.0	37.0	60.0	24.0
subimage_A1	4586	0.33211678832116787	0.38015028115182203	0.20340021601861086	0.3633879781420765	0.41330166270783847	0.22537035685616288	0.3764988009592326	0.4436295283663705	0.26506024096385544	139.0	156.0	84.0	51.0	67.0	18.0
subimage_H2	4108	0.32613335100742313	0.38267148014440433	0.2253968253968254	0.3409789092958805	0.4110032362459547	0.24573378839590443	0.3597276634138234	0.43109540636042404	0.27931985678262444	111.0	133.0	79.0	29.0	53.0	22.0
subimage_G2	7498	0.3263888888888889	0.3909852804192726	0.18541033434650456	0.3371757925072046	0.44807121661721067	0.21428571428571427	0.353099730458221	0.47637200288062354	0.27093382562672325	113.0	151.0	71.0	41.0	78.0	37.0
subimage_F2	2874	0.35621007337931576	0.3478964401294498	0.21702043341259256	0.3696631830518087	0.360745043639096	0.2635786623756433	0.3807829181494662	0.4173521441096764	0.28847077746575434	191.0	186.0	137.0	56.0	52.0	-6.0
subimage_E2	4805	0.3267089123819682	0.37285153131287324	0.22727272727272727	0.34726688102893893	0.39464882943143814	0.25742574257425743	0.36254739350754084	0.4297454279929636	0.2765273311897106	105.0	120.0	79.0	28.0	42.0	14.0
subimage_D2	4792	0.33103661509555127	0.3921891511095456	0.2	0.3409090909090909	0.4265927977839335	0.23186381669500444	0.36	0.45149815304747165	0.26451939302046906	110.0	139.0	75.0	35.0	62.0	27.0
subimage_C2	3666	0.3231965422347331	0.37898089171974525	0.24	0.3434650455927052	0.40057227534713125	0.25666666666666665	0.3582626430716779	0.4207910516605166	0.27836307180967373	108.0	125.0	80.0	27.0	44.0	18.0
subimage_B2	2927	0.3269230769230769	0.3497966785406399	0.24685132330046705	0.3609271523178808	0.3704918032786885	0.2711864406779661	0.37809125106176433	0.3929824561403509	0.290000987069391	109.0	113.0	82.0	27.0	31.0	2.0
subimage_A2	7458	0.34052476218633704	0.37707678380380216	0.16887417218543047	0.3520710059171598	0.4338461538461538	0.21525885558583105	0.375	0.46393421345397906	0.27209302325581397	121.0	147.0	74.0	47.0	75.0	28.0
subimage_H3	12927	0.3283052966583314	0.4025948717948718	0.18534770725781963	0.34048257372654156	0.4532967032967033	0.20552147239263804	0.35709046454767707	0.47058823529411764	0.25721595497678174	117.0	155.0	69.0	45.0	83.0	38.0
subimage_G3	5320	0.3344370860927152	0.36057528780743064	0.19825072886297376	0.35	0.42153846153846153	0.23076923076923078	0.37401007575902145	0.44025157232704404	0.2813414895451719	123.0	148.0	78.0	41.0	65.0	26.0
subimage_F3	5965	0.35417412045319024	0.349025974025974	0.20244504667268895	0.37028824833702884	0.37044534412955465	0.24946695095948826	0.3910957851580028	0.43221221195491527	0.28916506576030737	174.0	178.0	117.0	60.0	57.0	-1.0
subimage_E3	8517	0.3323529411764706	0.38686131386861317	0.15622923588039866	0.3465909090909091	0.44011976047904194	0.21476510067114093	0.3624014776073003	0.4883720930232558	0.2652582159624413	115.0	149.0	72.0	45.0	77.0	33.0
subimage_D3	8688	0.3305403828197946	0.3837471783295711	0.1824561403508772	0.3430232558139535	0.44314868804664725	0.21428571428571427	0.35561497326203206	0.47453297043177034	0.2701525054466231	120.0	155.0	75.0	45.0	80.0	35.0
subimage_C3	11537	0.32792207792207795	0.39069767441860465	0.18556701030927836	0.3400576368876081	0.4482758620689655	0.21008403361344538	0.36281027412044026	0.4702194357366771	0.2664073147959347	118.0	153.0	71.0	44.0	81.0	36.0
subimage_B3	12001	0.3333333333333333	0.3532219570405728	0.15901060070671377	0.3477088948787062	0.44598337950138506	0.20916905444126074	0.3694915254237288	0.487012987012987	0.2817796610169492	120.0	153.0	72.0	47.0	82.0	34.0
subimage_A3	5125	0.3289902280130293	0.3753954116059379	0.22727272727272727	0.3490566037735849	0.40189873417721517	0.2492836676217765	0.3634121196882072	0.43205574912891986	0.27792319295965273	111.0	129.0	80.0	31.0	49.0	17.0
subimage_H4	6712	0.33488372093023255	0.3886315165876777	0.15570934256055363	0.346031746031746	0.43956043956043955	0.2140845070422535	0.36303630363036304	0.48226950354609927	0.2714938361131254	125.0	159.0	78.0	47.0	81.0	33.0
subimage_G4	10874	0.3389830508474576	0.38235294117647056	0.14375	0.3511450381679389	0.446524064171123	0.20512820512820512	0.36752136752136755	0.4935897435897436	0.26956521739130435	128.0	163.0	74.0	52.0	86.0	35.0
subimage_F4	7181	0.3342618384401114	0.37777777777777777	0.1868421052631579	0.3474576271186441	0.4444444444444444	0.21203438395415472	0.37264150943396224	0.4606741573033708	0.2716049382716049	127.0	161.0	74.0	49.0	81.0	35.0
subimage_E4	5615	0.3333333333333333	0.38216123249136413	0.18893410852713177	0.34615384615384615	0.4383561643835616	0.21813031161473087	0.3644578313253012	0.4576939598051491	0.2751299332894491	122.0	155.0	75.0	44.0	77.0	33.0
subimage_D4	13046	0.33157894736842103	0.40540540540540543	0.1832797427652733	0.3445378151260504	0.4505208333333333	0.20364741641337386	0.36053974221267454	0.4700236593059937	0.2536945812807882	126.0	164.0	74.0	50.0	88.0	38.0
subimage_C4	15226	0.3287221128295322	0.3912361287975259	0.18154976327706873	0.34277620396600567	0.447887323943662	0.2080745341614907	0.36455696202531646	0.47183098591549294	0.2646370023419204	123.0	158.0	74.0	45.0	82.0	36.0
subimage_B4	4151	0.33420370875374966	0.3806523277760302	0.22331715210355987	0.3585434173669468	0.4019370460048426	0.24022346368715083	0.37185807761732853	0.4240506329113924	0.2707058721742247	129.0	145.0	87.0	41.0	58.0	16.0
subimage_A4	6474	0.33116883116883117	0.4	0.16791044776119404	0.34256055363321797	0.4477124183006536	0.210745150593612	0.35714285714285715	0.4827586206896552	0.2577875477063533	103.0	135.0	63.0	39.0	70.0	31.0
subimage_H5	14991	0.3263157894736842	0.4024691358024691	0.18584070796460178	0.34177215189873417	0.44936708860759494	0.20771513353115728	0.35883905013192613	0.47115384615384615	0.25925925925925924	117.0	153.0	70.0	45.0	80.0	36.0
subimage_G5	14289	0.3284671532846715	0.3987779737214674	0.1794871794871795	0.3409090909090909	0.45394736842105265	0.20448179271708683	0.3621621621621622	0.4748427672955975	0.2579090259585616	119.0	156.0	70.0	45.0	83.0	38.0
subimage_F5	5935	0.34301865373995216	0.36931969923733904	0.17777777777777778	0.35324675324675325	0.4423076923076923	0.20491803278688525	0.3769968051118211	0.4640358301594019	0.27002678571428573	123.0	153.0	71.0	51.0	81.0	31.0
subimage_E5	6384	0.32602109694986614	0.4045261070720423	0.17813765182186234	0.34375	0.437125748502994	0.21715817694369974	0.35698371785049243	0.4821921798970127	0.2535066563766158	119.0	151.0	75.0	42.0	74.0	32.0
subimage_D5	13517	0.3358135791630085	0.39545454545454545	0.18005540166204986	0.3516209476309227	0.4411764705882353	0.2064676616915423	0.3677826163198504	0.46178343949044587	0.2595078299776286	135.0	168.0	78.0	54.0	88.0	32.0
subimage_C5	9902	0.33654080675422143	0.3851070813352577	0.17127291937223482	0.35121951219512193	0.4363143631436314	0.2127659574468085	0.3687150837988827	0.46875	0.26853614636680767	132.0	164.0	79.0	48.0	81.0	32.0
subimage_B5	9803	0.33178970681290865	0.38018433179723504	0.17	0.34421364985163205	0.4375	0.21875	0.3736654804270463	0.46774193548387094	0.27	111.0	141.0	70.0	40.0	70.0	30.0
subimage_A5	5566	0.3202916481316726	0.38729158772262223	0.21145769188258887	0.3471337579617834	0.41962535014005603	0.23492063492063492	0.36363636363636365	0.4470588235294118	0.27123959172710177	106.0	129.0	74.0	34.0	56.0	23.0
subimage_H6	7626	0.34270576909015577	0.38831422774643687	0.15894039735099338	0.35396039603960394	0.45161290322580644	0.19444444444444445	0.365	0.4840764331210191	0.2651581914002513	126.0	160.0	69.0	56.0	91.0	34.0
subimage_G6	11529	0.33773087071240104	0.3905325443786982	0.15457413249211358	0.3581267217630854	0.4507042253521127	0.18994413407821228	0.3746312684365782	0.47949203267815255	0.26121230581784954	134.0	166.0	71.0	61.0	96.0	34.0
subimage_F6	7229	0.34195402298850575	0.379746835443038	0.16305685618729096	0.35786802030456855	0.4444444444444444	0.20095693779904306	0.3776435045317221	0.47319031639501435	0.2662337662337662	132.0	164.0	72.0	57.0	86.0	31.0
subimage_E6	5106	0.32906324240190055	0.3868293471234648	0.17747440273037543	0.34100462379150903	0.44542772861356933	0.21428571428571427	0.37254901960784315	0.4613003095975232	0.26947018184963345	112.0	146.0	70.0	41.0	75.0	33.0
subimage_D6	14472	0.329700272479564	0.40503481012658227	0.18662952646239556	0.3443526170798898	0.4473007712082262	0.20640052139369364	0.362439061019847	0.46621621621621623	0.2570721370713489	128.0	165.0	76.0	50.0	88.0	37.0
subimage_C6	10918	0.33479069546189705	0.3923132521412309	0.17028817247722888	0.34591194968553457	0.4483192912359941	0.2054380664652568	0.35555555555555557	0.484	0.26171151439299123	122.0	157.0	72.0	48.0	84.0	35.0
subimage_B6	3594	0.35864297253634897	0.3463556257859454	0.20345206264323912	0.37897998596310956	0.36666666666666664	0.2527077223851417	0.4	0.4121677004873726	0.2928082191780822	196.0	191.0	130.0	68.0	59.0	-7.0
subimage_A6	3651	0.3291139240506329	0.3769230769230769	0.22179618768328446	0.3515151515151515	0.4006024096385542	0.2478386167146974	0.37142857142857144	0.4266666666666667	0.27522434205565194	117.0	134.0	82.0	34.0	51.0	16.0
subimage_H7	11780	0.329111901969507	0.38839285714285715	0.15261044176706828	0.3422982885085575	0.4507462686567164	0.2080745341614907	0.35909147585581497	0.49823321554770317	0.2676778850451417	115.0	150.0	68.0	44.0	79.0	35.0
subimage_G7	5560	0.3356156617898301	0.38532007927913203	0.19182174549840614	0.3464788732394366	0.44012460515861485	0.21264367816091953	0.3577023498694517	0.45987654320987653	0.2725063710058694	125.0	158.0	76.0	47.0	82.0	34.0
subimage_F7	17049	0.3307291666666667	0.40559440559440557	0.17647058823529413	0.34408602150537637	0.45454545454545453	0.19946808510638298	0.3631220517444013	0.47419354838709676	0.25355450236966826	123.0	161.0	71.0	50.0	89.0	39.0
subimage_E7	7882	0.3342857142857143	0.3854638037300089	0.1691842900302115	0.3453038674033149	0.44324324324324327	0.21329639889196675	0.36224288928169696	0.4727272727272727	0.26855382315875853	121.0	156.0	74.0	46.0	80.0	35.0
subimage_D7	11463	0.33340380549682874	0.38478361049889803	0.16233766233766234	0.34662576687116564	0.4441176470588235	0.21052631578947367	0.36215993771549326	0.4834710743801653	0.26635400873481024	123.0	157.0	74.0	47.0	82.0	34.0
subimage_C7	8928	0.3302180685358255	0.39950792782941497	0.1830601092896175	0.3439306358381503	0.4507462686567164	0.20512820512820512	0.35988727349346816	0.46745562130177515	0.26097773481091596	121.0	157.0	71.0	48.0	85.0	37.0
subimage_B7	13650	0.3263473053892216	0.39672509695856295	0.1813031161473088	0.3418079096045198	0.4542372881355932	0.2037735849056604	0.3611111111111111	0.47318611987381703	0.26035580545466847	116.0	153.0	68.0	46.0	82.0	37.0
subimage_A7	17577	0.3300970873786408	0.40388358600037433	0.18292682926829268	0.34704370179948585	0.4490358126721763	0.20253164556962025	0.36056338028169016	0.4696485623003195	0.25527435610302357	124.0	159.0	71.0	50.0	86.0	35.0
subimage_H8	17057	0.3240418118466899	0.4031413612565445	0.17682926829268292	0.33865814696485624	0.4551083591331269	0.2037037037037037	0.35890546588905464	0.47635380835380836	0.2595078299776286	112.0	149.0	67.0	43.0	80.0	37.0
subimage_G8	11980	0.3363626103016622	0.3854862796807416	0.15861845776141056	0.3496932515337423	0.4444444444444444	0.20689655172413793	0.37209302325581395	0.4777777777777778	0.26666666666666666	125.0	157.0	73.0	50.0	83.0	33.0
subimage_F8	7134	0.33966745843230406	0.3811563169164882	0.15335463258785942	0.3495702005730659	0.4425770308123249	0.20903954802259886	0.37272727272727274	0.47991950464396277	0.27146168401135284	126.0	159.0	75.0	50.0	84.0	33.0
subimage_E8	9414	0.33231378986866794	0.39552635777286504	0.18309859154929578	0.3436619718309859	0.449438202247191	0.20544554455445543	0.36363636363636365	0.4691358024691358	0.26131792873655535	125.0	162.0	74.0	48.0	86.0	37.0
subimage_D8	10629	0.3369903156204526	0.38320601464629567	0.16033755274261605	0.34893617021276596	0.4456824512534819	0.20652173913043478	0.3641553731319117	0.4866920152091255	0.268348623853211	126.0	161.0	74.0	49.0	84.0	35.0
subimage_C8	12556	0.3311036789297659	0.3972442709000128	0.15648205847224386	0.3465045592705167	0.44983818770226536	0.2032520325203252	0.3638968481375358	0.48771929824561405	0.26057906458797325	124.0	159.0	72.0	50.0	86.0	36.0
subimage_B8	14129	0.330188679245283	0.3995555424156418	0.18452380952380953	0.34615384615384615	0.44854881266490765	0.20454545454545456	0.3629976580796253	0.4674922600619195	0.2576530612244898	126.0	162.0	74.0	51.0	87.0	37.0
subimage_A8	9535	0.33663366336633666	0.3975216049382716	0.16205533596837945	0.35034013605442177	0.4513888888888889	0.20056497175141244	0.36293436293436293	0.48014870208011	0.25330870712401055	114.0	147.0	65.0	49.0	82.0	33.0
subimage_H9	8731	0.33035714285714285	0.38860103626943004	0.16046074717422773	0.34110787172011664	0.4454828660436137	0.21329639889196675	0.3615012607359546	0.4859296340290741	0.27095185126330845	115.0	150.0	73.0	43.0	78.0	35.0
subimage_G9	15863	0.33079073174493023	0.4054726368159204	0.1791044776119403	0.34393638170974156	0.45317220543806647	0.20123839009287925	0.36224088060421017	0.47397635495760404	0.2537281878135748	123.0	162.0	72.0	50.0	88.0	38.0
subimage_F9	9845	0.3364485981308411	0.38369316147511634	0.16041933559560714	0.34794520547945207	0.45317220543806647	0.2	0.3617021276595745	0.4837662337662338	0.2706573659868072	121.0	157.0	69.0	49.0	84.0	36.0
subimage_E9	7004	0.3333333333333333	0.3851203501094092	0.15457880209198074	0.34748522679557164	0.4434250764525994	0.21108179419525067	0.37035417341539784	0.48353629313349594	0.2696918624446714	124.0	156.0	74.0	48.0	82.0	34.0
subimage_D9	5990	0.33234814103683014	0.39436619718309857	0.1871508379888268	0.34806629834254144	0.44510385756676557	0.2050561797752809	0.3626062322946176	0.46043333830375927	0.2622793526512636	126.0	161.0	74.0	51.0	86.0	34.0
subimage_C9	3521	0.3251231527093596	0.34894613583138173	0.2441860465116279	0.3387096774193548	0.3987138263665595	0.2639751552795031	0.3822843822843823	0.4107142857142857	0.29191321499013806	108.0	128.0	84.0	25.0	42.0	19.0
subimage_B9	14917	0.3269137642018998	0.3973682158452901	0.18478260869565216	0.34055727554179566	0.44783715012722647	0.21067415730337077	0.36280626071566835	0.46757679180887374	0.26463223507398204	119.0	155.0	72.0	44.0	80.0	36.0
subimage_A9	2119	0.335106998264893	0.345679012345679	0.21922961422961423	0.34980988593155893	0.41124260355029585	0.2398921832884097	0.3776168303261298	0.4280233723305961	0.29607336123477196	118.0	140.0	80.0	37.0	57.0	21.0
subimage_H10	13137	0.33070866141732286	0.4026461538461539	0.18018018018018017	0.34411764705882353	0.4550561797752809	0.2	0.35844155844155845	0.4745222929936306	0.2571428571428571	120.0	158.0	69.0	48.0	86.0	38.0
subimage_G10	12322	0.33902439024390246	0.38461538461538464	0.13877623647323697	0.349862258953168	0.4489521615097652	0.2032520325203252	0.36819738838567284	0.4982456140350877	0.26741573033707866	125.0	161.0	72.0	51.0	87.0	36.0
subimage_F10	4973	0.35554296506137867	0.3422712933753943	0.2682926829268293	0.36934306569343067	0.34684684684684686	0.2828125	0.38171376227993886	0.3523014136929054	0.30137833202769365	234.0	220.0	181.0	54.0	41.0	-13.0
subimage_E10	6162	0.3333333333333333	0.38955016709594903	0.18382352941176472	0.34492753623188405	0.4315792806484296	0.22397476340694006	0.3614860407901305	0.46402877697841727	0.26430313146934403	110.0	137.0	72.0	38.0	65.0	27.0
subimage_D10	10257	0.3361309450711391	0.39444949413433683	0.1846069082432719	0.3465045592705167	0.44862155388471175	0.20364741641337386	0.3638676844783715	0.4646519543258673	0.25987100994511275	129.0	165.0	75.0	52.0	89.0	37.0
subimage_C10	18697	0.3286972286972287	0.4042960399063423	0.1839080459770115	0.3435754189944134	0.44986449864498645	0.20606060606060606	0.35967302452316074	0.46774193548387094	0.2550335570469799	124.0	161.0	74.0	48.0	85.0	37.0
subimage_B10	9470	0.3289036544850498	0.3886138613861386	0.19060376786924976	0.344	0.44108761329305135	0.21212121212121213	0.3730175095775589	0.46397694524495675	0.26457912929745886	123.0	158.0	76.0	47.0	81.0	35.0
subimage_A10	3559	0.3425	0.3446731200091917	0.2185792349726776	0.3600605143721634	0.35826771653543305	0.26119402985074625	0.3880299169341761	0.43380281690140843	0.29678362573099415	171.0	170.0	129.0	46.0	50.0	-6.0
subimage_H11	13005	0.32727272727272727	0.40241551572142226	0.17595307917888564	0.34626865671641793	0.4563380281690141	0.19889502762430938	0.3564954682779456	0.47468354430379744	0.25806451612903225	121.0	158.0	67.0	50.0	86.0	37.0
subimage_G11	8732	0.3288590604026846	0.4009969230005707	0.16265485869144405	0.34269662921348315	0.45722713864306785	0.20219583735133398	0.3519061583577713	0.4907749077490775	0.2564102564102564	112.0	149.0	66.0	46.0	83.0	37.0
subimage_F11	11073	0.3312616099071207	0.3946078431372549	0.18650287669102783	0.33994334277620397	0.44765342960288806	0.2111801242236025	0.3633577677055938	0.46794871794871795	0.2620192307692308	112.0	147.0	69.0	42.0	76.0	35.0
subimage_E11	4367	0.334384858044164	0.3547008547008547	0.22635425540153334	0.36451612903225805	0.3868421052631579	0.24797843665768193	0.38694996722744157	0.4152823920265781	0.28534502483209734	131.0	140.0	89.0	41.0	50.0	7.0
subimage_D11	11566	0.34150943396226413	0.3888888888888889	0.18045112781954886	0.35405405405405405	0.44565217391304346	0.1995332396544775	0.36666666666666664	0.46380697050938335	0.2616350737126523	142.0	179.0	80.0	61.0	95.0	36.0
subimage_C11	13927	0.32802039957633883	0.40138093616296644	0.18238993710691823	0.34558823529411764	0.45108695652173914	0.2032258064516129	0.3595238095238095	0.46827794561933533	0.25905863490609243	128.0	167.0	74.0	52.0	90.0	39.0
subimage_B11	2761	0.3493670886075949	0.34968354430379744	0.20238095238095238	0.36803874092009686	0.39651416122004357	0.23890063424947147	0.38530465949820786	0.4292929292929293	0.2778675282714055	167.0	182.0	107.0	60.0	70.0	14.0
subimage_A11	4388	0.3333333333333333	0.37425149700598803	0.22950819672131148	0.3493975903614458	0.3945578231292517	0.25477707006369427	0.3619631901840491	0.4276238259790891	0.2775570249939335	113.0	128.0	82.0	30.0	45.0	14.5
subimage_H12	14064	0.32926829268292684	0.4033412887828162	0.18263473053892215	0.345821325648415	0.45187165775401067	0.20170454545454544	0.35678195665829143	0.46987951807228917	0.2578072916666666	122.0	159.0	71.0	50.0	88.0	37.0
subimage_G12	3645	0.33094037225735423	0.3860749077588724	0.21153846153846154	0.34385964912280703	0.4131054131054131	0.24285714285714285	0.3746368766343992	0.4258064516129032	0.27058823529411763	115.0	137.0	80.0	33.0	56.0	23.0
subimage_F12	7840	0.3448275862068966	0.3881278538812785	0.18412393162393165	0.3598130841121495	0.4337606837606838	0.2060588543777264	0.37172831777828363	0.4518950437317784	0.26109845561886236	153.0	180.0	87.0	63.0	93.0	31.0
subimage_E12	4664	0.345821325648415	0.34419325141095947	0.2	0.35957256499067486	0.4077257969303424	0.23425997425997425	0.3783783783783784	0.4335902813815372	0.2915870354920118	133.0	151.0	84.0	45.0	62.0	18.0
subimage_D12	18181	0.33689839572192515	0.39082969432314413	0.1656441717791411	0.3509933774834437	0.4435695538057743	0.20597014925373133	0.36901408450704226	0.47266881028938906	0.2620689655172414	129.0	162.0	76.0	53.0	86.0	34.0
subimage_C12	3006	0.32661290322580644	0.35637541160047315	0.22695035460992907	0.3446153846153846	0.40809968847352024	0.24841765813403838	0.37141259188239056	0.4246575342465753	0.2853055340876527	107.0	127.0	77.0	31.0	50.0	20.0
subimage_B12	10435	0.33967995169082127	0.3941275018861226	0.1845562268824583	0.35714285714285715	0.44297082228116713	0.2	0.3645320197044335	0.46153846153846156	0.2564102564102564	148.0	182.0	81.0	64.0	98.0	35.0
subimage_A12	2932	0.3321928332649111	0.3789173789173789	0.21384377344336084	0.34949776598246385	0.39344262295081966	0.2565693570661347	0.3625169939577039	0.43837849910661103	0.2731548273819597	107.0	121.0	80.0	28.0	42.0	14.0