subimage	all_plant_pixels	ratio_r_q5	ratio_g_q5	ratio_b_q5	ratio_r_median	ratio_g_median	ratio_b_median	ratio_r_q95	ratio_g_q95	ratio_b_q95	pix_r_median	pix_g_median	pix_b_	diff_rb_median	diff_gb_median	diff_gr_median
subimage_H1	16850	0.3366013071895425	0.4022488803076582	0.18285714285714286	0.3492957746478873	0.45054945054945056	0.2	0.3581267217630854	0.4630681818181818	0.2539299370551209	124.0	159.0	70.5	52.0	87.0	35.0
subimage_G1	9194	0.34194753429736746	0.39641943734015345	0.1801566579634465	0.35962145110410093	0.44630071599045346	0.19480519480519481	0.36827462000060923	0.4592953568100404	0.2537334959849211	144.0	176.5	76.0	65.0	99.0	33.0
subimage_F1	14422	0.33433734939759036	0.40476837474120086	0.18238993710691823	0.3466981132075472	0.4542857142857143	0.1974316162678045	0.3595505617977528	0.4668769716088328	0.25176388317564785	118.0	154.0	67.0	50.0	87.0	36.0
subimage_E1	15312	0.33248730964467005	0.39947911326210445	0.17845687645687644	0.3450134770889488	0.45454545454545453	0.2	0.3547486033519553	0.4727955198815928	0.259970822281167	114.0	147.0	66.0	44.0	80.0	35.0
subimage_D1	19283	0.33707865168539325	0.39712918660287083	0.18412788344799677	0.3525	0.44881889763779526	0.19796954314720813	0.3631713554987212	0.46153846153846156	0.25574082588580105	132.0	168.0	74.0	57.0	92.0	35.0
subimage_C1	3915	0.33768613585367513	0.3619826222135858	0.22192293604864113	0.36153846153846153	0.3898678414096916	0.25060240963855424	0.38229591005377217	0.41812865497076024	0.2752724417059321	147.0	158.0	101.0	45.0	57.0	10.0
subimage_B1	7101	0.3277027027027027	0.3951219512195122	0.1890909090909091	0.34210526315789475	0.4421768707482993	0.21604938271604937	0.35344827586206895	0.46586345381526106	0.26586102719033233	104.0	135.0	67.0	38.0	69.0	31.0
subimage_A1	2301	0.3373493975903614	0.3644859813084112	0.22085889570552147	0.34782608695652173	0.39880952380952384	0.2515527950310559	0.37209302325581395	0.42771084337349397	0.27586206896551724	125.0	142.0	90.0	35.0	52.0	19.0
subimage_H2	11265	0.3349420984910516	0.3815916603101958	0.1541501976284585	0.34494773519163763	0.44744744744744747	0.20909090909090908	0.36996336996337	0.48332094175960344	0.265625	110.0	143.0	67.0	43.0	76.0	32.0
subimage_G2	3319	0.33519398319379745	0.34285714285714286	0.2445141065830721	0.34626865671641793	0.3933933933933934	0.2614942528735632	0.37399806162604643	0.409375	0.29770992366412213	119.0	138.0	90.0	31.0	46.0	17.0
subimage_F2	21316	0.33557046979865773	0.4045155553046129	0.18055555555555555	0.35051546391752575	0.45268542199488493	0.19662921348314608	0.36253041362530414	0.4647887323943662	0.2513776975085672	130.0	167.0	72.0	57.0	94.0	37.0
subimage_E2	11611	0.3355013607456604	0.40152483918468573	0.18051575931232092	0.3481675392670157	0.4537313432835821	0.1972972972972973	0.35694050991501414	0.4690909090909091	0.2570393772673762	124.0	161.0	70.0	53.0	91.0	37.0
subimage_D2	9239	0.3355263157894737	0.3806206649127003	0.17228464419475656	0.34615384615384615	0.4520123839009288	0.2027491408934708	0.36	0.47547169811320755	0.2727272727272727	114.0	149.0	67.0	47.0	82.0	35.0
subimage_C2	8797	0.335423197492163	0.3840543568614695	0.15384615384615385	0.34545454545454546	0.4458204334365325	0.20962199312714777	0.362962962962963	0.48846153846153845	0.2659846547314578	111.0	143.0	67.0	43.0	75.0	32.0
subimage_B2	12618	0.33620689655172414	0.4009433962264151	0.17793266816584066	0.3485714285714286	0.45555555555555555	0.19525065963060687	0.35693215339233036	0.4709897610921502	0.257274253941692	122.0	159.0	68.0	53.0	90.0	36.0
subimage_A2	12503	0.33544303797468356	0.4	0.18056020066889633	0.3490304709141274	0.4527777777777778	0.19830028328611898	0.35694050991501414	0.46646341463414637	0.25791466244862504	122.0	158.0	69.0	53.0	89.0	36.0
subimage_H3	11889	0.33793103448275863	0.39720921197470377	0.1549011239152084	0.3492063492063492	0.45051194539249145	0.1981981981981982	0.36427589592538046	0.4910394265232975	0.2535251662814284	115.0	147.0	64.0	49.0	82.0	34.0
subimage_G3	9583	0.3366013071895425	0.4030393096285926	0.17666917293233084	0.3455056179775281	0.45454545454545453	0.2	0.3546099290780142	0.4736678143958025	0.2544365607163429	111.0	147.0	64.0	46.0	80.0	34.0
subimage_F3	11505	0.3377926421404682	0.38461538461538464	0.14871117392239394	0.34748010610079577	0.44598337950138506	0.20786516853932585	0.36065573770491804	0.5	0.2662308608617333	116.0	149.0	69.0	46.0	79.0	33.0
subimage_E3	15657	0.3363858771198221	0.3878324495416615	0.15355510336488837	0.35	0.4525	0.19708029197080293	0.3657832634684055	0.4921259842519685	0.26485148514851486	128.0	158.0	71.0	48.0	81.0	35.0
subimage_D3	6926	0.3380986492018011	0.3949828767123288	0.18971061093247588	0.3473053892215569	0.4329268292682927	0.2180458958197493	0.3672316384180791	0.45794392523364486	0.2582880059555972	121.0	151.0	74.0	45.0	73.0	30.0
subimage_C3	12748	0.33436532507739936	0.375	0.1737891737891738	0.3519061583577713	0.45348837209302323	0.1963270484694697	0.36656891495601174	0.4716417910447761	0.26888155136268344	122.0	156.0	66.0	52.0	85.0	35.0
subimage_B3	4811	0.3236514522821577	0.3976603186276606	0.20725388601036268	0.34104046242774566	0.4265129682997118	0.23295454545454544	0.3504273504273504	0.4559204510819872	0.2675011735252699	115.0	143.0	77.0	35.0	63.0	28.0
subimage_A3	8273	0.33557953927081446	0.39793781386900307	0.165596823558607	0.35144927536231885	0.44508670520231214	0.20376175548589343	0.36752136752136755	0.47246133068317914	0.2550609505547185	117.0	148.0	69.0	46.0	77.0	32.0
subimage_H4	10065	0.34054054054054056	0.37395190763285924	0.15605095541401273	0.35402298850574715	0.44891640866873067	0.19732441471571907	0.37191711110206405	0.47974656899890544	0.27150294360920546	124.0	157.0	69.0	54.0	86.0	33.0
subimage_G4	8911	0.337696335078534	0.3830275229357798	0.15471908187735528	0.3502994011976048	0.44314868804664725	0.2096317280453258	0.3685897435897436	0.48060526615752874	0.26944707162542836	123.0	156.0	73.0	49.0	81.0	33.0
subimage_F4	12819	0.33574007220216606	0.40224225212989256	0.15789473684210525	0.3482849604221636	0.45217391304347826	0.19931271477663232	0.36553524804177545	0.49070976180641607	0.2529301686957773	128.0	164.0	71.0	52.0	87.0	37.0
subimage_E4	10589	0.335283827816841	0.38556701030927837	0.1449814126394052	0.35119047619047616	0.44625407166123776	0.20786516853932585	0.37109375	0.4885245901639344	0.2637889688249401	115.0	147.0	69.0	48.0	79.0	32.0
subimage_D4	3817	0.3520326530612245	0.3540268456375839	0.2097560975609756	0.37028301886792453	0.3885350318471338	0.24210526315789474	0.38496848350018537	0.4282128338778462	0.27984100900293546	171.0	182.0	110.0	61.0	67.0	9.0
subimage_C4	14584	0.33448275862068966	0.40625	0.1782477341389728	0.3475609756097561	0.45592705167173253	0.19584569732937684	0.3575418994413408	0.47112066693606475	0.25229357798165136	120.0	157.0	67.0	52.0	89.0	37.0
subimage_B4	8115	0.33960750681061447	0.38687782805429866	0.1483576597571446	0.35	0.44972067039106145	0.20057306590257878	0.3684716599190282	0.49136731709057174	0.263040027605245	117.0	150.0	67.0	50.0	83.0	33.0
subimage_A4	10766	0.33532934131736525	0.3905882352941176	0.17404129793510326	0.3514285714285714	0.45325779036827196	0.195906432748538	0.36610169491525424	0.4696969696969697	0.2578064836666253	120.0	155.0	66.0	52.0	85.0	35.0
subimage_H5	11397	0.3445378151260504	0.38525970664365833	0.18292682926829268	0.3686635944700461	0.43683083511777304	0.1955193482688391	0.3771186440677966	0.4539877300613497	0.26173863636363626	163.0	191.0	84.0	76.0	105.0	29.0
subimage_G5	7476	0.340652656346087	0.3816880996801706	0.14814814814814814	0.3521505376344086	0.44192634560906513	0.20949720670391062	0.3716990157158059	0.4852941176470588	0.2717149220489978	123.0	155.0	73.0	49.0	81.0	32.0
subimage_F5	11262	0.33663366336633666	0.3797752808988764	0.14666924066924067	0.35106382978723405	0.45080666146239917	0.19940476190476192	0.3684210526315789	0.4939734647090385	0.2665198237885463	123.0	158.0	70.0	51.0	87.0	35.0
subimage_E5	11783	0.3333333333333333	0.3924080557799922	0.18149466192170818	0.34656084656084657	0.44776119402985076	0.20618556701030927	0.36555891238670696	0.4664310954063604	0.2621764692631721	120.0	154.0	70.0	47.0	80.0	35.0
subimage_D5	3549	0.357019508829617	0.34596687929917164	0.24089804931910194	0.3758741258741259	0.3521594684385382	0.2685337726523888	0.38933778267349184	0.37976390271654104	0.29595015576323985	215.0	203.0	158.0	59.0	49.0	-10.0
subimage_C5	4714	0.3237410071942446	0.39418808843753306	0.19753086419753085	0.3355048859934853	0.43653250773993807	0.22798827757591358	0.3544804696430321	0.46153846153846156	0.2693824561403508	102.0	133.0	70.0	33.0	63.0	31.0
subimage_B5	7677	0.33663366336633666	0.3915073234561648	0.15459937109421645	0.34674922600619196	0.44904458598726116	0.20408163265306123	0.36398467432950193	0.48717948717948717	0.26559613163972284	113.0	146.0	66.0	47.0	81.0	33.0
subimage_A5	5808	0.33527696793002915	0.3891643294237634	0.19003115264797507	0.3442622950819672	0.4426998087200016	0.21450627579174092	0.36070381231671556	0.4633861788617886	0.2620320855614973	113.0	145.0	69.0	43.0	74.0	32.0
subimage_H6	17098	0.33780026361329546	0.3935963403965576	0.17391304347826086	0.3556978774485732	0.455012853470437	0.18925831202046037	0.3640897755610973	0.46795139632883365	0.2601010101010101	136.0	173.0	71.0	63.0	101.0	37.0
subimage_G6	10325	0.33707865168539325	0.38161028795079677	0.1853932584269663	0.3492957746478873	0.44533333333333336	0.20625	0.36298761292088694	0.4624277456647399	0.268422861463381	126.0	160.0	73.0	49.0	82.0	34.0
subimage_F6	6880	0.33962264150943394	0.3941413704344739	0.15982745557239292	0.34838709677419355	0.4488900225161835	0.203125	0.35735735735735735	0.4889867841409692	0.2582207653422667	116.0	150.0	68.0	48.0	82.0	33.0
subimage_E6	15326	0.3362589165220744	0.4025641025641026	0.17478510028653296	0.3489010989010989	0.4548741645781119	0.19486236802413273	0.36136417183695907	0.47262247838616717	0.25443618588455874	126.0	162.0	69.0	53.0	90.0	37.0
subimage_D6	3552	0.33722709651091615	0.37423504999056784	0.22693636665192393	0.3515151515151515	0.4035608308605341	0.24431818181818182	0.3708457505518764	0.4194528875379939	0.2779326686601657	115.0	133.0	80.0	36.0	52.0	17.0
subimage_C6	6484	0.3333333333333333	0.39000785340314137	0.16911764705882354	0.3426791277258567	0.4431137724550898	0.21492537313432836	0.362962962962963	0.47719298245614034	0.26184538653366585	110.0	142.0	69.0	41.0	74.0	33.0
subimage_B6	3276	0.3300970873786408	0.38439306358381503	0.21926845928514194	0.34146341463414637	0.40069686411149824	0.25705329153605017	0.36398467432950193	0.4214926508871	0.2781065088757396	105.0	124.0	80.0	26.0	45.0	18.0
subimage_A6	7014	0.3416666666666667	0.38850574712643676	0.19301302854992708	0.36151603498542273	0.42670999019090017	0.20911528150134048	0.3770833333333333	0.44662921348314605	0.26053317226067646	160.0	182.0	91.0	59.0	87.0	26.0
subimage_H7	4736	0.3344343719465856	0.3510104041616646	0.17624128509515732	0.34710743801652894	0.44	0.21380444646098004	0.358695652173913	0.47035573122529645	0.2937655113560742	112.0	142.0	69.0	42.0	72.0	30.0
subimage_G7	8363	0.33810888252148996	0.38495782957331004	0.1568627450980392	0.34963325183374083	0.44036697247706424	0.2140921409214092	0.369281045751634	0.4770259903291798	0.2669683257918552	120.0	152.0	73.0	46.0	78.0	31.0
subimage_F7	7895	0.33695652173913043	0.36228192783558527	0.19586944268301276	0.34615384615384615	0.4339622641509434	0.21910112359550563	0.3637943076654443	0.4536519052958974	0.2741440294284097	124.0	155.0	78.0	45.0	77.0	31.0
subimage_E7	4464	0.32209737827715357	0.3915607437729827	0.21543408360128619	0.34615384615384615	0.4218289085545723	0.23372781065088757	0.35735605922925806	0.4372623574144487	0.2740963855421687	119.0	144.0	79.0	39.0	63.0	26.0
subimage_D7	15094	0.3425692695214106	0.39014557005027856	0.1347517730496454	0.35789473684210527	0.4502923976608187	0.19230769230769232	0.3739130434782609	0.49829351535836175	0.25989190020696984	128.0	161.0	69.0	60.0	94.0	34.0
subimage_C7	2248	0.3345323741007194	0.3579985335003514	0.22717952394608545	0.3474320241691843	0.4014210712302489	0.25	0.3763781117023424	0.41637010676156583	0.2857142857142857	107.0	123.0	77.0	30.0	46.0	17.0
subimage_B7	12134	0.33687943262411346	0.40373210241449464	0.17630057803468208	0.3492063492063492	0.45352636263678725	0.19621001286770207	0.35883905013192613	0.4730291797357666	0.25210084033613445	122.0	157.0	68.0	53.0	89.0	36.0
subimage_A7	1736	0.33230232100708107	0.35494880546075086	0.21260432703994814	0.34545454545454546	0.4187123493975904	0.23529411764705882	0.3701775008816269	0.4383561643835616	0.2853126907366543	110.0	134.0	75.0	36.0	59.0	24.0
subimage_H8	15872	0.33916849015317285	0.39436619718309857	0.17630057803468208	0.35127478753541075	0.45579170894877286	0.1918158567774936	0.36141304347826086	0.46875	0.25868118989348865	127.0	164.0	69.0	57.0	95.0	37.0
subimage_G8	8561	0.3435754189944134	0.39285714285714285	0.15178571428571427	0.3581267217630854	0.44527363184079605	0.19822485207100593	0.37249283667621774	0.4804804804804805	0.25925925925925924	134.0	167.0	74.0	60.0	93.0	33.0
subimage_F8	13774	0.33853034420289857	0.4039241067683051	0.1737941252647135	0.35046728971962615	0.4557291666666667	0.19210526315789472	0.36283185840707965	0.47368421052631576	0.25	125.0	162.0	68.0	55.0	92.0	37.0
subimage_E8	11567	0.3401274311544638	0.38425925925925924	0.14958274446463424	0.34908136482939633	0.4409722222222222	0.21241830065359477	0.36789297658862874	0.48936170212765956	0.2675767963435374	121.0	154.0	73.0	46.0	78.0	32.0
subimage_D8	10470	0.33664851485148517	0.38207547169811323	0.15253994702213108	0.3491686460807601	0.4398826979472141	0.21495327102803738	0.3687707641196013	0.4864864864864865	0.2689655172413793	119.0	151.0	73.0	46.0	77.0	32.0
subimage_C8	8459	0.3438485804416404	0.36622807017543857	0.18337000814995927	0.36492890995260663	0.4349112426035503	0.2022792022792023	0.3786407766990291	0.4491525423728814	0.27740492170022374	151.0	171.0	80.0	61.0	86.0	27.0
subimage_B8	6327	0.33932757574882294	0.38312157721796275	0.17824897874402826	0.3508771929824561	0.4380165289256198	0.21052631578947367	0.3696627141460896	0.46504240440410655	0.2668112798264642	125.0	156.0	75.0	49.0	81.0	31.0
subimage_A8	5390	0.33419322828562675	0.38763251783893987	0.18905956848030017	0.3472222222222222	0.4318181818181818	0.2208512840810486	0.3641713398326287	0.46229508196721314	0.2661163535525419	123.0	152.0	77.5	44.0	75.0	30.0
subimage_H9	10742	0.3438669552805358	0.3539967373572594	0.15363916498203056	0.3601699683559973	0.4417326821132885	0.2027491408934708	0.38355831892538894	0.4749963126843657	0.28225731082303285	139.0	166.0	71.0	54.0	78.0	29.0
subimage_G9	8414	0.3436426116838488	0.38461538461538464	0.1778262490678598	0.3669724770642202	0.4349680170575693	0.1962809917355372	0.3782696177062374	0.46251425081433223	0.26386559896526796	164.0	192.0	87.0	69.0	96.0	29.0
subimage_F9	3343	0.35459231535015506	0.3480673608159796	0.22625698324022347	0.3674540682414698	0.3726851851851852	0.25	0.4007554356676083	0.40804597701149425	0.2918446176753963	163.0	165.0	109.0	50.0	54.0	1.0
subimage_E9	5164	0.3343949044585987	0.38674773254939954	0.21493412416743643	0.3506172839506173	0.41581632653061223	0.23306233062330622	0.35844155844155845	0.44039735099337746	0.26763990267639903	131.0	155.0	87.0	43.0	67.0	24.0
subimage_D9	14791	0.33557046979865773	0.3985847088472387	0.17561631593147173	0.3507692307692308	0.45145631067961167	0.19696969696969696	0.36666666666666664	0.4723926380368098	0.255555691039562	129.0	163.0	72.0	54.0	90.0	36.0
subimage_C9	10145	0.34074074074074073	0.3836495568905014	0.1648430422623971	0.35233160621761656	0.44983818770226536	0.1986970684039088	0.3686106474676764	0.47335423197492166	0.2671917282604305	119.0	150.0	67.0	51.0	82.0	32.0
subimage_B9	15740	0.33676975945017185	0.3975293209876543	0.17857142857142858	0.35106382978723405	0.4535211267605634	0.19518716577540107	0.36147757255936674	0.46788990825688076	0.2578498937927779	126.0	162.0	69.0	55.0	92.0	36.0
subimage_A9	10711	0.3389830508474576	0.40199758095689364	0.17008797653958943	0.35060975609756095	0.4573170731707317	0.19137466307277629	0.362116991643454	0.47214076246334313	0.2534498736844778	120.0	156.0	64.0	53.0	89.0	35.0
subimage_H10	6917	0.3434065934065934	0.36036036036036034	0.2	0.3577586206896552	0.4033898305084746	0.24024024024024024	0.37900874635568516	0.43478260869565216	0.28153153153153154	127.0	147.0	84.0	40.0	55.0	15.0
subimage_G10	5490	0.3394495412844037	0.3797752808988764	0.17675362185952687	0.3498542274052478	0.4418604651162791	0.21022727272727273	0.36619718309859156	0.46488294314381273	0.27514140851674923	119.0	149.0	71.0	46.0	78.0	31.0
subimage_F10	17070	0.33719087192547414	0.39910761337535916	0.17819148936170212	0.3518005540166205	0.45066666666666666	0.19666666666666666	0.3642083777067803	0.4685714285714286	0.254344693821003	130.0	166.0	72.0	56.0	93.0	36.0
subimage_E10	12754	0.33621905153713816	0.39752006172839505	0.17595307917888564	0.34946236559139787	0.44970414201183434	0.2	0.362781160589832	0.4709897610921502	0.258447501980227	122.0	156.0	69.0	50.0	83.0	34.0
subimage_D10	6572	0.33633633633633636	0.3873337493314316	0.15841584158415842	0.3557422969187675	0.436046511627907	0.20947833308168504	0.3795379537953795	0.46959459459459457	0.2641509433962264	118.0	145.0	70.0	49.0	74.0	27.0
subimage_C10	10919	0.33810888252148996	0.3995091957378485	0.18404907975460122	0.3506849315068493	0.4447852760736196	0.20334261838440112	0.3633633633633634	0.4646153846153846	0.2544275935058209	125.0	159.0	72.0	52.0	85.0	33.0
subimage_B10	14221	0.33875338753387535	0.4010416666666667	0.15789473684210525	0.3520710059171598	0.44959128065395093	0.19767441860465115	0.3673469387755102	0.4813664596273292	0.25301204819277107	121.0	155.0	67.0	52.0	84.0	33.0
subimage_A10	7317	0.3333333333333333	0.40606593406593405	0.16666666666666666	0.34615384615384615	0.4511494252873563	0.20430107526881722	0.35714285714285715	0.4785714285714286	0.2545454545454545	107.0	139.0	63.0	44.0	77.0	32.0
subimage_H11	5796	0.3411764705882353	0.3788379388599653	0.2	0.35185185185185186	0.42	0.22686567164179106	0.36421725239616615	0.4434782608695652	0.2719620743034056	127.0	154.0	82.0	45.0	71.0	25.0
subimage_G11	8156	0.34097421203438394	0.3905665062858916	0.175	0.35398230088495575	0.4462675316983875	0.2006079027355623	0.3697791063772776	0.46264367816091956	0.2607055946871772	122.0	153.0	70.0	51.0	82.0	32.0
subimage_F11	9696	0.33941605839416056	0.3467470652263588	0.18518518518518517	0.35092348284960423	0.4423676012461059	0.20698924731182797	0.3606924878845513	0.4608433734939759	0.28836099423406575	120.5	153.0	71.0	48.0	78.0	31.0
subimage_E11	3875	0.337069262307909	0.3850574712643678	0.1895218438252494	0.34983498349834985	0.43333333333333335	0.21686746987951808	0.3598844370968265	0.45939260815585903	0.2700719159137009	119.0	149.0	75.0	44.0	74.0	28.0
subimage_D11	9608	0.3434650455927052	0.37405638733579183	0.18980169971671387	0.3618519835625099	0.42771084337349397	0.21099591663573208	0.37777777777777777	0.44166666666666665	0.2712605457171087	130.0	152.0	74.0	53.0	76.0	24.0
subimage_C11	9778	0.3443102402789358	0.39361913340809235	0.17936117936117937	0.36386138613861385	0.44364508393285373	0.1926233490548409	0.37264150943396224	0.4548403279749703	0.2549981522542498	148.0	179.0	77.0	68.0	100.0	32.0
subimage_B11	14011	0.3427319624054837	0.3974358974358974	0.16115702479338842	0.3536231884057971	0.45187165775401067	0.19337016574585636	0.36768802228412256	0.47706422018348627	0.25531962462202296	125.0	160.0	68.0	55.0	88.0	34.0
subimage_A11	10313	0.3342857142857143	0.395715363669171	0.18100890207715134	0.3519061583577713	0.44244604316546765	0.20658682634730538	0.36310209962947715	0.46038373506902225	0.25942768690122575	120.0	151.0	68.0	48.0	77.0	30.0
subimage_H12	4319	0.3473053892215569	0.34823529411764703	0.21052631578947367	0.3582089552238806	0.39184952978056425	0.25072886297376096	0.37748344370860926	0.4206128133704735	0.29559748427672955	126.0	140.0	86.0	36.0	48.0	11.0
subimage_G12	6702	0.34210526315789475	0.38145595544919	0.17914438502673796	0.35697399527186763	0.4322916666666667	0.21255197024019928	0.37433155080213903	0.45135135135135135	0.27038401315715366	134.0	161.0	76.0	51.0	78.0	28.0
subimage_F12	8046	0.34420558637595144	0.36973237898125794	0.18415461458178023	0.3567073170731707	0.4383116883116883	0.20545875926002566	0.367839581571612	0.4529840078620566	0.27592306441119063	127.0	156.0	72.0	52.0	79.0	28.0
subimage_E12	5461	0.3514285714285714	0.37028301886792453	0.19834710743801653	0.3625866050808314	0.41899441340782123	0.21666666666666667	0.37813211845102507	0.4365781710914454	0.27074235807860264	143.0	164.0	86.0	56.0	79.0	22.0
subimage_D12	15036	0.33807829181494664	0.39805026826775675	0.17884331116038432	0.35327635327635326	0.4520547945205479	0.19302949061662197	0.3646112600536193	0.46646341463414637	0.25431657364959137	123.0	158.0	67.0	55.0	90.0	34.0
subimage_C12	8118	0.34770114942528735	0.38898166339227247	0.1750599520383693	0.3662309182046024	0.44275958797020143	0.19099633415789943	0.375	0.4575757575757576	0.2581900091601125	152.0	181.0	77.0	66.0	95.0	30.0
subimage_B12	10915	0.3444730077120823	0.391304347826087	0.17647058823529413	0.36016096579476864	0.4456824512534819	0.19476744186046513	0.3687150837988827	0.46130952380952384	0.2556779329244421	127.0	158.0	68.0	58.0	89.0	30.0
subimage_A12	13716	0.33691756272401435	0.403954802259887	0.17684887459807075	0.3501577287066246	0.4519230769230769	0.19692307692307692	0.36054421768707484	0.46779661016949153	0.2516828983248929	111.0	143.0	63.0	48.0	80.0	31.0