subimage	all_plant_pixels	ratio_r_q5	ratio_g_q5	ratio_b_q5	ratio_r_median	ratio_g_median	ratio_b_median	ratio_r_q95	ratio_g_q95	ratio_b_q95	pix_r_median	pix_g_median	pix_b_median	diff_rb_median	diff_gb_median	diff_gr_median
subimage_H1	14292	0.33433734939759036	0.39950752552106783	0.18285861341024998	0.36511627906976746	0.43805309734513276	0.19825708061002179	0.37130801687763715	0.4563106796116505	0.24932710627154073	161.0	194.0	86.0	74.0	106.0	32.0
subimage_G1	16853	0.33420777793046585	0.4046463677775114	0.185378590078329	0.34834123222748814	0.44938271604938274	0.20224719101123595	0.3580373212086767	0.4624277456647399	0.2553994439295644	130.0	165.0	75.0	53.0	89.0	37.0
subimage_F1	22584	0.33593980230844794	0.4056429828510621	0.1834862385321101	0.34972677595628415	0.44642857142857145	0.20294117647058824	0.36	0.4633333333333333	0.25251775177517743	129.0	163.0	75.0	53.0	88.0	35.0
subimage_E1	13844	0.3292428237550189	0.39540816326530615	0.1831831831831832	0.34195402298850575	0.44931506849315067	0.2093706955922865	0.3515151515151515	0.4695121951219512	0.26902173913043476	118.0	155.0	71.0	45.0	81.0	37.0
subimage_D1	4808	0.3343949044585987	0.39165868590132136	0.20435967302452315	0.3459655799703193	0.422680412371134	0.23055555555555557	0.36836886834650356	0.4410958904109589	0.261825887359977	126.0	153.0	83.0	42.0	69.0	28.0
subimage_C1	16682	0.3311897106109325	0.4099232177991165	0.181058495821727	0.3473389355742297	0.45430809399477806	0.19662921348314608	0.3577023498694517	0.47142616642616636	0.24997165532879756	126.0	165.0	71.0	54.0	94.0	38.0
subimage_B1	20205	0.3342776203966006	0.41138257575757575	0.1792717086834734	0.34844192634560905	0.45427728613569324	0.19584569732937684	0.35883905013192613	0.46956521739130436	0.2482758620689655	123.0	161.0	70.0	54.0	92.0	37.0
subimage_A1	17117	0.3333333333333333	0.40816326530612246	0.18092105263157895	0.3485714285714286	0.455026455026455	0.19559228650137742	0.35809018567639256	0.4697406340057637	0.25	123.0	161.0	69.0	53.0	91.0	38.0
subimage_H2	3066	0.3333333333333333	0.3823691014867485	0.206266318537859	0.34541577825159914	0.40667409048079395	0.25	0.3648559977300135	0.43643897538925164	0.2752688172043011	142.0	167.0	102.0	40.0	63.5	25.0
subimage_G2	7391	0.3353658536585366	0.38826081408702307	0.1942675159235669	0.3492957746478873	0.43034055727554177	0.22058823529411764	0.36666666666666664	0.4511784511784512	0.26382366459503204	114.0	142.0	73.0	41.0	68.0	26.0
subimage_F2	12819	0.3292645403377111	0.3931997344618704	0.18082191780821918	0.3487179487179487	0.4463768115942029	0.20595533498759305	0.3618602169420092	0.4666666666666667	0.26622205338173427	132.0	168.0	76.0	53.0	88.0	37.0
subimage_E2	4832	0.33709615813094823	0.38773339122883194	0.19760479041916168	0.34865846476015966	0.42892156862745096	0.2215909090909091	0.3672551789077213	0.4495677233429395	0.26455026455026454	127.0	156.0	81.0	47.0	76.0	29.0
subimage_D2	10657	0.331943144698508	0.41004232804232804	0.14929519071310116	0.3425925925925926	0.4523076923076923	0.2054380664652568	0.3542342884243889	0.5021834061135371	0.25	109.0	144.0	66.0	44.0	79.0	35.0
subimage_C2	11599	0.3343558282208589	0.3795888574407865	0.14473684210526316	0.3448275862068966	0.45045045045045046	0.2057877813504823	0.36363636363636365	0.4985049833887049	0.27507626813539415	116.0	151.0	69.0	45.0	80.0	34.0
subimage_B2	15450	0.3316062176165803	0.3934010152284264	0.15693430656934307	0.34545454545454546	0.453781512605042	0.2	0.3628702018203403	0.4901670536635706	0.26329484244546186	121.0	158.0	70.0	49.0	84.0	36.0
subimage_A2	6328	0.335423197492163	0.3900079365079365	0.19492276335550313	0.351123595505618	0.42857142857142855	0.2219020172910663	0.3705237815871562	0.4476744186046512	0.26060228224873316	127.0	155.0	79.0	47.0	74.0	29.0
subimage_H3	24014	0.3333333333333333	0.41286002410409034	0.17478510028653296	0.3491271820448878	0.45799457994579945	0.19270833333333334	0.3569620253164557	0.4750256598240468	0.24814236019141425	128.0	168.0	71.0	58.0	98.0	40.0
subimage_G3	9682	0.33147632311977715	0.38940092165898615	0.14982578397212543	0.3449367088607595	0.4430769230769231	0.21341463414634146	0.365625	0.49128614218473005	0.2655086848635236	114.0	147.0	70.0	43.0	75.0	33.0
subimage_F3	9938	0.3492063492063492	0.388558342711245	0.18481722855829885	0.3687002652519894	0.4251781472684085	0.20537897310513448	0.3855769353745412	0.4450402144772118	0.25244907884528534	151.0	172.0	82.0	66.0	87.0	22.0
subimage_E3	5928	0.33502992457190334	0.3499152323004759	0.1834426555356788	0.35128205128205126	0.43116883116883115	0.21866277939747328	0.37291178949339826	0.45522288504618785	0.28597892514852835	134.0	163.0	82.0	48.0	79.0	30.0
subimage_D3	10115	0.3356164383561644	0.3893415126572449	0.14778205833791966	0.3470031545741325	0.45348837209302323	0.19932432432432431	0.3574007220216607	0.5020746887966805	0.2618470753139724	115.0	150.0	66.0	48.0	83.0	35.0
subimage_C3	24546	0.33602150537634407	0.4159528035352072	0.17884130982367757	0.35038363171355497	0.4529262086513995	0.19597989949748743	0.3605769230769231	0.470404984423676	0.24168514412416853	134.0	172.0	75.0	58.0	97.0	39.0
subimage_B3	14597	0.33783783783783783	0.40864896524795	0.1775047920660055	0.34864864864864864	0.45454545454545453	0.19473684210526315	0.36187845303867405	0.4722222222222222	0.24775572032209195	131.0	170.0	73.0	57.0	96.0	40.0
subimage_A3	3010	0.35294117647058826	0.37358764885073387	0.2050713165304313	0.3681462140992167	0.41119221411192214	0.2194513715710723	0.38445838494760454	0.4265536723163842	0.26349287077780664	155.0	174.0	93.0	61.0	80.0	18.0
subimage_H4	16899	0.3323615160349854	0.4121387850314479	0.17647058823529413	0.35	0.45384615384615384	0.195822454308094	0.3586387434554974	0.4702549575070821	0.24935064935064935	133.0	172.0	74.0	59.0	99.0	39.0
subimage_G4	5512	0.34116268382352943	0.3805412636344927	0.1949030703416906	0.3551912568306011	0.42542111875075983	0.2193877551020408	0.37183098591549296	0.44598337950138506	0.2668134684785463	137.0	164.0	85.0	52.0	78.5	26.0
subimage_F4	12560	0.33423180592991913	0.3911105906843612	0.16417683618382253	0.3465045592705167	0.45899147939608353	0.19411764705882353	0.3643410852713178	0.48322397145779794	0.2574727011494253	117.0	153.0	65.0	50.0	87.0	37.0
subimage_E4	1904	0.32559476075915533	0.375	0.23676328502415458	0.34782608695652173	0.38613861386138615	0.26732673267326734	0.3709113208553298	0.40276835093011565	0.2880038246543101	105.0	115.5	80.0	25.0	35.0	11.0
subimage_D4	10201	0.34444444444444444	0.38954869358669836	0.17532467532467533	0.3550561797752809	0.43107769423558895	0.21348314606741572	0.37628865979381443	0.4564459930313589	0.25842696629213485	132.0	161.0	78.0	52.0	79.0	28.0
subimage_C4	15366	0.3355263157894737	0.4078091106290672	0.1710914454277286	0.3489583333333333	0.456	0.19365079365079366	0.36220472440944884	0.476504807388862	0.2494331065759637	131.0	169.0	72.0	56.0	95.0	39.0
subimage_B4	7841	0.34057971014492755	0.4064039408866995	0.1763157894736842	0.35097493036211697	0.44502617801047123	0.20540540540540542	0.3616557734204793	0.4666666666666667	0.24619289340101522	132.0	168.0	75.0	54.0	88.0	35.0
subimage_A4	5984	0.344	0.36021285507355977	0.16666666666666666	0.3525835866261398	0.4289544235924933	0.22010869565217392	0.3774598564147531	0.46793989649494233	0.27763130893105936	130.0	159.0	81.0	49.0	77.0	29.0
subimage_H5	7876	0.330188679245283	0.40492652979066024	0.17647058823529413	0.34663341645885287	0.44473007712082263	0.20714285714285716	0.37203787543026146	0.46393814432989694	0.25280898876404495	122.0	154.0	73.0	44.0	77.0	33.0
subimage_G5	7082	0.3263173652694611	0.37971698113207547	0.2113564668769716	0.34025974025974026	0.41677323103154307	0.24104234527687296	0.36942231296744266	0.4405144694533762	0.2793697870206989	113.0	137.0	78.0	33.0	57.0	25.0
subimage_F5	11974	0.3396071759975255	0.3971380724538619	0.18541033434650456	0.3498542274052478	0.4419889502762431	0.20809248554913296	0.36187845303867405	0.459375	0.2556390977443609	123.0	154.0	73.0	49.0	80.0	32.0
subimage_E5	6571	0.33233977149558447	0.39898973793138637	0.17410714285714285	0.34718100890207715	0.43370165745856354	0.22096317280453256	0.35989269377110855	0.4778761061946903	0.25797486894850447	110.0	136.0	72.0	40.0	67.0	28.0
subimage_D5	8855	0.340625	0.4153846153846154	0.14682539682539683	0.3495702005730659	0.446524064171123	0.20334261838440112	0.35983739064282994	0.5	0.23812893081760997	125.0	159.0	73.0	51.0	86.0	34.0
subimage_C5	10499	0.33201581027667987	0.41988793000119856	0.15714285714285714	0.34806629834254144	0.4562841530054645	0.195906432748538	0.35875921852762327	0.4925980392156863	0.2367876588021779	120.0	157.0	67.0	52.0	88.0	36.0
subimage_B5	3654	0.3293768545994065	0.3807186104825393	0.2087050122837677	0.3555852644087938	0.41571400574862816	0.23129251700680273	0.37252075996695794	0.4320168808264046	0.27611940298507465	123.0	144.0	84.0	42.0	62.0	22.0
subimage_A5	4289	0.33807900432900434	0.3463113191194314	0.22043010752688172	0.3496143958868895	0.41089108910891087	0.24029126213592233	0.36964980544747084	0.4263157894736842	0.2911929287425512	133.0	158.0	91.0	42.0	64.0	23.0
subimage_H6	17664	0.34319902717881856	0.400874371030273	0.12831033511686848	0.3582089552238806	0.4648648648648649	0.1763157894736842	0.37293729372937295	0.5068824771287824	0.25	125.0	160.0	60.0	61.0	96.0	35.0
subimage_G6	6745	0.3312302839116719	0.3756642356642356	0.2029158555050833	0.3525423728813559	0.41260744985673353	0.23765432098765432	0.3746031746031746	0.4437417218543046	0.2692104729044042	119.0	139.0	79.0	39.0	59.0	21.0
subimage_F6	6267	0.33791208791208793	0.3812636165577342	0.1676470588235294	0.3502202643171806	0.4378698224852071	0.21485411140583555	0.3736842105263158	0.46774193548387094	0.2668264263419542	130.0	161.0	79.0	49.0	82.0	33.0
subimage_E6	2115	0.35874737734922546	0.3462228206199607	0.22448979591836735	0.37264150943396224	0.3828125	0.24053030303030304	0.3911368015414258	0.4062747361477573	0.2878438995215311	171.0	175.0	110.0	58.0	64.0	4.0
subimage_D6	17071	0.3383458646616541	0.4013921113689095	0.16873082822085889	0.35049019607843135	0.45042492917847027	0.1977401129943503	0.36363636363636365	0.47770700636942676	0.2536231884057971	129.0	165.0	73.0	55.0	92.0	36.0
subimage_C6	3692	0.3585219650044244	0.34446130500758726	0.26390260323159787	0.3737539327703262	0.34789391575663026	0.278125	0.38195469034608376	0.35447761194029853	0.2967441604483601	240.0	224.0	179.0	61.0	45.0	-16.0
subimage_B6	4081	0.3398876404494382	0.36099585062240663	0.21095890410958903	0.35049019607843135	0.42780748663101603	0.22253521126760564	0.3764705882352941	0.4405797101449275	0.27706422018348625	137.0	166.0	86.0	49.0	78.0	30.0
subimage_A6	3153	0.33225806451612905	0.36363636363636365	0.215633423180593	0.3674540682414698	0.39853300733496333	0.23575129533678757	0.3821701990008027	0.41688654353562005	0.27809653613456553	140.0	153.0	90.0	51.0	63.0	13.0
subimage_H7	25896	0.3324468085106383	0.4025695931477516	0.1632047477744807	0.3521505376344086	0.4592391304347826	0.18781725888324874	0.3641497061252246	0.4831804281345566	0.2556468490814665	129.0	168.0	69.0	60.0	99.0	39.0
subimage_G7	17376	0.33126934984520123	0.41509433962264153	0.17582417582417584	0.3490304709141274	0.4559748427672956	0.1953125	0.35903614457831323	0.47315436241610737	0.24433249370277077	129.0	167.0	71.0	55.0	93.0	39.0
subimage_F7	11423	0.33810888252148996	0.3847926267281106	0.12442396313364056	0.35	0.4490358126721763	0.20234604105571846	0.3642362947760404	0.5179395604395605	0.2669778630241504	120.0	154.0	69.0	49.0	83.0	34.0
subimage_E7	6024	0.3413352564102564	0.40226725521669343	0.17066095063681014	0.3526833717357911	0.441025641025641	0.20554914036438285	0.3634195585423788	0.47186839788732393	0.24941319378408716	133.0	166.0	78.0	54.0	86.0	33.0
subimage_D7	8701	0.32558139534883723	0.3921971252566735	0.1972972972972973	0.34536082474226804	0.4357682619647355	0.2175	0.36077481840193704	0.4554794520547945	0.26824034334763946	126.0	158.0	79.0	45.0	78.0	32.0
subimage_C7	13727	0.3363383699726815	0.4	0.1797752808988764	0.3506849315068493	0.4486873508353222	0.1977401129943503	0.3675356465332599	0.4677735610373181	0.25612447074150463	132.0	168.0	74.0	56.0	92.0	37.0
subimage_B7	4782	0.3302483293691245	0.3679271782912868	0.2222222222222222	0.3449367088607595	0.40468227424749165	0.25	0.367278467130413	0.4299363057324841	0.2841222510951998	114.0	133.0	82.0	32.0	50.0	20.0
subimage_A7	10007	0.33972602739726027	0.40870906449089084	0.176	0.3524590163934426	0.4512820512820513	0.19592875318066158	0.3628097173828881	0.4677871148459384	0.24521981764829173	133.0	170.0	73.0	58.0	93.0	37.0
subimage_H8	14414	0.3353780487804878	0.38655993119054216	0.13849532224532227	0.3497536945812808	0.45818789905746427	0.1909722222222222	0.3654970760233918	0.5046728971962616	0.2639673400788108	119.0	155.0	66.0	51.0	85.0	36.0
subimage_G8	31340	0.3311897106109325	0.41645244215938304	0.17302052785923755	0.35060975609756095	0.4561933534743202	0.19384615384615383	0.3638446621759543	0.47368421052631576	0.24378109452736318	129.0	166.0	70.0	58.0	96.0	39.0
subimage_F8	12720	0.3385012919896641	0.3873017770547358	0.1511627906976744	0.35523114355231145	0.4443124835048825	0.19885544930573748	0.37163814180929094	0.49056603773584906	0.2658830329819789	132.0	164.0	74.0	56.0	89.0	33.0
subimage_E8	6631	0.3333333333333333	0.38721414931768433	0.1691842900302115	0.3433333333333333	0.43714285714285717	0.22123893805309736	0.36127167630057805	0.4761191901910464	0.26909991364331565	118.0	150.0	75.0	41.0	73.0	32.0
subimage_D8	9737	0.34595959595959597	0.39797553818587866	0.17105263157894737	0.35523613963039014	0.4479166666666667	0.1964735516372796	0.3673469387755102	0.46492702344095527	0.25050756007277747	135.0	170.0	75.0	59.0	92.0	34.0
subimage_C8	7269	0.335243553008596	0.38851746101471557	0.15810276679841898	0.3498542274052478	0.43582089552238806	0.21671826625386997	0.3727598566308244	0.4759345724907062	0.2630393570987018	115.0	143.0	71.0	44.0	71.0	29.0
subimage_B8	7184	0.3342552978654642	0.3819444444444444	0.21180555555555555	0.3471337579617834	0.41379310344827586	0.2375	0.36481470100178226	0.43670886075949367	0.273547502388216	113.0	135.0	78.0	36.0	57.0	22.0
subimage_A8	5029	0.32967032967032966	0.3860820204595817	0.19636363636363635	0.3544973544973545	0.4155495978552279	0.22704081632653061	0.3774236965158712	0.45098039215686275	0.2648595129783249	128.0	151.0	85.0	44.0	67.0	23.0
subimage_H9	21877	0.33134328358208953	0.4084507042253521	0.17888086212240423	0.34688346883468835	0.4555256064690027	0.1962025316455696	0.3589041095890411	0.4725609756097561	0.2530179110602996	122.0	160.0	70.0	52.0	90.0	38.0
subimage_G9	10099	0.33636363636363636	0.4067357512953368	0.16052638147057355	0.3482142857142857	0.44598337950138506	0.20606060606060606	0.3589041095890411	0.4881889763779528	0.2484256360430387	120.0	154.0	71.0	48.0	81.0	34.0
subimage_F9	11334	0.33742788490491044	0.3839080459770115	0.14285714285714285	0.35170603674540685	0.44477178063172507	0.20491803278688525	0.3677512663289789	0.49818181818181817	0.2685851318944844	125.0	159.0	74.0	53.0	86.0	33.0
subimage_E9	2885	0.35714285714285715	0.34175334323922735	0.22025711254225577	0.37349397590361444	0.3543441226575809	0.27014218009478674	0.39702437354184744	0.3956203334844111	0.2984102147932345	218.0	206.0	155.0	57.0	47.0	-11.0
subimage_D9	7830	0.3389355742296919	0.39090909090909093	0.1362060753283559	0.3502202643171806	0.45542977864665446	0.19471947194719472	0.36507936507936506	0.5019387647792317	0.26123100712652947	116.0	150.0	64.0	51.0	86.0	35.0
subimage_C9	5361	0.3365695792880259	0.3548387096774194	0.21818181818181817	0.3507246376811594	0.40307692307692305	0.24620060790273557	0.37545126353790614	0.4298245614035088	0.28440366972477066	118.0	137.0	81.0	35.0	52.0	19.0
subimage_B9	12032	0.3423151339258722	0.40334562099267984	0.17100371747211895	0.35855263157894735	0.4472361809045226	0.1935483870967742	0.3674951413427562	0.46859549162463404	0.25	139.0	174.0	75.0	63.0	98.0	34.0
subimage_A9	4071	0.3361113040257425	0.3719914408906622	0.20866141732283464	0.3548387096774194	0.3993808049535604	0.24624624624624625	0.36792274942191083	0.43333333333333335	0.2766780448224728	118.0	132.0	82.0	35.0	50.0	15.0
subimage_H10	16321	0.3312302839116719	0.40611353711790393	0.1746031746031746	0.3507853403141361	0.45549738219895286	0.19321148825065274	0.36069651741293535	0.4716312056737589	0.2532981530343008	131.0	170.0	71.0	58.0	97.0	38.0
subimage_G10	10998	0.3377659574468085	0.3937007874015748	0.18780166663779216	0.3516483516483517	0.43440233236151604	0.2140845070422535	0.36774193548387096	0.45592705167173253	0.25742574257425743	129.0	159.0	78.0	49.0	79.0	30.0
subimage_F10	11855	0.33967391304347827	0.3797124537542954	0.1525974025974026	0.3560830860534125	0.44974874371859297	0.1935483870967742	0.37468354430379747	0.48853209861093727	0.26820447596918184	129.0	162.0	70.0	58.0	92.0	33.0
subimage_E10	4340	0.32985928362573097	0.3520148057218729	0.217154771560718	0.3662897180339041	0.39285714285714285	0.24163601923715577	0.38497652582159625	0.42073408299018056	0.29182275794948703	144.0	157.0	94.0	50.0	57.0	9.0
subimage_D10	10397	0.3413928621301893	0.4027714213068904	0.17914438502673796	0.3524590163934426	0.44717444717444715	0.2	0.3622900708454705	0.4645669291338583	0.24946873896465557	137.0	173.0	77.0	58.0	93.0	36.0
subimage_C10	8985	0.3314447592067989	0.39524806781351285	0.1770636985058375	0.34185303514376997	0.43902439024390244	0.21921921921921922	0.3592964824120603	0.470392444525949	0.26170798898071623	110.0	142.0	71.0	39.0	70.0	31.0
subimage_B10	23858	0.3323170731707317	0.3888888888888889	0.18313953488372092	0.34818941504178275	0.4490358126721763	0.20294117647058824	0.3633235294117647	0.4662576687116564	0.26825179198537535	125.0	161.0	72.0	51.0	86.0	36.0
subimage_A10	3359	0.3575757575757576	0.3415765069551777	0.24261072328592534	0.3689759036144578	0.345	0.28614008941877794	0.3926349832380201	0.36794777833152553	0.3	238.0	221.0	185.0	54.0	38.0	-15.0
subimage_H11	8886	0.3321363421821383	0.3920595533498759	0.18980169971671387	0.345	0.4402332361516035	0.21551724137931033	0.36024397229133476	0.4584527220630373	0.26030045191357154	120.0	153.0	74.0	44.0	74.0	33.0
subimage_G11	10471	0.33796296296296297	0.3891402714932127	0.14719822721956627	0.35353535353535354	0.4458204334365325	0.1988472622478386	0.3688418139237811	0.4910713146851363	0.2641509433962264	123.0	155.0	69.0	52.0	84.0	32.0
subimage_F11	11146	0.3325765913337258	0.3990719257540603	0.18662952646239556	0.34946236559139787	0.4396984924623116	0.21303258145363407	0.36246786632390743	0.4584527220630373	0.2579157996719182	131.0	165.0	78.0	51.0	82.0	34.0
subimage_E11	5964	0.33226837060702874	0.3705100052974247	0.21768707482993196	0.34705882352941175	0.40851665869599874	0.24502367879851322	0.3713355048859935	0.4311377245508982	0.27510167464114826	117.0	137.0	83.0	34.0	55.0	22.0
subimage_D11	15665	0.3333333333333333	0.4015779339709773	0.17582417582417584	0.35127478753541075	0.45231607629427795	0.19638242894056848	0.36134453781512604	0.4699929328621908	0.2546051894717192	128.0	164.0	72.0	55.0	92.0	37.0
subimage_C11	6589	0.33695652173913043	0.3957345971563981	0.1918918918918919	0.3481675392670157	0.43535620052770446	0.21629213483146068	0.3631789899606825	0.4523127226996437	0.25942977868886746	130.0	162.0	79.0	48.0	80.0	32.0
subimage_B11	14610	0.3372093023255814	0.3940019271948608	0.1807909604519774	0.3522727272727273	0.4463840399002494	0.20050761421319796	0.36789445950015054	0.46551724137931033	0.2585216525634644	136.0	170.0	77.0	57.0	92.0	36.0
subimage_A11	3383	0.34492753623188405	0.35590572033898304	0.2044334975369458	0.3700980392156863	0.4087912087912088	0.2219679633867277	0.3926247288503254	0.4353895526370401	0.26833296337402884	159.0	175.0	94.0	64.0	78.0	17.0
subimage_H12	20765	0.32718260127269905	0.40441176470588236	0.18618618618618618	0.34444444444444444	0.45	0.2054794520547945	0.3565217391304348	0.46474358974358976	0.2596685082872928	116.0	151.0	69.0	47.0	82.0	35.0
subimage_G12	2249	0.3248268166813892	0.37893320745810716	0.2180605891645758	0.359375	0.39849624060150374	0.24561403508771928	0.37330875576036865	0.41550622930137204	0.2837370242214533	124.0	138.0	85.0	35.0	49.0	15.0
subimage_F12	3074	0.3400576368876081	0.37239683436970045	0.2169576059850374	0.36790123456790125	0.39593908629441626	0.2369146005509642	0.3829787234042553	0.411214953271028	0.274665376552169	139.0	148.0	89.0	49.0	58.0	11.0
subimage_E12	3746	0.35815493925089	0.3592344093665993	0.20919919062515518	0.3741339491916859	0.4005102040816326	0.22596153846153846	0.3881422305764411	0.4114583333333333	0.27381164418681214	154.0	165.0	92.0	61.0	72.0	10.0
subimage_D12	19984	0.33233666198759754	0.4010152284263959	0.17754935213879602	0.3505747126436782	0.45108695652173914	0.1972972972972973	0.36246786632390743	0.47191011235955055	0.2565556117255181	126.0	162.0	71.0	54.0	90.0	35.0
subimage_C12	4161	0.3221476510067114	0.3861671469740634	0.21428571428571427	0.3448275862068966	0.41333333333333333	0.2448377581120944	0.3620689655172414	0.42857142857142855	0.2803738317757009	109.0	130.0	79.0	31.0	51.0	23.0
subimage_B12	2679	0.3343891489524979	0.36738302393649014	0.21603401301706057	0.3663101604278075	0.3947990543735225	0.23940149625935161	0.3912037037037037	0.4132231404958678	0.2757876457454726	141.0	154.0	92.0	50.0	60.0	11.0
subimage_A12	3540	0.33005869014272377	0.37085720663739863	0.21204750233023786	0.3737864077669903	0.3984866989809549	0.22486772486772486	0.3972618200933857	0.4279661016949153	0.270008064516129	142.0	150.0	84.0	56.0	65.0	9.0