subimage	all_plant_pixels	ratio_r_q5	ratio_g_q5	ratio_b_q5	ratio_r_median	ratio_g_median	ratio_b_median	ratio_r_q95	ratio_g_q95	ratio_b_q95	pix_r_median	pix_g_median	pix_b_median	diff_rb_median	diff_gb_median	diff_gr_median
subimage_H1	4706	0.33106378562863203	0.39385474860335196	0.17716535433070865	0.3445378151260504	0.4440789473684211	0.21287053182214472	0.35797665369649806	0.4669260700389105	0.2682926829268293	104.0	135.0	65.0	39.0	69.0	30.0
subimage_G1	6226	0.33223684210526316	0.3941856452726018	0.19189123709418912	0.3440514469453376	0.4358974358974359	0.22012578616352202	0.35526315789473684	0.4568345323741007	0.266295506308521	109.0	138.0	69.0	39.0	68.0	29.0
subimage_F1	7914	0.33557046979865773	0.3963212259757853	0.18958035458964828	0.34864864864864864	0.4467455621301775	0.205092192451743	0.3585694146079484	0.4576271186440678	0.26026487392870445	116.0	147.0	68.0	46.0	76.0	32.0
subimage_E1	1991	0.34121138069471113	0.3840392947855969	0.217751794082358	0.35127478753541075	0.4074074074074074	0.2413793103448276	0.3646104298278211	0.42329545454545453	0.26871092479491165	123.0	142.0	84.0	38.0	58.0	20.0
subimage_D1	11918	0.33675250387629385	0.40431266846361186	0.1839080459770115	0.3531073446327684	0.4472049689440994	0.19887955182072828	0.36164383561643837	0.45977011494252873	0.25233975489331684	124.0	157.0	70.0	54.0	88.0	33.0
subimage_C1	3536	0.33056693751880917	0.3924932795698925	0.20689655172413793	0.3395061728395062	0.44	0.22044728434504793	0.3483327292497282	0.451851201124457	0.2676767676767677	104.0	136.0	68.0	36.0	67.0	31.0
subimage_B1	7116	0.3312302839116719	0.3929246131702051	0.19155844155844157	0.34420827420117833	0.44274777127084186	0.21296296296296297	0.35527089783281735	0.4602649006622517	0.2676644279759148	107.0	139.0	66.0	41.0	71.0	31.0
subimage_A1	3798	0.33907309165929855	0.3871502717887813	0.19825072886297376	0.3522727272727273	0.43023255813953487	0.21727748691099477	0.36070381231671556	0.44610778443113774	0.2685851318944844	126.0	153.0	77.0	48.0	76.0	28.0
subimage_H2	11087	0.33663366336633666	0.4019680825183672	0.182370820668693	0.35174418604651164	0.4495677233429395	0.1984732824427481	0.35988200589970504	0.462406015037594	0.2530270034843205	119.0	152.0	66.0	52.0	85.0	33.0
subimage_G2	8013	0.33557953927081446	0.3962084027558878	0.1834319526627219	0.3531073446327684	0.4459016393442623	0.20207253886010362	0.36220472440944884	0.4595375722543353	0.25682314952806756	124.0	157.0	69.0	52.0	82.0	32.0
subimage_F2	1607	0.33642840659974615	0.3574807806031934	0.2205938828692909	0.3489736070381232	0.40974212034383956	0.24083769633507854	0.3706606965174129	0.42729970326409494	0.2827415444925474	120.0	141.0	83.0	37.0	58.0	21.0
subimage_E2	2298	0.34545454545454546	0.36826541037575206	0.2219007383660454	0.35777126099706746	0.40668523676880225	0.23529411764705882	0.3676532033426184	0.4228571428571429	0.2740486896879632	126.0	144.0	83.0	42.0	60.0	17.0
subimage_D2	8717	0.3365695792880259	0.39713457556935816	0.18064516129032257	0.3487654320987654	0.4503105590062112	0.2012779552715655	0.3587570621468927	0.465625	0.2604217854217854	114.0	148.0	64.0	47.0	80.0	33.0
subimage_C2	12618	0.33548387096774196	0.4	0.17682926829268292	0.3538011695906433	0.45161290322580644	0.19411764705882353	0.36312849162011174	0.46629478515874023	0.2550574552406747	120.0	153.0	65.0	55.0	88.0	33.0
subimage_B2	1870	0.337952661300012	0.3443111497123005	0.2503482972136223	0.34797297297297297	0.38557993730407525	0.26644736842105265	0.3757122883330744	0.3986382000557258	0.2970446747937806	105.0	119.0	80.0	25.0	37.0	12.0
subimage_A2	1489	0.3391812865497076	0.359393115942029	0.24385074925741748	0.34534534534534533	0.39365079365079364	0.25862068965517243	0.36584043228275287	0.40828402366863903	0.27930776146239134	119.0	137.0	88.0	31.0	46.0	16.0
subimage_H3	8264	0.33758206134849394	0.40209291723652035	0.17928286852589642	0.3492537313432836	0.44868035190615835	0.20189274447949526	0.35962145110410093	0.46534653465346537	0.25617829854536533	113.0	145.0	65.0	46.0	77.0	31.0
subimage_G3	1999	0.3333333333333333	0.3708716235032024	0.22189349112426035	0.34545454545454546	0.41642228739002934	0.2386058981233244	0.3627850830714792	0.43026706231454004	0.28071556844868073	119.0	144.0	82.0	37.0	60.0	25.0
subimage_F3	2450	0.32673267326732675	0.3858902327005511	0.22542995529061102	0.3426791277258567	0.411214953271028	0.2465515601217656	0.35665617715617715	0.4313388714264332	0.2759607432991195	109.0	131.0	79.0	30.0	52.0	22.0
subimage_E3	2363	0.34727073184820073	0.3684210526315789	0.22255192878338279	0.36129032258064514	0.39087947882736157	0.24093264248704663	0.38119069604534167	0.41916167664670656	0.2702521718146718	124.0	139.0	82.0	42.0	52.0	9.0
subimage_D3	8410	0.3333333333333333	0.40153452685422	0.17817032392894463	0.3519061583577713	0.4514285714285714	0.19791666666666666	0.3601190476190476	0.4657603536528617	0.25736378331493454	119.0	153.0	65.0	51.0	83.0	33.0
subimage_C3	1859	0.3341354723707665	0.38206741020173857	0.23395785060134613	0.3520710059171598	0.4025157232704403	0.24600638977635783	0.3626880886426593	0.4119412372101755	0.2756297637258766	114.0	131.0	80.0	34.0	51.0	17.0
subimage_B3	4445	0.33112582781456956	0.3795811518324607	0.19705882352941176	0.3486238532110092	0.4272151898734177	0.22712933753943218	0.3638888888888889	0.44680851063829785	0.2857142857142857	116.0	144.0	74.0	40.0	65.0	27.0
subimage_A3	1221	0.3464566929133858	0.34397163120567376	0.23863636363636365	0.37043478260869567	0.3492333901192504	0.2738301559792028	0.391304347826087	0.4044943820224719	0.29464285714285715	202.0	190.0	150.0	50.0	42.0	-13.0
subimage_H4	8316	0.33647798742138363	0.39215686274509803	0.18933044630690832	0.3490118797523657	0.4457831325301205	0.20648967551622419	0.35816618911174786	0.45695364238410596	0.2647058823529412	117.0	149.0	67.0	46.0	77.0	31.0
subimage_G4	2642	0.3281882755165198	0.3907466877595412	0.2282180227313729	0.3438485804416404	0.41233766233766234	0.24397590361445784	0.3527602398395775	0.42857142857142855	0.27089300696749713	112.0	134.0	80.0	32.0	54.0	22.0
subimage_F4	2271	0.3282442748091603	0.38181818181818183	0.2331652076917481	0.34615384615384615	0.4020618556701031	0.2522255192878338	0.36127367439467506	0.4166666666666667	0.2789115646258503	111.0	126.0	80.0	29.0	45.0	18.0
subimage_E4	1093	0.3375081794298327	0.375	0.23185503920443679	0.34810126582278483	0.39452054794520547	0.2571428571428571	0.36565923843386944	0.4133495440729483	0.27894320782192633	113.0	129.0	84.0	31.0	45.0	15.0
subimage_D4	7293	0.3405897224437925	0.39082969432314413	0.1891891891891892	0.3477088948787062	0.44314868804664725	0.2085889570552147	0.35514018691588783	0.4620938628158845	0.2636363636363636	116.0	148.0	70.0	45.0	77.0	31.0
subimage_C4	4057	0.33439289517571175	0.387412432711452	0.226607464028777	0.3448275862068966	0.4107142857142857	0.24398625429553264	0.35696407583647705	0.4271186440677966	0.26868881399454336	107.0	129.0	77.0	31.0	52.0	20.0
subimage_B4	1804	0.33800165442558844	0.36554367051292846	0.2440797006972394	0.35462125846871956	0.38547536433032614	0.2607260726072607	0.3665480427046263	0.40133449216687206	0.28102806414662085	108.0	119.0	79.0	29.0	38.0	10.0
subimage_A4	2076	0.3293041246699148	0.3829787234042553	0.2463356389986825	0.3366750418760469	0.3987538940809969	0.26426426426426425	0.3475497420781135	0.412751677852349	0.2834890965732087	104.0	123.0	81.0	22.0	41.0	19.0
subimage_H5	11782	0.33717612528369195	0.3994006937972455	0.18404907975460122	0.34890965732087226	0.4454022988505747	0.2070063694267516	0.35911602209944754	0.4617737003058104	0.2594458438287154	117.0	150.0	68.0	47.0	78.0	32.0
subimage_G5	8420	0.3401350656541686	0.40153261347909003	0.18023255813953487	0.3538011695906433	0.45046484183864377	0.19571865443425077	0.36127167630057805	0.4624277456647399	0.2542874779541446	123.0	156.0	67.0	54.0	86.0	33.0
subimage_F5	3167	0.3323010033444816	0.38260107944323457	0.22231856133590236	0.3425925925925926	0.408955223880597	0.2469879518072289	0.37037037037037035	0.4260763488751155	0.2724915330313788	112.0	134.0	80.0	31.0	53.0	22.0
subimage_E5	1976	0.3333333333333333	0.36166747522350823	0.2345679012345679	0.34947319064430715	0.4038158214025722	0.2484567313188279	0.36292680222184137	0.4141426926360514	0.2849200275503176	112.0	131.0	79.0	32.0	50.0	18.0
subimage_D5	8603	0.3344960003925995	0.39461293419444926	0.18125	0.3457142857142857	0.44642857142857145	0.20833333333333334	0.36	0.46794871794871795	0.2605616328242407	111.0	143.0	66.0	43.0	75.0	32.0
subimage_C5	9436	0.3311897106109325	0.3963730569948187	0.18591097869266884	0.3434650455927052	0.44011976047904194	0.21498371335504887	0.3602150537634409	0.46621621621621623	0.2617801047120419	110.0	142.0	69.0	41.0	71.0	31.0
subimage_B5	10820	0.3352941176470588	0.4004851458638914	0.1793302588827167	0.3472222222222222	0.44932432432432434	0.20239893540497772	0.36036036036036034	0.46779661016949153	0.2551742097701149	112.0	144.0	64.0	45.0	78.0	32.0
subimage_A5	2450	0.32764505119453924	0.387199741315595	0.23229282059397585	0.34076433121019106	0.40445859872611467	0.25496688741721857	0.3542771437648151	0.4273014290461946	0.27538845331432643	103.0	123.0	78.0	26.0	46.0	20.0
subimage_H6	6726	0.33436532507739936	0.393107439182344	0.19373219373219372	0.34796238244514105	0.4440894568690096	0.20833333333333334	0.3564954682779456	0.4539828610380757	0.26763990267639903	119.0	149.0	70.0	46.0	78.0	32.0
subimage_G6	5967	0.3355048859934853	0.39291044776119405	0.18392851052218698	0.3489583333333333	0.4411764705882353	0.21037463976945245	0.3595232310962648	0.46153846153846156	0.2662239118871053	121.0	153.0	70.0	47.0	78.0	31.0
subimage_F6	3025	0.3326460481099656	0.3888888888888889	0.22353897656623625	0.3443708609271523	0.40752351097178685	0.24822695035460993	0.3590253256319715	0.4252692551362114	0.27299372639131114	107.0	126.0	77.0	30.0	49.0	19.0
subimage_E6	3384	0.33574007220216606	0.37687527573628316	0.21842712550607288	0.3544634763431695	0.41015625	0.23184357541899442	0.3776595744680851	0.42618384401114207	0.2729709045780474	125.0	147.0	82.0	44.0	64.0	19.0
subimage_D6	13930	0.33170731707317075	0.4	0.18181818181818182	0.345821325648415	0.4453125	0.20771513353115728	0.3634020618556701	0.46601941747572817	0.261090817888333	117.0	149.0	69.0	45.0	77.0	33.0
subimage_C6	8421	0.3333333333333333	0.39528795811518325	0.18430034129692832	0.34366925064599485	0.44554455445544555	0.21122112211221122	0.35691318327974275	0.46688741721854304	0.26277372262773724	108.0	140.0	65.0	40.0	72.0	31.0
subimage_B6	4704	0.3379520621729763	0.3959467195908553	0.190625	0.34824281150159747	0.4421364985163205	0.20923076923076922	0.3619631901840491	0.45222929936305734	0.2609384044201478	115.0	146.0	69.0	46.0	77.0	31.0
subimage_A6	3154	0.33801667815752323	0.38066898826979473	0.22063037249283668	0.35364086249558147	0.4045307443365696	0.24101978759688525	0.36768802228412256	0.4229607250755287	0.27331449203722413	120.0	137.0	81.0	38.0	55.0	17.0
subimage_H7	4994	0.33076075414237344	0.4031905241935484	0.1836734693877551	0.3420074349442379	0.4432234432234432	0.21548821548821548	0.3487447292084093	0.47207777777777765	0.25695760231386056	103.0	134.0	66.0	38.0	69.0	31.0
subimage_G7	6430	0.32989690721649484	0.3989071038251366	0.1890909090909091	0.34076433121019106	0.44155844155844154	0.21885521885521886	0.35714285714285715	0.4602649006622517	0.2604509730538922	104.0	136.0	67.0	38.0	68.0	31.0
subimage_F7	2931	0.33117927088988186	0.3676201671891327	0.22351255688521826	0.3448275862068966	0.3911671924290221	0.2641509433962264	0.381016731016731	0.41196075826025336	0.2833528493364559	107.0	123.0	81.0	25.0	39.0	14.0
subimage_E7	4477	0.3344262295081967	0.3845801795458546	0.19400715055899212	0.3433333333333333	0.43333333333333335	0.22408026755852842	0.3601656161166728	0.4610212962162473	0.26768472122802833	105.0	132.0	69.0	37.0	64.0	28.0
subimage_D7	10138	0.3347744224122249	0.4016393442622951	0.18152866242038215	0.3498452012383901	0.45151515151515154	0.1989025546840893	0.3606060606060606	0.46504559270516715	0.2545599228357848	115.0	149.0	64.0	49.0	79.0	33.0
subimage_C7	5686	0.336986301369863	0.38202247191011235	0.19435736677115986	0.3498542274052478	0.43342776203966005	0.21700879765395895	0.36416184971098264	0.4550270426888159	0.2675976493883938	121.0	150.0	75.0	46.0	74.0	29.0
subimage_B7	5159	0.33692722371967654	0.38635906347173954	0.18854680995256076	0.3487654320987654	0.43351063829787234	0.2169811320754717	0.36312849162011174	0.4592833876221498	0.2662422433962903	121.0	149.0	74.0	46.0	75.0	30.0
subimage_A7	2254	0.3298611111111111	0.3799033846683839	0.2275833375359322	0.33948339483394835	0.40330601092896173	0.25666666666666665	0.3601499519970741	0.4247787610619469	0.2784610905078616	97.0	116.0	75.0	24.0	42.0	19.0
subimage_H8	5838	0.336734693877551	0.4005019216606118	0.19924595972690345	0.34534534534534533	0.4380664652567976	0.2166172106824926	0.3549308815858112	0.45555555555555555	0.25387724797888134	112.0	142.0	70.0	41.0	71.0	30.0
subimage_G8	3362	0.328719723183391	0.37809187279151946	0.21690140845070421	0.35149863760217986	0.4115942028985507	0.2350411977319835	0.3656957928802589	0.4277286135693215	0.2830188679245283	120.0	142.0	79.0	40.0	60.0	20.0
subimage_F8	1523	0.3420297423090021	0.35114958197019264	0.2250915750915751	0.3585434173669468	0.3934010152284264	0.2478134110787172	0.3815452106137399	0.4238133245692286	0.28769305019305014	134.0	151.0	93.0	42.0	54.0	13.0
subimage_E8	2289	0.33556619179007824	0.35854710305174703	0.2368843796237582	0.35275080906148865	0.39622641509433965	0.2508250825082508	0.36862655554287016	0.40728476821192056	0.28590143480973174	108.0	122.0	77.0	32.0	45.0	14.0
subimage_D8	9757	0.3343558282208589	0.39480396671886037	0.1853035143769968	0.3471337579617834	0.4444444444444444	0.2084592145015106	0.35855263157894735	0.46325878594249204	0.2632875937917566	114.0	147.0	67.0	45.0	76.0	32.0
subimage_C8	4313	0.345679012345679	0.351087296620776	0.2266592858081102	0.3589108910891089	0.38977635782747605	0.24797843665768193	0.38461538461538464	0.4166666666666667	0.28044909020518777	133.0	146.0	91.0	41.0	52.0	10.0
subimage_B8	2678	0.33589652534965037	0.3868346573982125	0.21739130434782608	0.34545454545454546	0.40836012861736337	0.24539877300613497	0.37064511351374224	0.4249201277955272	0.2702820553111251	113.0	134.0	80.0	33.0	54.0	20.0
subimage_A8	1210	0.34100402471139674	0.3769030348371987	0.21515151515151515	0.35537190082644626	0.41939964157706094	0.22459893048128343	0.3698839685180556	0.42857142857142855	0.2729530063615842	122.5	145.0	77.0	45.0	67.0	23.0
subimage_H9	12011	0.33562828838223446	0.4	0.18181818181818182	0.3492063492063492	0.45045045045045046	0.20108695652173914	0.35942028985507246	0.4645161290322581	0.2566875067760471	115.0	149.0	65.0	49.0	82.0	33.0
subimage_G9	6220	0.3333333333333333	0.3926652964295138	0.19122026553568136	0.34285714285714286	0.44025157232704404	0.21725239616613418	0.3573487031700288	0.4601226993865031	0.2666753022452503	111.0	141.0	69.0	40.0	71.0	31.0
subimage_F9	12052	0.3344594594594595	0.4	0.1779935275080906	0.348993288590604	0.45121951219512196	0.19827586206896552	0.36134453781512604	0.4682393693263258	0.256857855361596	115.0	148.0	65.0	49.0	82.0	33.0
subimage_E9	2920	0.3377049180327869	0.3710835796014246	0.22186495176848875	0.35051546391752575	0.3993948216509192	0.2508361204013378	0.371954341130442	0.42258725959092297	0.2757708193257132	109.0	124.0	77.0	31.0	45.0	16.0
subimage_D9	7856	0.3333333333333333	0.3971370463078849	0.1896551724137931	0.3449367088607595	0.44551282051282054	0.20833333333333334	0.35736934066498793	0.4645161290322581	0.2608695652173913	112.0	144.0	67.0	44.0	77.0	33.0
subimage_C9	2738	0.3368055555555556	0.37014713878499284	0.22427489526264904	0.34812286689419797	0.4073511201170775	0.24482758620689654	0.3726493420594583	0.418390022675737	0.2735471611194288	108.0	126.0	76.0	32.0	50.0	18.0
subimage_B9	10580	0.33737864077669905	0.40217391304347827	0.18100890207715134	0.35119047619047616	0.449438202247191	0.19872805953247594	0.36102282193762186	0.4634920634920635	0.25349406876214725	119.0	152.0	67.0	51.0	85.0	33.0
subimage_A9	1633	0.33456702383555653	0.3544824502570981	0.2559055118110236	0.34191176470588236	0.3903345724907063	0.26714801444043323	0.36466165413533835	0.4008000771158666	0.2876162790697674	93.0	106.0	73.0	21.0	33.0	13.0
subimage_H10	10693	0.33650793650793653	0.3919111510560441	0.19148936170212766	0.34824281150159747	0.4418604651162791	0.20857142857142857	0.36015325670498083	0.4565916398713826	0.26044161676646704	115.0	146.0	69.0	46.0	76.0	31.0
subimage_G10	9956	0.3333333333333333	0.39058171745152354	0.18292682926829268	0.3475609756097561	0.45	0.20280705210282673	0.3583815028901734	0.46504559270516715	0.2649679487179487	114.0	147.0	64.0	46.0	79.0	33.0
subimage_F10	2866	0.33924620733249056	0.38012021850088895	0.2326283987915408	0.3472222222222222	0.4006849315068493	0.25	0.3643410852713178	0.4218289085545723	0.2717234229705956	108.0	125.0	78.0	31.0	46.0	16.0
subimage_E10	1844	0.3414746716697936	0.35556273946360156	0.24181271064034665	0.35782747603833864	0.37966101694915255	0.26405545484125875	0.36972253552898715	0.4029224971671015	0.28622996364008807	110.0	119.0	81.0	29.0	36.0	6.0
subimage_D10	14364	0.3309536519234028	0.4024140464296209	0.18702701960568952	0.34375	0.44336569579288027	0.21070234113712374	0.36314363143631434	0.46688741721854304	0.25692382092210914	110.0	142.0	68.0	42.0	74.0	32.0
subimage_C10	7179	0.33468983633057187	0.39401350461133067	0.1858974358974359	0.3482758620689655	0.43967828418230565	0.21153846153846154	0.3617021276595745	0.46229508196721314	0.26484781116160455	115.0	146.0	69.0	45.0	76.0	31.0
subimage_B10	4904	0.3373860182370821	0.38815335665015055	0.193987420755753	0.34615384615384615	0.44072948328267475	0.21316614420062696	0.3600827250608272	0.4542483660130719	0.2675327626294652	110.0	141.0	68.0	42.0	72.0	30.0
subimage_A10	1158	0.3333333333333333	0.34466764947928696	0.2400960451977401	0.3455620076609601	0.4	0.2553763440860215	0.37341096036748206	0.41329479768786126	0.2953329525441477	125.0	145.0	93.0	33.0	52.0	20.0
subimage_H11	9024	0.33666666666666667	0.39674660949341845	0.18711656441717792	0.34676170977728954	0.4444444444444444	0.209375	0.3575418994413408	0.46037735849056605	0.2607436672702023	114.0	144.0	67.0	43.0	74.0	31.0
subimage_G11	1730	0.336734693877551	0.3453279211248216	0.24907063197026022	0.3591784000421874	0.3666130760986066	0.27261363636363634	0.38082223761899026	0.3967741935483871	0.2938775510204082	98.0	104.0	75.0	23.0	29.0	1.0
subimage_F11	4164	0.33666666666666667	0.3889142181695373	0.2108626198083067	0.34591194968553457	0.40923076923076923	0.24525297440211513	0.36591905824421017	0.4299318411810227	0.2647887323943662	109.0	129.0	76.0	31.0	51.0	20.0
subimage_E11	2298	0.32974619781071396	0.3829787234042553	0.21634782921089976	0.3378839590443686	0.4154929577464789	0.24738675958188153	0.35961759380050234	0.43460159039272966	0.27314079193194396	98.0	121.0	72.0	26.0	49.0	23.0
subimage_D11	8108	0.33421296942621803	0.4005167958656331	0.18495297805642633	0.345565749235474	0.43902439024390244	0.21518987341772153	0.3601190476190476	0.46325878594249204	0.25701954893060414	114.0	145.0	70.0	43.0	73.0	31.0
subimage_C11	5481	0.3310104529616725	0.38697318007662834	0.17567567567567569	0.3395061728395062	0.43174603174603177	0.22972972972972974	0.3560606060606061	0.4732510288065844	0.2754098360655738	99.0	126.0	68.0	32.0	60.0	27.0
subimage_B11	3499	0.34023668639053256	0.3719806763285024	0.19382022471910113	0.3548387096774194	0.4207492795389049	0.22560975609756098	0.3754176138019467	0.44615871470301854	0.2710746646418628	122.0	145.0	77.0	44.0	66.0	23.0
subimage_A11	1248	0.35714285714285715	0.34125636672325976	0.2525063468476311	0.38095238095238093	0.34797891036906853	0.2705142481310724	0.39429453681710214	0.35359116022099446	0.3010204081632653	211.0	194.0	151.0	61.0	43.0	-18.0
subimage_H12	2755	0.3324616884926163	0.3837846863804724	0.2195945945945946	0.3465346534653465	0.4212328767123288	0.2328767123287671	0.35646687697160884	0.4305555555555556	0.27796162367261706	107.0	129.0	72.0	35.0	58.0	23.0
subimage_G12	3037	0.3323076923076923	0.3868766862189769	0.18846153846153846	0.3433734939759036	0.43730886850152906	0.21987951807228914	0.3535795763172189	0.4618181818181818	0.2692307692307692	110.0	140.0	71.0	40.0	70.0	30.0
subimage_F12	2277	0.3368927218825799	0.3836317135549872	0.2088624181060155	0.3502824858757062	0.4116022099447514	0.23876404494382023	0.3723128904755833	0.4265671699350186	0.2716837727781108	122.0	143.0	83.0	39.0	60.0	21.0
subimage_E12	1760	0.3263888888888889	0.37851309860328575	0.22356317753687577	0.349414704271632	0.40269852104664394	0.24581005586592178	0.3716040357367886	0.42481743496120494	0.2828282828282828	119.0	137.0	82.0	36.0	54.0	19.0
subimage_D12	9901	0.33212996389891697	0.3959537572254335	0.18731117824773413	0.3467048710601719	0.4489795918367347	0.20430107526881722	0.3559670781893004	0.4633333333333333	0.2615803814713896	111.0	144.0	64.0	45.0	78.0	32.0
subimage_C12	5269	0.33020043496150003	0.38441139505655636	0.230501262170934	0.3400673400673401	0.4094955489614243	0.25	0.3548387096774194	0.4270833333333333	0.2765957446808511	108.0	130.0	80.0	29.0	51.0	22.0
subimage_B12	4178	0.3294460641399417	0.3858207762100803	0.22186495176848875	0.3394495412844037	0.41533546325878595	0.2441860465116279	0.35521408402005417	0.43478260869565216	0.27729626877434754	111.0	135.0	79.0	31.0	56.0	25.0
subimage_A12	930	0.3322403815239524	0.34705027004570005	0.24696774904496033	0.34403738528024896	0.3907080276106035	0.2655558628318584	0.3682326174008009	0.4061027361899845	0.2927176797674712	116.0	134.0	89.0	28.0	43.0	17.0