subimage	all_plant_pixels	ratio_r_q5	ratio_g_q5	ratio_b_q5	ratio_r_median	ratio_g_median	ratio_b_median	ratio_r_q95	ratio_g_q95	ratio_b_q95	pix_r_median	pix_g_median	pix_b_	diff_rb_median	diff_gb_median	diff_gr_median
subimage_H1	8617	0.3265165860158496	0.3901693942004019	0.2141057934508816	0.33762886597938147	0.42857142857142855	0.23443223443223443	0.35279187817258884	0.4478786230898907	0.2702313836034766	112.0	142.0	76.0	32.0	61.0	29.0
subimage_G1	6564	0.3245297953900533	0.3856749311294766	0.21923651929465882	0.3369714115544967	0.4224137931034483	0.2409972299168975	0.3552952043432363	0.4424360140140675	0.27296587926509186	111.0	138.0	79.0	31.0	60.0	28.0
subimage_F1	8522	0.3191489361702128	0.3949387318652101	0.22635135135135134	0.3299319727891156	0.4262020024205083	0.24390243902439024	0.344311377245509	0.4426751592356688	0.2734795520862649	104.0	135.0	76.0	27.0	57.0	30.0
subimage_E1	10560	0.3269230769230769	0.3859275053304904	0.21306818181818182	0.3401360544217687	0.4266666666666667	0.23591549295774647	0.3554987212276215	0.44376899696048633	0.2682926829268293	111.0	139.0	77.0	33.0	60.0	28.0
subimage_D1	5048	0.3242320819112628	0.38095238095238093	0.22291021671826625	0.3344262295081967	0.42201834862385323	0.242575265069976	0.356803523405807	0.4397163120567376	0.2768103435559292	109.0	138.0	78.0	29.0	57.0	28.0
subimage_C1	5719	0.32558139534883723	0.37980506515342577	0.2287390029325513	0.3333333333333333	0.42356687898089174	0.24381625441696114	0.352365141097926	0.4358974358974359	0.2860938842821638	110.0	138.0	80.0	29.0	57.0	29.0
subimage_B1	7197	0.3270440251572327	0.38613861386138615	0.21655471501239076	0.3380281690140845	0.4258064516129032	0.23684210526315788	0.35342938119981104	0.4402730375426621	0.27440633245382584	111.0	139.0	78.0	32.0	60.0	28.0
subimage_A1	13463	0.3166023166023166	0.39779306607253073	0.2222222222222222	0.3295774647887324	0.43521594684385384	0.23529411764705882	0.3413173652694611	0.445859872611465	0.2712224176527023	104.0	136.0	73.0	29.0	62.0	32.0
subimage_H2	14259	0.3210702341137124	0.3966263262599469	0.21645886421550783	0.329153605015674	0.43478260869565216	0.23588039867109634	0.3456496954298185	0.4492753623188406	0.2692307692307692	106.0	139.0	76.0	29.0	62.0	33.0
subimage_G2	7223	0.3288135593220339	0.38666666666666666	0.21630094043887146	0.33793103448275863	0.43174603174603177	0.23013698630136986	0.35513753186066266	0.4460431654676259	0.26719013846673423	104.0	134.0	71.0	33.0	62.0	29.0
subimage_F2	8800	0.3238993710691824	0.3939393939393939	0.2247173232826056	0.3333333333333333	0.4273255813953488	0.23839009287925697	0.34838709677419355	0.44200626959247646	0.26750162337662337	111.0	142.0	78.0	31.0	62.0	31.0
subimage_E2	5419	0.3258426966292135	0.3925729442970822	0.22535211267605634	0.33236994219653176	0.4277456647398844	0.23964497041420119	0.3431091663742941	0.4428620860108749	0.27058823529411763	112.0	144.0	81.0	31.0	63.0	32.0
subimage_D2	16607	0.3188405797101449	0.39718704751875744	0.22189349112426035	0.328042328042328	0.4339622641509434	0.23776223776223776	0.34324324324324323	0.4472843450479233	0.2701069518716577	106.0	140.0	76.0	28.0	62.0	33.0
subimage_C2	6854	0.32673267326732675	0.3892755397456035	0.2280130293159609	0.335243553008596	0.41444404931247036	0.24850299401197604	0.3553459119496855	0.43534625206549493	0.26840763098831355	109.0	135.0	80.0	28.0	54.0	26.0
subimage_B2	7052	0.3254523288139278	0.38639627343935434	0.2211993769470405	0.33827893175074186	0.4227129337539432	0.23941905798883073	0.35583539160226274	0.43730886850152906	0.2739670013453585	118.0	147.0	83.0	34.0	62.0	29.0
subimage_A2	9457	0.32519756666098126	0.38863980284491334	0.2178988326848249	0.3333333333333333	0.43322475570032576	0.23333333333333334	0.35547695592787654	0.449401810489924	0.2725045045045045	105.0	137.0	73.0	31.0	61.0	30.0
subimage_H3	9311	0.32735954093867764	0.38221688034188034	0.2097902097902098	0.3353115727002967	0.428125	0.23708206686930092	0.3559870550161812	0.45075757575757575	0.2735136247171258	109.0	139.0	77.0	32.0	62.0	30.0
subimage_G3	8271	0.3235294117647059	0.38516746411483255	0.211864406779661	0.33171912832929784	0.4268292682926829	0.24269005847953215	0.3492063492063492	0.45454545454545453	0.27205882352941174	106.0	137.0	77.0	29.0	58.0	30.0
subimage_F3	1256	0.3255216629499841	0.3443129964509042	0.26975385983348155	0.35587188612099646	0.3559322033898305	0.284375	0.3744493392070485	0.39015461997019374	0.29891200973865406	110.0	120.0	89.0	24.0	28.0	-1.0
subimage_E3	6828	0.32625994694960214	0.3953488372093023	0.2193180531975099	0.3391812865497076	0.4227405247813411	0.2369146005509642	0.3546511627906977	0.43834059775840595	0.2689679040196882	122.0	152.0	85.0	36.0	67.0	30.0
subimage_D3	7986	0.32948805008529736	0.39704035712783664	0.2175226586102719	0.33618233618233617	0.42735042735042733	0.23646723646723647	0.34980880572006834	0.4406779661016949	0.2619906135531136	117.0	149.0	82.0	34.0	66.0	32.0
subimage_C3	17078	0.32326283987915405	0.4	0.21725239616613418	0.3303834808259587	0.4358288770053476	0.2318840579710145	0.34948229291716687	0.44871794871794873	0.26649176968511845	111.0	146.0	78.0	32.0	68.0	35.0
subimage_B3	2390	0.34615384615384615	0.3500418994413408	0.23378269617706238	0.35687062937062936	0.39325842696629215	0.25210084033613445	0.37240571120689653	0.41359773371104813	0.28815904139433546	141.0	156.0	96.0	40.0	52.0	14.0
subimage_A3	9263	0.3272058823529412	0.3831818085489648	0.19375702247191012	0.33753943217665616	0.4272300469483568	0.23452768729641693	0.3643724696356275	0.45214142103865557	0.27618770764119605	114.0	142.0	78.0	33.0	62.0	29.0
subimage_H4	9364	0.32525951557093424	0.3813953488372093	0.20383093191515678	0.33440514469453375	0.4265927977839335	0.23927475898334793	0.35279187817258884	0.4558303886925795	0.2727272727272727	114.0	145.0	81.0	32.0	64.0	31.0
subimage_G4	4631	0.33423180592991913	0.3689075630252101	0.2088732163359029	0.3469387755102041	0.41968911917098445	0.2340909090909091	0.37333333333333335	0.44173441734417346	0.27081112295664533	129.0	157.0	87.0	42.0	69.0	27.0
subimage_F4	2258	0.3562091503267974	0.3409406050719264	0.26878239344008664	0.3688394276629571	0.345	0.2859504132231405	0.38488576449912126	0.34766355140186916	0.30151150347779565	224.0	209.0	174.0	51.0	36.0	-15.0
subimage_E4	6526	0.32423466749405316	0.3917455065427398	0.21686746987951808	0.33829369473109233	0.4245810055865922	0.2364217252396166	0.35391923990498814	0.4417910447761194	0.2714995269631031	121.0	152.0	84.0	36.0	67.0	30.0
subimage_D4	8634	0.32974910394265233	0.3966314273505626	0.20802599564604943	0.3380281690140845	0.43243243243243246	0.22847682119205298	0.3553921568627451	0.45054945054945056	0.2627551020408163	109.0	139.0	74.0	34.0	64.0	30.0
subimage_C4	8431	0.32974422143322946	0.38275444694699134	0.20804144417772988	0.33756345177664976	0.43103448275862066	0.23184357541899442	0.3568543205910697	0.44744744744744747	0.2762696631722321	120.0	153.0	82.0	37.0	70.0	33.0
subimage_B4	1380	0.3543913713405239	0.3413078149920255	0.27783680911779157	0.3580441640378549	0.3440514469453376	0.2981072555205047	0.3735291313963242	0.3495575221238938	0.3035439137134052	225.0	215.0	187.0	37.0	28.0	-9.0
subimage_A4	7161	0.32142857142857145	0.3923076923076923	0.21804511278195488	0.3303834808259587	0.4326923076923077	0.2367601246105919	0.3401360544217687	0.4524714828897338	0.2719033232628399	103.0	135.0	74.0	29.0	61.0	32.0
subimage_H5	12339	0.31985294117647056	0.3983717502010185	0.22295081967213115	0.33015873015873015	0.42765273311897106	0.24242424242424243	0.347128819010184	0.44336569579288027	0.2696629213483146	109.0	141.0	78.0	29.0	60.0	31.0
subimage_G5	2579	0.356663082437276	0.3421470342522974	0.26150415419003836	0.37681159420289856	0.346483704974271	0.2764084507042254	0.3898916967509025	0.35	0.3007205693950178	214.0	197.0	159.0	58.0	40.0	-17.0
subimage_F5	6527	0.3291139240506329	0.37278069033461175	0.20534239735760648	0.3375	0.42857142857142855	0.23492063492063492	0.35926773455377575	0.45123801188783136	0.2782895816242822	111.0	141.0	77.0	34.0	64.0	30.0
subimage_E5	17707	0.3222036595067621	0.4010989010989011	0.21875	0.33156498673740054	0.4340175953079179	0.23322683706070288	0.34770114942528735	0.45	0.2654370218587616	112.0	146.0	78.0	33.0	67.0	34.0
subimage_D5	10353	0.32941176470588235	0.3959478888530266	0.20958083832335328	0.3389423076923077	0.42896174863387976	0.23195876288659795	0.3539325842696629	0.44390136986301365	0.26370757180156656	122.0	153.0	84.0	38.0	70.0	32.0
subimage_C5	4475	0.34263323105637483	0.34545454545454546	0.21750663129973474	0.35800344234079173	0.3868131868131868	0.2562814070351759	0.37319883589010017	0.42777777777777776	0.29739130434782607	144.0	162.0	101.0	42.0	50.0	12.0
subimage_B5	4623	0.33604336043360433	0.35518209560617225	0.2076608691703374	0.34626865671641793	0.41823056300268097	0.2394736842105263	0.36660229622651097	0.4376731301939058	0.279383429672447	124.0	151.0	85.0	38.0	64.0	27.0
subimage_A5	10481	0.32786885245901637	0.3834296724470135	0.21902017291066284	0.3356401384083045	0.4263322884012539	0.23728813559322035	0.35834896810506567	0.4429530201342282	0.27525252525252525	114.0	145.0	80.0	33.0	63.0	30.0
subimage_H6	6793	0.32934131736526945	0.35217854252736486	0.22033898305084745	0.3389355742296919	0.4221105527638191	0.23978201634877383	0.38018433179723504	0.43952802359882004	0.288563994914703	126.0	157.0	88.0	37.0	68.0	31.0
subimage_G6	2253	0.3545516732250134	0.34217981913017376	0.24730014025245442	0.3762135922330097	0.3616557734204793	0.2589641434262948	0.3969298245614035	0.3886138613861386	0.29401408450704225	170.0	163.0	116.0	51.0	45.0	-7.0
subimage_F6	1459	0.3544695957233545	0.3418324182464864	0.2905982905982906	0.3583617747440273	0.3441226575809199	0.2976190476190476	0.36363636363636365	0.3472565435925663	0.3021346469622332	212.0	203.0	175.0	36.0	27.0	-9.0
subimage_E6	6673	0.329923273657289	0.3902439024390244	0.22598870056497175	0.3373860182370821	0.42021276595744683	0.24068767908309455	0.35714285714285715	0.43663490376219577	0.2681581949550006	121.0	152.0	85.0	35.0	64.0	30.0
subimage_D6	2961	0.3552	0.3418940609951846	0.28596187175043325	0.36106750392464676	0.34488188976377954	0.2938388625592417	0.36824324324324326	0.34683098591549294	0.3019169329073482	227.0	217.0	186.0	43.0	32.0	-10.0
subimage_C6	4015	0.33585858585858586	0.3435804701627486	0.22674418604651161	0.3540268456375839	0.3979848866498741	0.2507204610951009	0.37473499408142363	0.42771084337349397	0.2950211286580838	130.0	149.0	92.0	39.0	54.0	18.0
subimage_B6	6659	0.33630952380952384	0.3542319749216301	0.2290608612744319	0.3496932515337423	0.3942857142857143	0.2568306010928962	0.3756906077348066	0.4169278996865204	0.27841371027346634	127.0	143.0	93.0	34.0	50.0	17.0
subimage_A6	14433	0.3178294573643411	0.3974731461885557	0.2222222222222222	0.3302180685358255	0.4291497975708502	0.23826714801444043	0.3473684210526316	0.4440789473684211	0.27389642758238714	108.0	139.0	76.0	29.0	61.0	31.0
subimage_H7	3816	0.32947641591674154	0.3844166769098396	0.22590361445783133	0.34017595307917886	0.4150326797385621	0.24347826086956523	0.36231884057971014	0.42686567164179107	0.2769325037707391	115.0	141.0	82.0	32.0	57.0	25.0
subimage_G7	9776	0.3223684210526316	0.39845256266066836	0.22077922077922077	0.3312883435582822	0.43167701863354035	0.2360248447204969	0.34356256640504507	0.4463087248322148	0.26881720430107525	107.0	139.0	76.0	30.0	63.0	32.0
subimage_F7	10974	0.32450331125827814	0.388576021395243	0.2088607594936709	0.33429394812680113	0.42857142857142855	0.23652073446468058	0.3524187005903269	0.453416149068323	0.26874479919414884	114.0	145.0	79.0	32.0	64.0	32.0
subimage_E7	14195	0.32670454545454547	0.4036098119986372	0.20915032679738563	0.33573141486810554	0.4340659340659341	0.2289855072463768	0.3501198793315892	0.4523076923076923	0.25977204135362486	116.0	149.0	79.0	36.0	70.0	34.0
subimage_D7	6912	0.3247651909339448	0.3859223300970874	0.20625	0.3403780682686677	0.4250681198910082	0.2349798113826706	0.3559322033898305	0.45183831672203767	0.2729768302151045	121.0	151.0	83.0	36.0	67.0	30.0
subimage_C7	6682	0.3256578947368421	0.39540852874100935	0.21467468066814052	0.33568907535044784	0.4308510638297872	0.23255813953488372	0.35584415584415585	0.44345238095238093	0.2641972613078872	121.0	155.0	83.0	36.0	70.0	33.0
subimage_B7	8871	0.32875137773578966	0.3865336658354115	0.2037037037037037	0.340625	0.42779291553133514	0.23170731707317074	0.36011492547157364	0.44947735191637633	0.26865671641791045	120.0	150.0	81.0	37.0	68.0	31.0
subimage_A7	7831	0.329428914422912	0.39290212306585104	0.2111801242236025	0.3408360128617363	0.42902208201892744	0.22992700729927007	0.35320330227393426	0.4470198675496689	0.2688679245283019	115.0	145.0	77.0	37.0	68.0	30.0
subimage_H8	365	0.3535714285714286	0.33934326469013193	0.26689697216013003	0.35973597359735976	0.35737704918032787	0.2826855123674912	0.37351724137931036	0.36618609293556614	0.3022138397605463	110.0	109.0	84.0	26.0	23.0	-2.0
subimage_G8	12250	0.3286219081272085	0.38857841614906835	0.21124689312344658	0.3392857142857143	0.4277197284714077	0.23381294964028776	0.35676449887387385	0.44324324324324327	0.2642013888888889	116.0	143.0	78.0	35.0	62.0	29.0
subimage_F8	3389	0.32926829268292684	0.351288056206089	0.24835302774531445	0.3395061728395062	0.3875	0.2719298245614035	0.3788856002202643	0.4055429659655506	0.2887128777282633	107.0	123.0	87.0	23.0	36.0	16.0
subimage_E8	13161	0.3221884498480243	0.4	0.22063037249283668	0.3313782991202346	0.43380281690140843	0.2348993288590604	0.34540389972144847	0.4462025316455696	0.26666666666666666	113.0	146.0	79.0	32.0	66.0	34.0
subimage_D8	7977	0.32954545454545453	0.39361081818745736	0.20562379352255666	0.33986928104575165	0.4357142857142857	0.2255892255892256	0.35384615384615387	0.45172680069231796	0.2631578947368421	114.0	143.0	76.0	35.0	66.0	30.0
subimage_C8	6362	0.32727272727272727	0.3965957210368707	0.22279861464245954	0.335243553008596	0.42777777777777776	0.23472275725438094	0.35103244837758113	0.44126984126984126	0.2668213457076566	119.0	152.0	83.0	35.0	68.0	32.0
subimage_B8	4099	0.3304322400203407	0.3487972508591065	0.21739130434782608	0.351010101010101	0.4152542372881356	0.24074074074074073	0.3713131375199705	0.42735042735042733	0.28442503224827376	138.0	161.0	91.0	41.0	64.0	25.0
subimage_A8	6479	0.3286908077994429	0.3944286026342667	0.2349570200573066	0.3343195266272189	0.42134831460674155	0.24369747899159663	0.34011627906976744	0.42902208201892744	0.27209302325581397	118.0	148.0	86.0	32.0	62.0	30.0
subimage_H9	8649	0.3265895953757225	0.391304347826087	0.2226148409893993	0.3351206434316354	0.4263803680981595	0.23796033994334279	0.351778006828577	0.4408128308938025	0.2670668690417314	113.0	144.0	79.0	33.0	63.0	31.0
subimage_G9	12422	0.32051282051282054	0.39659367396593675	0.22151898734177214	0.3313953488372093	0.43059490084985835	0.23738872403560832	0.3471502590673575	0.44345238095238093	0.27019841269841266	113.0	146.0	80.0	31.0	64.0	33.0
subimage_F9	4387	0.354275664034458	0.3462403649066082	0.23607427055702918	0.3638968481375358	0.3673469387755102	0.2696969696969697	0.38274932614555257	0.3933411189996368	0.28607594936708863	127.0	126.0	92.0	32.0	33.0	2.0
subimage_E9	12287	0.3333333333333333	0.3876651982378855	0.20579287174744842	0.3415384615384615	0.42946708463949845	0.22950819672131148	0.36	0.4444444444444444	0.26835268842178606	117.0	147.0	78.0	37.0	67.0	30.0
subimage_D9	9959	0.3274647887323944	0.3880208333333333	0.20512820512820512	0.33620689655172414	0.4301994301994302	0.23391812865497075	0.35280680800238884	0.45397020157756357	0.2698802026286966	111.0	142.0	77.0	34.0	64.0	31.0
subimage_C9	11377	0.3226837060702875	0.3990219099453313	0.21621621621621623	0.331306990881459	0.4349315068493151	0.2347560975609756	0.34409234661606575	0.4472750508277665	0.2664772190560156	107.0	141.0	75.0	31.0	64.0	33.0
subimage_B9	3539	0.3300653594771242	0.385340620730041	0.2298507462686567	0.336986301369863	0.4209039548022599	0.24225352112676057	0.34550040012610034	0.43355556921060173	0.27321619013762627	119.0	148.0	86.0	33.0	63.0	30.0
subimage_A9	8385	0.32411612375630366	0.3939545076702184	0.21673003802281368	0.3343949044585987	0.43217665615141954	0.23295454545454544	0.3476973433812895	0.4523809523809524	0.26766254090197744	104.0	134.0	73.0	31.0	60.0	29.0
subimage_H10	332	0.3537793717536483	0.3414412416851441	0.26744171928120447	0.3607039211716272	0.35195307917888563	0.28523250681846474	0.37539898132427846	0.3651877133105802	0.3011228939124545	134.0	127.5	102.0	28.0	23.0	-5.0
subimage_G10	9357	0.3228346456692913	0.38547897146279897	0.21724137931034482	0.3314447592067989	0.4272151898734177	0.2417910447761194	0.3491223430630392	0.4482758620689655	0.2787469601525986	110.0	141.0	79.0	29.0	60.0	31.0
subimage_F10	5032	0.34102564102564104	0.3453678089968984	0.21727019498607242	0.3557422969187675	0.3973684210526316	0.2475	0.3829787234042553	0.4083333333333333	0.28712497415312505	134.0	148.0	91.0	39.0	54.0	15.0
subimage_E10	7403	0.3258714415144724	0.3893264030074034	0.2111111111111111	0.3342857142857143	0.42165242165242167	0.24367088607594936	0.35447761194029853	0.4457784626879611	0.2708277479892761	114.0	143.0	84.0	31.0	60.0	29.0
subimage_D10	10208	0.32238805970149254	0.3870227510460251	0.22018348623853212	0.3343949044585987	0.42768263183357524	0.23652694610778444	0.3507853403141361	0.4423676012461059	0.2768184153350529	113.0	144.0	80.0	32.0	63.0	31.0
subimage_C10	3814	0.3333333333333333	0.3510397250535955	0.24607329842931938	0.3418079096045198	0.39233038348082594	0.26646706586826346	0.36752136752136755	0.40555247950963497	0.2851886694857172	117.0	135.0	91.0	26.0	42.0	18.0
subimage_B10	4295	0.34027996114104037	0.34536082474226804	0.2190497239071893	0.36082474226804123	0.3764367816091954	0.26479750778816197	0.377648325512631	0.41509433962264153	0.2938388625592417	129.0	135.0	92.0	32.0	38.0	5.0
subimage_A10	9632	0.3236514522821577	0.38716174847540097	0.20909090909090908	0.3361581920903955	0.4340836012861736	0.22931133566400075	0.3561780215783731	0.4608695652173913	0.2725	108.0	138.0	73.0	32.0	63.0	30.0
subimage_H11	6337	0.33229813664596275	0.3888888888888889	0.2226124207367249	0.3383233532934132	0.4276729559748428	0.23417721518987342	0.3476923076923077	0.4384217985644402	0.2685851318944844	111.0	140.0	77.0	34.0	63.0	29.0
subimage_G11	2467	0.3276009431181845	0.35221974033226305	0.2342007434944238	0.3371647509578544	0.40923076923076923	0.2566137566137566	0.3717948717948718	0.4280442804428044	0.2808921616903174	107.0	131.0	82.0	27.0	48.0	23.0
subimage_F11	2692	0.35472068072512025	0.3423728813559322	0.26705653021442494	0.36531365313653136	0.3453887884267631	0.2884250474383302	0.38613861386138615	0.349158459704863	0.3015075376884422	200.0	187.0	155.0	40.0	30.0	-11.0
subimage_E11	8444	0.32710280373831774	0.3925273813030554	0.2078853046594982	0.3344370860927152	0.4276315789473684	0.23735775476281806	0.35064935064935066	0.456	0.26666666666666666	105.0	134.0	74.0	31.0	60.0	29.0
subimage_D11	18528	0.3230769230769231	0.39791522924361106	0.22108843537414966	0.33116883116883117	0.431438127090301	0.237012987012987	0.3491663238631086	0.44368600682593856	0.26666666666666666	105.0	136.0	75.0	29.0	60.0	31.0
subimage_C11	5652	0.3280757097791798	0.3820383174877557	0.21052631578947367	0.3372093023255814	0.4257284299858557	0.2376237623762376	0.3587076701207136	0.4473684210526316	0.27424975326493606	112.0	141.0	79.0	33.0	62.0	30.0
subimage_B11	4106	0.3383233532934132	0.37462235649546827	0.21967213114754097	0.3492537313432836	0.3988439306358382	0.25290697674418605	0.3682539682539683	0.42138364779874216	0.2764523200584582	117.0	134.0	85.0	33.0	50.0	17.0
subimage_A11	12832	0.31223628691983124	0.39809747336009904	0.20674506032523168	0.3321554770318021	0.4408029001074114	0.2289156626506024	0.353099730458221	0.4581673306772908	0.26715686274509803	103.0	135.0	69.0	31.0	61.0	32.0
subimage_H12	423	0.3308902030563115	0.3460222287218485	0.26501766784452296	0.34397163120567376	0.3786764705882353	0.28125	0.37353972192681867	0.38564859442982574	0.29707701664676867	101.0	111.0	82.0	19.0	28.0	10.0
subimage_G12	1674	0.3546990532789718	0.3442512610340479	0.2492753623188406	0.37283236994219654	0.3557092380973679	0.266384778012685	0.3931034482758621	0.37984516685178127	0.29278675582799296	159.0	154.0	116.0	44.0	40.0	-8.0
subimage_F12	553	0.32860171630489654	0.34165735225455934	0.26138436032053053	0.35797665369649806	0.35315985130111527	0.2838283828382838	0.38384615384615384	0.3885705569819763	0.30214616096207214	108.0	112.0	85.0	23.0	24.0	-3.0
subimage_E12	15218	0.32715705172334664	0.3881019830028329	0.1861198738170347	0.34146341463414637	0.4323607427055703	0.22641509433962265	0.3609467455621302	0.4602649006622517	0.2693532724800932	107.0	135.0	70.0	33.0	61.0	29.0
subimage_D12	9865	0.3229166666666667	0.38746438746438744	0.22508038585209003	0.33220338983050846	0.42443729903536975	0.2435064935064935	0.3495649750481184	0.4417808219178082	0.2772225927255938	103.0	132.0	75.0	28.0	56.0	29.0
subimage_C12	5083	0.328719723183391	0.3698220585979444	0.2360655737704918	0.33967391304347827	0.396969696969697	0.2641509433962264	0.37095706045716725	0.4117647058823529	0.27927342927342924	108.0	126.0	83.0	24.0	42.0	19.0
subimage_B12	3133	0.3287671232876712	0.36193981887233423	0.23191712128726513	0.33647798742138363	0.40789473684210525	0.2558922558922559	0.3623662253865836	0.4317678631331767	0.27631578947368424	104.0	126.0	79.0	25.0	46.0	22.0
subimage_A12	9963	0.32413793103448274	0.3936231352408902	0.22189349112426035	0.3343465045592705	0.42948717948717946	0.23548387096774193	0.3494870528856704	0.4418604651162791	0.27094725961656785	107.0	138.0	75.0	32.0	61.0	30.0