subimage	all_plant_pixels	ratio_r_q5	ratio_g_q5	ratio_b_q5	ratio_r_median	ratio_g_median	ratio_b_median	ratio_r_q95	ratio_g_q95	ratio_b_q95	pix_r_median	pix_g_median	pix_b_median	diff_rb_median	diff_gb_median	diff_gr_median
subimage_H1	2712	0.31599330855018587	0.39080572257930746	0.22916666666666666	0.3236363636363636	0.4306569343065693	0.2462686567164179	0.33428126264670177	0.44482758620689655	0.2809317139606248	92.0	122.0	69.0	21.0	51.0	30.0
subimage_G1	3160	0.31775544650392273	0.3951612903225806	0.2175641258868474	0.3262411347517731	0.43680235694427155	0.23702501202501203	0.3396271553669766	0.45418560606060593	0.27638634348211644	91.0	123.0	66.0	25.0	55.0	31.0
subimage_F1	7482	0.3210232514256961	0.3930952629836757	0.2089041095890411	0.33093525179856115	0.436426116838488	0.23443223443223443	0.34296028880866425	0.45588235294117646	0.2748683445087413	95.0	126.0	65.0	27.0	57.0	30.0
subimage_E1	5320	0.3260269678361317	0.3931352560213339	0.20375548589341694	0.3353846153846154	0.44256756756756754	0.22304832713754646	0.34492753623188405	0.4564459930313589	0.27202825181030255	99.0	130.0	66.0	32.0	64.0	32.0
subimage_D1	1599	0.3575745668869441	0.3509092203124444	0.23372593176444095	0.3755020080321285	0.35827664399092973	0.2664015904572565	0.3995744680851064	0.36515513126491644	0.2908779813342551	165.0	156.0	115.0	48.0	40.0	-8.0
subimage_C1	3056	0.35466544789762344	0.3532608695652174	0.23988214214971276	0.36750483558994196	0.36007827788649704	0.26846943305564985	0.378698224852071	0.3973722193920869	0.28716471647164715	182.0	175.5	130.0	46.0	44.0	-4.0
subimage_B1	2012	0.3333333333333333	0.359375	0.23456971734790374	0.34210526315789475	0.4032258064516129	0.252767678418236	0.37453796390875044	0.41499599839935974	0.28208351239077495	107.0	127.0	81.0	28.0	48.0	19.0
subimage_A1	3017	0.31952798663324977	0.3921662337662338	0.22040816326530613	0.3311036789297659	0.43389830508474575	0.23469387755102042	0.34314885717600646	0.4456298048492016	0.2769732441471572	97.0	127.0	69.0	28.0	57.0	30.0
subimage_H2	2487	0.33520025179007	0.3820119782893505	0.20699987001169895	0.34770114942528735	0.4233983286908078	0.22933333333333333	0.36024307730860794	0.4403882374384835	0.2719845824411135	124.0	151.0	81.0	42.0	69.0	27.0
subimage_G2	7425	0.321656050955414	0.39145672540167953	0.21502440456530517	0.32974910394265233	0.43252595155709345	0.23711340206185566	0.34513274336283184	0.4505419495180587	0.27714285714285714	98.0	128.0	69.0	27.0	57.0	30.0
subimage_F2	7491	0.3192307692307692	0.39384615384615385	0.21011673151750973	0.3283018867924528	0.4344262295081967	0.23745819397993312	0.3481247069854665	0.456	0.2729845035699421	94.0	124.0	67.0	26.0	56.0	30.0
subimage_E2	2156	0.3236363636363636	0.37962962962962965	0.24776119402985075	0.3411764705882353	0.3981191222570533	0.2628398791540785	0.3545099100827896	0.4084084084084084	0.2869766505636071	109.0	127.0	83.0	25.0	42.0	18.0
subimage_D2	8384	0.3229166666666667	0.39601979896923717	0.2	0.33220338983050846	0.44224422442244227	0.2271186440677966	0.34686346863468637	0.45985401459854014	0.26815933936718467	97.0	130.0	65.0	31.0	62.0	32.0
subimage_C2	6754	0.32209737827715357	0.3895131834946705	0.20279720279720279	0.3333333333333333	0.44	0.2276923076923077	0.35126158782377365	0.458041958041958	0.2706959471850357	97.0	129.0	65.0	31.0	61.0	30.0
subimage_B2	187	0.3349299346056319	0.3494493734249318	0.26170106002634386	0.3577981651376147	0.3625	0.2801556420233463	0.3665594855305466	0.37959249909844933	0.2932083633741889	115.0	116.0	88.0	25.0	26.0	1.0
subimage_A2	1205	0.3379501385041551	0.3477634155895025	0.2442505561289578	0.36507936507936506	0.35797665369649806	0.2711864406779661	0.37619009900990097	0.40335205905566646	0.29450506857483605	183.0	177.0	135.0	44.0	44.0	-4.0
subimage_H3	6966	0.3230445116681072	0.3860355497985032	0.21101662099368523	0.3321678321678322	0.4326923076923077	0.23529411764705882	0.3522727272727273	0.4521452145214521	0.2773109243697479	100.0	129.5	70.0	29.0	58.0	30.0
subimage_G3	7582	0.32614596724030687	0.39411979390296265	0.20879685383110042	0.3333333333333333	0.4389438943894389	0.22772277227722773	0.34539226726726724	0.4551971326164875	0.2720903872063734	100.0	131.0	67.0	31.0	63.0	32.0
subimage_F3	4824	0.335423197492163	0.3572815533980582	0.2086706159393627	0.3501683501683502	0.42258064516129035	0.23076923076923078	0.3824884792626728	0.4472843450479233	0.2768361581920904	113.0	139.5	74.0	41.0	60.0	23.0
subimage_E3	1357	0.32796383680628055	0.3659081618749148	0.24828980543266257	0.33793103448275863	0.3862928348909657	0.2735562310030395	0.37299622425082446	0.40069686411149824	0.28826921578304804	99.0	114.0	80.0	19.0	33.0	14.0
subimage_D3	5804	0.3270691809953839	0.3855721393034826	0.1962962962962963	0.3357142857142857	0.44405594405594406	0.22145328719723184	0.34782608695652173	0.46366782006920415	0.2780297751029458	100.0	132.0	65.0	34.0	65.0	32.0
subimage_C3	8455	0.32234432234432236	0.3962109495824312	0.20871787418550009	0.3310580204778157	0.43537414965986393	0.23348017621145375	0.3416370106761566	0.4548736462093863	0.27358490566037735	97.0	127.0	68.0	29.0	59.0	30.0
subimage_B3	657	0.35676625659050965	0.3494583683095495	0.26491327148043564	0.37117117117117115	0.35472370766488415	0.27402135231316727	0.3787480907848549	0.3584558823529412	0.2925610717100079	206.0	197.0	152.0	54.0	45.0	-9.0
subimage_A3	1003	0.3298245614035088	0.3580659247781378	0.2303939962476548	0.33676975945017185	0.3881578947368421	0.27483443708609273	0.3998826979472141	0.3971066043746018	0.2852099964407383	101.0	117.0	82.0	19.0	34.0	15.0
subimage_H4	3573	0.31386861313868614	0.39107982002999503	0.22837370242214533	0.325	0.4332129963898917	0.2422145328719723	0.3383233532934132	0.4444444444444444	0.2833333333333333	92.0	123.0	68.0	23.0	53.0	31.0
subimage_G4	6594	0.3215547703180212	0.39222727765139204	0.2045200406622132	0.3310344827586207	0.4409722222222222	0.22807017543859648	0.3504823151125402	0.4570446735395189	0.275	99.0	131.0	66.0	30.0	62.0	32.0
subimage_F4	5204	0.3343195266272189	0.36873165237834415	0.176669037615377	0.35646687697160884	0.42618384401114207	0.2200244498777506	0.3755868544600939	0.46006389776357826	0.27197451981446313	124.0	150.0	75.0	46.0	70.0	24.0
subimage_E4	946	0.33885760481712757	0.36033686730506154	0.2492331073182137	0.35122247823860725	0.3849747787976515	0.26480293507874997	0.36438814961337884	0.3940372640110705	0.282522044363621	114.0	124.0	84.0	28.0	38.0	11.0
subimage_D4	4960	0.322463768115942	0.39010701340544274	0.19081272084805653	0.3415492957746479	0.4421768707482993	0.21765633698274262	0.3566666666666667	0.4606741573033708	0.27455919395465994	104.0	135.0	66.0	38.0	67.0	31.0
subimage_C4	4161	0.3284671532846715	0.38095238095238093	0.2040133779264214	0.33986928104575165	0.4304635761589404	0.2302839116719243	0.367003367003367	0.44404332129963897	0.2755905511811024	105.0	133.0	70.0	33.0	60.0	27.0
subimage_B4	423	0.3288135593220339	0.3535380187095227	0.26252118644067796	0.34375	0.37906137184115524	0.2785714285714286	0.36980497859521166	0.3885110830254715	0.2913450292397661	99.0	111.0	81.0	19.0	28.0	11.0
subimage_A4	1538	0.3313953488372093	0.35118044408774746	0.23426943942133815	0.34124629080118696	0.40894568690095845	0.25	0.38170191744730675	0.41887905604719766	0.2857625482625482	116.0	139.0	84.0	31.0	53.0	23.0
subimage_H5	4966	0.32151622316269546	0.3973150782361309	0.21993127147766323	0.3288590604026846	0.43728813559322033	0.23344947735191637	0.3367003367003367	0.4489051094890511	0.2747167955501289	95.0	126.0	67.0	27.0	58.0	31.0
subimage_G5	5937	0.32051282051282054	0.39512176817141353	0.20767926988265972	0.3279742765273312	0.4360655737704918	0.23636363636363636	0.34375	0.4580152671755725	0.27181208053691275	91.0	122.0	65.0	25.0	54.0	29.0
subimage_F5	6581	0.31891891891891894	0.3877005347593583	0.21070234113712374	0.3310580204778157	0.4304932735426009	0.23890784982935154	0.3488372093023256	0.45229681978798586	0.2802056555269923	98.0	128.0	69.0	28.0	56.0	29.0
subimage_E5	4973	0.3314543081771016	0.3884654260063024	0.19863013698630136	0.33980582524271846	0.4440894568690096	0.21686746987951808	0.3502994011976048	0.45733788395904434	0.27350543814879963	112.0	147.0	71.0	40.0	74.0	34.0
subimage_D5	6851	0.32894736842105265	0.38716585133476245	0.20394736842105263	0.33766233766233766	0.4444444444444444	0.21794871794871795	0.34615384615384615	0.4563758389261745	0.2761904761904762	104.0	137.0	67.0	36.0	69.0	33.0
subimage_C5	6663	0.31879286066967794	0.38830866481652787	0.21374572255856805	0.33088235294117646	0.42901234567901236	0.24092409240924093	0.3496932515337423	0.44881889763779526	0.2806676255786392	98.0	127.0	71.0	27.0	55.0	29.0
subimage_B5	6807	0.32432432432432434	0.391049779037772	0.20544228522884145	0.3333333333333333	0.4355400696864111	0.23076923076923078	0.3535031847133758	0.45422535211267606	0.2708165773011617	99.0	129.0	67.0	30.0	59.0	30.0
subimage_A5	1221	0.3563636363636364	0.35036496350364965	0.26003824091778205	0.37105751391465674	0.3547794117647059	0.27440147329650094	0.38301886792452833	0.3575418994413408	0.2924107142857143	199.0	189.0	146.0	52.0	43.0	-9.0
subimage_H6	3412	0.32327409432672594	0.37960781462090365	0.22568093385214008	0.33653846153846156	0.413689705947972	0.24528301886792453	0.358974358974359	0.44359293174570663	0.2733511000586064	98.0	121.0	73.0	27.0	50.0	22.0
subimage_G6	6511	0.319672131147541	0.39000073517999656	0.2019704433497537	0.3279742765273312	0.43023255813953487	0.24104234527687296	0.35384428452722516	0.46599400193158136	0.27529867728630353	93.0	123.0	66.0	23.0	50.0	27.0
subimage_F6	4060	0.32478495066919505	0.3884691066509248	0.2023786362794145	0.33557046979865773	0.43252595155709345	0.23333333333333334	0.35064935064935066	0.46	0.2744115060272129	98.0	126.0	68.0	30.0	57.0	28.0
subimage_E6	1991	0.3219758532621314	0.38108882521489973	0.24723247232472326	0.3344262295081967	0.4	0.264026402640264	0.3557179616415099	0.4178837953091684	0.2837224446949963	99.0	121.0	78.0	21.0	40.0	20.0
subimage_D6	5643	0.3244350639502553	0.38537374268621394	0.20766773162939298	0.33636363636363636	0.44126984126984126	0.22468354430379747	0.34792693859255935	0.4542124542124542	0.27313914877114737	105.0	138.0	69.0	34.0	66.0	33.0
subimage_C6	6278	0.32287660750870095	0.39275766016713093	0.20702919407894738	0.332089552238806	0.4336917562724014	0.2357278652906029	0.3473104211744578	0.4548629913758524	0.2744479495268139	97.0	126.0	68.0	28.0	57.0	29.0
subimage_B6	3576	0.31950207468879666	0.3890784557907846	0.2060045651090643	0.32867132867132864	0.43	0.2392857142857143	0.3550652927973883	0.45982142857142855	0.2773429493748719	92.0	121.0	67.0	25.0	52.0	28.0
subimage_A6	2213	0.3364485981308411	0.36037101710509023	0.24163608562691133	0.34615384615384615	0.39747634069400634	0.2558139534883721	0.37110733396285805	0.40853658536585363	0.27561428866405124	111.0	128.0	82.0	29.0	45.0	17.0
subimage_H7	6338	0.3197278911564626	0.3876750529229767	0.22072886633606273	0.32947976878612717	0.429042904290429	0.24149659863945577	0.3454203887011105	0.4460431654676259	0.2824675324675325	96.0	125.0	70.0	25.0	54.0	29.0
subimage_G7	5155	0.32706766917293234	0.39034702914220987	0.20452010814464347	0.3344155844155844	0.44551282051282054	0.22077922077922077	0.34710743801652894	0.45985401459854014	0.27412360339823194	97.0	129.0	64.0	33.0	65.0	32.0
subimage_F7	2418	0.32643767217630854	0.3628998748994728	0.2418733764804297	0.3522388059701492	0.3885350318471338	0.2578616352201258	0.3714394765539804	0.40065475602934886	0.2878858241861338	114.0	125.0	83.0	31.0	42.0	12.0
subimage_E7	1571	0.32622572197570376	0.3562329419849209	0.25705329153605017	0.34293948126801155	0.38275862068965516	0.2724014336917563	0.36374037861452047	0.39723640876330485	0.29194044589616014	102.0	114.0	81.0	22.0	32.0	12.0
subimage_D7	4178	0.3363914373088685	0.3884747559095581	0.17559523809523808	0.3554111918055497	0.43922651933701656	0.20648967551622419	0.3708609271523179	0.4605678233438486	0.26941023154903615	123.0	151.0	71.0	51.0	81.0	28.0
subimage_C7	7764	0.3233082706766917	0.395281394307248	0.20504731861198738	0.33451957295373663	0.43452380952380953	0.23076923076923078	0.3494735962566845	0.45390070921985815	0.27371273712737126	103.0	133.0	70.0	31.0	61.0	30.0
subimage_B7	909	0.3189029141343307	0.365963588379621	0.25126247646558175	0.33112582781456956	0.38311688311688313	0.2832764505119454	0.3620174987133299	0.4014099981688335	0.29772623109436264	93.0	109.0	81.0	13.0	28.0	15.0
subimage_A7	213	0.353203201249268	0.3435587052288834	0.2544702284583558	0.357429718875502	0.35443037974683544	0.2879746835443038	0.3721255153458543	0.3807688634192932	0.2995391705069124	102.0	101.0	80.0	21.0	20.0	-1.0
subimage_H8	5619	0.3181818181818182	0.3898259522507746	0.22137404580152673	0.3269961977186312	0.42517006802721086	0.24829931972789115	0.34254334818100135	0.4444444444444444	0.2830188679245283	93.0	120.0	69.0	22.0	49.0	27.0
subimage_G8	4645	0.32974910394265233	0.35805477815163045	0.18095822378030968	0.35202492211838005	0.4325153374233129	0.22916666666666666	0.3722943722943723	0.46511627906976744	0.2777777777777778	113.0	142.0	69.0	43.0	61.0	27.0
subimage_F8	732	0.3353760238272524	0.3531443125304852	0.23162456318600963	0.3559174905838042	0.3914291101983258	0.2565597667638484	0.37316646432907236	0.41089566621523077	0.2899412576103501	127.0	143.0	91.0	37.0	47.0	14.0
subimage_E8	1622	0.34415584415584416	0.3517528847948336	0.21908611259015442	0.3701550387596899	0.3575883575883576	0.26601941747572816	0.3866048588453349	0.419672131147541	0.2857142857142857	181.0	171.0	127.0	48.5	45.0	-7.0
subimage_D8	5000	0.3150650684931507	0.38482384823848237	0.2140462359913161	0.32989690721649484	0.4280821917808219	0.24206349206349206	0.3481799450549451	0.4492753623188406	0.28321779376692674	95.0	124.0	68.0	25.0	52.0	28.0
subimage_C8	3575	0.3289342542402518	0.38412698412698415	0.19318181818181818	0.3411764705882353	0.42950819672131146	0.23154362416107382	0.3644058425482753	0.4444444444444444	0.27123287671232876	107.0	134.0	72.0	34.0	62.0	28.0
subimage_B8	1771	0.33986928104575165	0.34990494296577945	0.2345679012345679	0.35522388059701493	0.39444444444444443	0.25	0.36520673486786015	0.40476190476190477	0.29094827586206895	118.0	131.0	83.0	35.0	47.0	14.0
subimage_A8	1292	0.3303303303303303	0.3766642413829377	0.24916522128350024	0.3447204968944099	0.3950617283950617	0.2606060606060606	0.35883051373583735	0.40397350993377484	0.2805121991518423	109.0	126.0	82.0	27.0	43.0	16.0
subimage_H9	6456	0.32	0.39058171745152354	0.21554770318021202	0.32857142857142857	0.43109540636042404	0.2400716845878136	0.34385964912280703	0.45098039215686275	0.28012582243869094	93.0	122.0	67.0	25.0	53.0	29.0
subimage_G9	7712	0.32463281418991996	0.40451349193387415	0.19690219457058836	0.33653846153846156	0.44193548387096776	0.22179618768328446	0.3447204968944099	0.4691621321163185	0.2589103182256509	101.0	133.0	67.0	34.0	66.0	31.0
subimage_F9	5483	0.3232353748970063	0.3967030775707354	0.2147887323943662	0.33116883116883117	0.43728813559322033	0.23129251700680273	0.34126447876447874	0.44912280701754387	0.2735223150922567	99.0	131.0	69.0	30.0	61.0	31.0
subimage_E9	5389	0.3354115150217099	0.3878504672897196	0.1988538118941577	0.3516819571865443	0.4290322580645161	0.22010869565217392	0.3685636856368564	0.44375	0.26575933504647686	123.0	148.0	75.0	45.0	71.0	26.0
subimage_D9	6418	0.3177966101694915	0.3920962918660287	0.20091018427919113	0.3309608540925267	0.437984496124031	0.23333333333333334	0.3463132839162663	0.46296296296296297	0.2768879239040529	95.0	125.0	65.0	27.0	56.0	30.0
subimage_C9	6668	0.32167832167832167	0.39233038348082594	0.21428571428571427	0.3310344827586207	0.4340277777777778	0.23487544483985764	0.3463687150837989	0.45	0.27574308121070706	97.0	127.0	68.0	28.0	57.0	30.0
subimage_B9	5718	0.3209136979857161	0.3876779964221825	0.21481481481481482	0.33098591549295775	0.4270833333333333	0.24074074074074073	0.3551176189464741	0.4465050280273795	0.27922596021000273	97.0	124.0	69.0	26.0	53.0	28.0
subimage_A9	1099	0.3231292517006803	0.36260515104988866	0.26148409893992935	0.3333333333333333	0.38831615120274915	0.2777777777777778	0.3628348735885182	0.398576512455516	0.2916925465838509	97.0	113.0	80.0	16.0	32.0	16.0
subimage_H10	3957	0.3176895306859206	0.39312416373119247	0.22497991967871486	0.32894736842105265	0.42662116040955633	0.24444444444444444	0.34220532319391633	0.44269981594906915	0.27906976744186046	95.0	123.0	70.0	24.0	52.0	28.0
subimage_G10	7138	0.31950207468879666	0.3931815025690876	0.20848056537102475	0.3269961977186312	0.43617021276595747	0.23826714801444043	0.34135268998373225	0.4600760456273764	0.27507163323782235	91.0	123.0	66.0	25.0	54.0	30.0
subimage_F10	5866	0.323943661971831	0.39443130662715825	0.20403044160808137	0.3321554770318021	0.43252595155709345	0.23529411764705882	0.35257328318994385	0.45555555555555555	0.2731461653767322	96.0	126.0	67.0	28.0	57.0	29.0
subimage_E10	1826	0.3287387421478847	0.3528674011410584	0.2298955449282658	0.3545230258785246	0.3944954128440367	0.2507836990595611	0.3807907010907488	0.41406656499506594	0.2916441684665227	113.0	128.0	81.0	33.0	46.0	13.0
subimage_D10	4282	0.33	0.38403990024937656	0.20462335707254936	0.3439306358381503	0.42900302114803623	0.22674418604651161	0.36141304347826086	0.44666666666666666	0.2782152230971129	117.0	145.0	76.0	39.0	67.0	28.0
subimage_C10	7599	0.32432432432432434	0.3879258098223615	0.21016949152542372	0.3333333333333333	0.43309859154929575	0.23367697594501718	0.35057821698906644	0.45084745762711864	0.2765957446808511	102.0	132.0	69.0	30.0	59.0	30.0
subimage_B10	6602	0.3249097472924188	0.38861838426367556	0.18771331058020477	0.33691756272401435	0.4409722222222222	0.22340425531914893	0.3541666666666667	0.46534451404324106	0.2722371967654987	100.0	130.0	65.0	34.0	64.0	31.0
subimage_A10	804	0.33053221288515405	0.3483606557377049	0.25555308475978694	0.34017595307917886	0.39255014326647564	0.2678062678062678	0.35977418745275885	0.4018942978824086	0.2963270872865275	118.0	136.0	93.0	26.0	43.0	19.0
subimage_H11	5245	0.3192982456140351	0.3882978723404255	0.2158273381294964	0.3310104529616725	0.4305555555555556	0.238562091503268	0.34782608695652173	0.4490566037735849	0.28069347898047003	96.0	125.0	69.0	27.0	55.0	29.0
subimage_G11	4814	0.3192982456140351	0.39139077250365645	0.21232139093782929	0.3300653594771242	0.43434343434343436	0.23389830508474577	0.3506944444444444	0.4558485761795884	0.27762549429422434	95.0	126.0	66.0	28.0	57.0	30.0
subimage_F11	806	0.3244534343260458	0.37128458159078614	0.26231066508757717	0.3358349760630808	0.3851995964836432	0.27816901408450706	0.35571687840290384	0.3959559749868291	0.29448005818477047	99.0	114.0	81.0	17.0	31.0	15.0
subimage_E11	3067	0.35943775100401604	0.35241145086610104	0.22674418604651161	0.37681159420289856	0.36134453781512604	0.25949367088607594	0.3890240074870033	0.3975421201587934	0.2844965132496513	170.0	162.0	116.0	53.0	46.0	-7.0
subimage_D11	4510	0.318065144675738	0.38754360465116283	0.21172638436482086	0.3343558282208589	0.4270833333333333	0.23859649122807017	0.3548387096774194	0.45017879560238905	0.2809629803186504	101.0	129.0	71.0	29.0	56.0	28.0
subimage_C11	8812	0.3227697408077155	0.3938155791539399	0.20567375886524822	0.33003300330033003	0.4358974358974359	0.23426573426573427	0.347682119205298	0.4542124542124542	0.27425335502783527	95.0	126.0	66.0	27.0	57.0	30.0
subimage_B11	957	0.32240362811791384	0.34882453583423106	0.26561203319502075	0.3333333333333333	0.38144329896907214	0.2841726618705036	0.3770726886604007	0.3920313725490196	0.297761070720423	94.0	108.0	80.0	14.0	27.0	14.0
subimage_A11	836	0.31907574749129636	0.3521242543739237	0.2584816462736374	0.332089552238806	0.3814814814814815	0.2852173176516142	0.3851371562296553	0.3907119021134594	0.29901133413808206	94.0	108.0	79.0	13.0	27.0	14.0
subimage_H12	6629	0.3235294117647059	0.38975083650066594	0.2	0.33695652173913043	0.43389830508474575	0.2302158273381295	0.35036496350364965	0.45525291828793774	0.2767226673559059	99.0	127.0	68.0	31.0	60.0	29.0
subimage_G12	2732	0.3280140127388535	0.38882495026996305	0.21110319676334835	0.34177215189873417	0.43156328320802007	0.22657430135951662	0.3535031847133758	0.44104102826012936	0.2762795803138101	111.0	140.0	73.0	37.0	66.0	29.0
subimage_F12	1233	0.33447805107685064	0.36303987435651336	0.24673615857826384	0.3492063492063492	0.3905109489051095	0.26223776223776224	0.36849788705339986	0.4006514657980456	0.2805748961992973	106.0	118.0	79.0	27.0	39.0	13.0
subimage_E12	445	0.3236122618061309	0.34840664195632465	0.20990057995029	0.3333333333333333	0.3784722222222222	0.286231884057971	0.4335223731771158	0.38704968212856133	0.2978013170895121	93.0	104.0	78.0	14.0	26.0	13.0
subimage_D12	3506	0.3322884012539185	0.3648260722728808	0.20531279564806054	0.34770114942528735	0.4222873900293255	0.2318840579710145	0.36888580914831176	0.4370738861582369	0.2820360918702151	120.0	146.0	80.0	40.0	66.0	26.0
subimage_C12	5365	0.3311036789297659	0.38461538461538464	0.19242902208201892	0.3459715639810427	0.42900302114803623	0.22686567164179106	0.36093784757752373	0.45317220543806647	0.2733779331674847	119.0	147.0	75.0	40.0	67.0	28.0
subimage_B12	938	0.3269561157796452	0.3521316008043364	0.23703342953342954	0.3436004469462189	0.3837638376383764	0.2756768343379755	0.37427721088435373	0.41134751773049644	0.2917969338398969	100.0	115.0	80.0	23.0	32.0	13.0
subimage_A12	882	0.35575486394219613	0.3486725663716814	0.2575483325919003	0.3705069970488637	0.3525046382189239	0.27703984819734345	0.3853998655913978	0.35772357723577236	0.2943564533498171	199.0	190.0	150.0	51.0	41.0	-10.0