subimage	all_plant_pixels	ratio_r_q5	ratio_g_q5	ratio_b_q5	ratio_r_median	ratio_g_median	ratio_b_median	ratio_r_q95	ratio_g_q95	ratio_b_q95	pix_r_median	pix_g_median	pix_b_median	diff_rb_median	diff_gb_median	diff_gr_median
subimage_H1	1329	0.33078529417399466	0.35	0.23127035830618892	0.33974358974358976	0.40924092409240925	0.24923076923076923	0.3857456772692472	0.42636113621939725	0.2846820102678727	113.0	136.0	82.0	31.0	53.0	23.0
subimage_G1	7463	0.3333333333333333	0.3888888888888889	0.19164619164619165	0.3608490566037736	0.43174603174603177	0.20963855421686747	0.3732180100601153	0.4441735252082204	0.26045738581459765	140.0	167.0	79.0	58.0	83.0	27.0
subimage_F1	4777	0.33860759493670883	0.3823392293980529	0.19887955182072828	0.35127478753541075	0.42765273311897106	0.22259136212624583	0.3633879781420765	0.44662921348314605	0.27120202610559124	126.0	153.0	76.0	45.0	70.0	27.0
subimage_E1	3417	0.3344594594594595	0.3852415761927419	0.20915342537119042	0.346031746031746	0.40809968847352024	0.2468354430379747	0.3693284193284193	0.4323529411764706	0.27436033089649864	113.0	132.0	79.0	32.0	52.0	20.0
subimage_D1	895	0.3298038766788767	0.3534514758497317	0.24501088973138663	0.34050179211469533	0.3948339483394834	0.2618296529968454	0.3675926267962026	0.4143346007604563	0.2883789523360075	102.0	120.0	79.0	24.0	39.0	16.0
subimage_C1	190	0.32410223732653637	0.3438198757763975	0.24026974951830443	0.33428599425137184	0.3936240709983727	0.2693454097066364	0.3665328805186786	0.41391058688746546	0.2939349832541475	115.0	138.0	91.0	22.0	41.0	21.0
subimage_B1	11141	0.3333333333333333	0.4014778325123153	0.17770034843205576	0.3469387755102041	0.45664739884393063	0.195906432748538	0.35546875	0.4707792207792208	0.2601010101010101	114.0	149.0	64.0	48.0	83.0	35.0
subimage_A1	7849	0.3357558447053845	0.39337704918032784	0.1840277777777778	0.34770114942528735	0.44785276073619634	0.20498614958448755	0.35782747603833864	0.46287365103619516	0.2683587213044411	116.0	149.0	67.0	45.0	77.0	32.0
subimage_H2	9548	0.34598543927064496	0.3922902494331066	0.19143307593307593	0.36585365853658536	0.4254429562973039	0.2084507042253521	0.37447698744769875	0.4475920679886686	0.25548392266561765	172.0	197.0	97.0	71.0	95.0	27.0
subimage_G2	9488	0.3365695792880259	0.4017653620773077	0.18487394957983194	0.3520408163265306	0.4461942257217848	0.20125786163522014	0.36303630363036304	0.45879120879120877	0.2523288767739702	129.0	164.0	74.0	54.0	85.0	34.0
subimage_F2	5541	0.34017595307917886	0.39054726368159204	0.18584070796460178	0.3491686460807601	0.4360313315926893	0.21465968586387435	0.3681159420289855	0.4556213017751479	0.2621145374449339	130.0	162.0	79.0	50.0	82.0	32.0
subimage_E2	4377	0.328981656094634	0.3961352657004831	0.1881918819188192	0.3373493975903614	0.436241610738255	0.22699386503067484	0.3543307086614173	0.46441947565543074	0.2643211334120425	107.0	139.0	72.0	35.0	66.0	31.0
subimage_D2	11739	0.3361799217731421	0.402375415282392	0.17765042979942694	0.34916201117318435	0.45287958115183247	0.1977401129943503	0.35919540229885055	0.4670487106017192	0.25675675675675674	125.0	161.0	70.0	53.0	89.0	36.0
subimage_C2	9323	0.3353658536585366	0.39780399437075187	0.17664670658682635	0.3489010989010989	0.4548022598870056	0.19578313253012047	0.36082474226804123	0.46846846846846846	0.256837929389601	119.0	155.0	66.0	51.0	86.0	36.0
subimage_B2	8682	0.3344155844155844	0.39740588525398657	0.17717717717717718	0.3460490463215259	0.453781512605042	0.20055710306406685	0.3567251461988304	0.47058823529411764	0.2598961366724907	119.0	156.0	68.0	48.0	84.0	36.0
subimage_A2	5003	0.3302115024039338	0.39510837748176847	0.19565991025839394	0.34011627906976744	0.4362017804154303	0.22424242424242424	0.3502994011976048	0.4583041958041957	0.26814490583424516	112.0	144.0	74.0	38.0	70.0	32.0
subimage_H3	11877	0.3380281690140845	0.40033542976939207	0.18157894736842106	0.35475578406169667	0.44680851063829785	0.19910514541387025	0.3629032258064516	0.4601063829787234	0.2523435421802124	138.0	174.0	76.0	61.0	97.0	35.0
subimage_G3	1148	0.3354174856513877	0.35879977441640315	0.24134648370497427	0.34256055363321797	0.3978298406718468	0.2596491228070175	0.36391749681671787	0.4156734312686152	0.2822166006395876	101.0	117.0	77.0	25.0	41.0	17.0
subimage_F3	6239	0.33993399339933994	0.3905875835098582	0.19109947643979058	0.3545706371191136	0.43373493975903615	0.21212121212121213	0.3676092544987147	0.4498408187965375	0.2606380040212496	131.0	159.0	77.0	50.0	76.0	28.0
subimage_E3	2210	0.3324670392996809	0.3872134238310709	0.20193685306740722	0.34441087613293053	0.4263803680981595	0.22981366459627328	0.3577574571467135	0.4483511220580186	0.27086635446685875	111.0	138.0	75.0	37.0	63.0	26.0
subimage_D3	5209	0.3333333333333333	0.4	0.1799136690647482	0.3457142857142857	0.44574780058651026	0.20903954802259886	0.355596082404593	0.4664429530201342	0.25947158853421903	115.0	149.0	70.0	46.0	79.0	33.0
subimage_C3	10981	0.33658536585365856	0.3994910941475827	0.16510903426791276	0.349862258953168	0.4585635359116022	0.19101123595505617	0.36482084690553745	0.47692307692307695	0.2526041666666667	120.0	158.0	66.0	55.0	91.0	37.0
subimage_B3	5349	0.3355631378887193	0.3954748849814079	0.1793103448275862	0.34844192634560905	0.4472049689440994	0.2040133779264214	0.35786802030456855	0.4691780821917808	0.26341757134596006	113.0	145.0	67.0	46.0	79.0	32.0
subimage_A3	1513	0.3352714506624315	0.3533089199330892	0.2526446769883524	0.34256055363321797	0.38652482269503546	0.26997840172786175	0.379256605463502	0.3972787233061206	0.28452288635917156	101.0	115.0	80.0	22.0	35.0	13.0
subimage_H4	12798	0.34277486771072746	0.40330043093407875	0.1736842105263158	0.35731414868105515	0.44902912621359226	0.19365079365079366	0.3648960739030023	0.46757679180887374	0.24934485462044517	140.0	176.0	75.0	63.0	99.0	35.0
subimage_G4	2317	0.3395462144733699	0.3736500059080704	0.22154930645039037	0.35081967213114756	0.40923076923076923	0.24096385542168675	0.375	0.4215754594520735	0.2695214105793451	113.0	131.0	77.0	35.0	54.0	19.0
subimage_F4	1105	0.33448275862068966	0.35543834555098636	0.24359630523262898	0.3425076452599388	0.39365079365079364	0.2627986348122867	0.3832549634273772	0.4033118279569892	0.2825434129781956	103.0	119.0	79.0	24.0	39.0	16.0
subimage_E4	3745	0.3407821229050279	0.36678649311707784	0.2085889570552147	0.35331230283911674	0.39156626506024095	0.2565789473684211	0.38233804914370806	0.4253466252057801	0.27586206896551724	115.0	127.0	82.0	31.0	43.0	13.0
subimage_D4	3713	0.3311897106109325	0.39504808676079395	0.1932545221478422	0.33881578947368424	0.43333333333333335	0.22796352583586627	0.35370336567489014	0.4567822558562146	0.2650273224043716	105.0	135.0	71.0	35.0	64.0	29.0
subimage_C4	4741	0.3315508021390374	0.39400921658986177	0.19434628975265017	0.3449367088607595	0.4273743016759777	0.22674418604651161	0.3641791044776119	0.45454545454545453	0.2647058823529412	114.0	142.0	75.0	39.0	66.0	28.0
subimage_B4	2290	0.34461525224424244	0.37660265966962847	0.21017189298043729	0.36	0.4144736842105263	0.22413793103448276	0.3826086956521739	0.4349336165693043	0.2665067474108772	122.0	136.0	75.0	45.0	60.0	18.0
subimage_A4	1275	0.3322854251815404	0.36425589485890997	0.24651578320428827	0.34415584415584416	0.38562091503267976	0.2698412698412698	0.36142510752532975	0.4066666666666667	0.2861597823398466	106.0	120.0	84.0	23.0	36.0	13.0
subimage_H5	1704	0.33447455732480286	0.3475614985330625	0.216308055628444	0.3431503968879777	0.39935064935064934	0.2578706456902921	0.3969079593842121	0.41603053435114506	0.28824614005099897	110.0	127.0	82.0	28.0	45.0	19.0
subimage_G5	5884	0.33647798742138363	0.4050632911392405	0.17090372217777985	0.34674922600619196	0.43661971830985913	0.21766561514195584	0.36933500950269244	0.4645355753832075	0.2515527950310559	112.0	142.0	69.0	41.0	70.0	29.0
subimage_F5	4271	0.3414933780787439	0.39245405322961946	0.19236835719485562	0.35428571428571426	0.4247787610619469	0.22	0.3734567901234568	0.44787004233992916	0.25860096267655647	126.0	151.0	78.0	48.0	73.0	25.0
subimage_E5	1817	0.3455614973262032	0.35933062007402033	0.2376307881684226	0.3611940298507463	0.38636363636363635	0.2514450867052023	0.3734229738956878	0.4	0.28282170010861485	125.0	134.0	86.0	38.0	47.0	9.0
subimage_D5	5140	0.3352932601612073	0.401001885902876	0.1790507676937638	0.34615384615384615	0.4475416558749892	0.20644251217671675	0.3531789164941339	0.4717607973421927	0.25822854360829045	116.0	150.0	70.0	47.0	81.0	34.0
subimage_C5	11606	0.3355048859934853	0.4051342100522428	0.17065101878154953	0.3523035230352303	0.4596100278551532	0.18825344952795933	0.3626062322946176	0.4732142857142857	0.2527482269503546	123.0	160.0	65.0	55.0	91.0	37.0
subimage_B5	1683	0.35812133072407043	0.3582858894630814	0.20354207480465672	0.37740384615384615	0.39896373056994816	0.22028985507246376	0.39323412174066247	0.42405955193619194	0.27734216852226723	153.0	161.0	89.0	62.0	71.0	8.0
subimage_A5	1849	0.34074074074074073	0.3664513356529936	0.21956261423079346	0.35051546391752575	0.412987012987013	0.23544303797468355	0.3675776696005055	0.42699724517906334	0.2745580199292832	137.0	161.0	91.0	45.0	68.0	24.0
subimage_H6	11131	0.34210526315789475	0.4	0.17579250720461095	0.3548387096774194	0.4529262086513995	0.19230769230769232	0.36284450063211127	0.4657142857142857	0.25234995586937337	134.0	171.0	72.0	60.0	96.0	36.0
subimage_G6	2947	0.34625537732540246	0.36589756097560977	0.19548289645392986	0.36085626911314983	0.42048517520215634	0.2177650429799427	0.37532133676092544	0.4406981382978723	0.2778711152510796	128.0	151.0	78.0	50.0	72.0	21.0
subimage_F6	2354	0.3333333333333333	0.3582118535858693	0.22727272727272727	0.34355828220858897	0.4067796610169492	0.24925816023738873	0.37557079366462603	0.4230769230769231	0.28125	114.0	136.0	83.0	32.0	51.0	21.5
subimage_E6	4765	0.3419354838709677	0.3818945054945055	0.18157181571815717	0.35625	0.4296875	0.21451104100946372	0.37823834196891193	0.44935064935064933	0.26717125921448126	129.0	154.0	76.0	49.0	75.0	26.0
subimage_D6	7060	0.3430635715498218	0.3885429651537001	0.1864406779661017	0.36181620352474625	0.4293126421620749	0.209366391184573	0.37897310513447435	0.445	0.26031034335860953	142.0	164.0	80.5	55.0	82.0	26.0
subimage_C6	2009	0.33951878137441577	0.38486868551520836	0.17647058823529413	0.35276073619631904	0.428169014084507	0.21763085399449036	0.36616639729084893	0.46717019417749345	0.2668352022426912	120.0	147.0	75.0	46.0	73.0	27.0
subimage_B6	1934	0.3408835135925168	0.3609465111160026	0.24268502307814738	0.3501683501683502	0.3952702702702703	0.2550335570469799	0.3702460470413035	0.40327868852459015	0.2783559742346024	106.0	120.0	77.0	29.0	42.0	14.0
subimage_A6	1393	0.3333333333333333	0.3525285605483625	0.21359274289806637	0.34551495016611294	0.419672131147541	0.234375	0.3771414792935077	0.4393091334894613	0.2871109631155475	102.0	124.0	69.0	34.0	55.0	22.0
subimage_H7	9795	0.3393616152375974	0.3503575152688813	0.15592060320938328	0.34967320261437906	0.45454545454545453	0.19637462235649547	0.3653170804153862	0.4870848708487085	0.29008415183805325	116.0	152.0	65.0	50.0	84.0	35.0
subimage_G7	4917	0.335322296583304	0.38599659419428933	0.17519810389901025	0.3451086956521739	0.43613707165109034	0.21967213114754097	0.3675270277919285	0.4604984443938556	0.270026745454721	119.0	151.0	75.0	44.0	75.0	31.0
subimage_F7	10518	0.33935471616194507	0.4009200843979299	0.17721518987341772	0.35097493036211697	0.45321637426900585	0.1951219512195122	0.36363636363636365	0.46607669616519176	0.2522049689440993	126.0	162.0	70.0	55.0	89.0	36.0
subimage_E7	4297	0.34097421203438394	0.3907377201494849	0.18088737201365188	0.35093167701863354	0.4472934472934473	0.20168067226890757	0.3631123919308357	0.4669402163946451	0.2624403578528827	121.0	154.0	70.0	50.0	84.0	33.0
subimage_D7	6425	0.34099497773145077	0.3803859546190835	0.19072164948453607	0.3602015113350126	0.4169184290030212	0.22492401215805471	0.3852003023431595	0.4363143631436314	0.26639638153611084	132.0	148.0	79.0	48.0	66.0	21.0
subimage_C7	7098	0.34041878458009084	0.3990129356411926	0.17777777777777778	0.35405405405405405	0.4491315136476427	0.19713773681515617	0.3648009400610638	0.4639175257731959	0.25409585758747766	129.0	163.0	70.0	55.0	87.0	34.0
subimage_B7	6047	0.3333333333333333	0.3966906139341037	0.17915409615309916	0.3575757575757576	0.44416243654822335	0.20380434782608695	0.37025962283647634	0.4576719576719577	0.2578303840241873	136.0	167.0	75.0	58.0	86.0	33.0
subimage_A7	9974	0.33591035579407674	0.39436619718309857	0.19141914191419143	0.3473053892215569	0.44129554655870445	0.21153846153846154	0.36059873831249295	0.45600912052117265	0.2614771169461141	114.0	145.0	69.0	45.0	75.0	31.0
subimage_H8	8751	0.3373134328358209	0.4004944564646057	0.1770662568306011	0.3467048710601719	0.45454545454545453	0.19865319865319866	0.36258966585491115	0.46865671641791046	0.2537688442211055	120.0	156.0	68.0	50.0	86.0	36.0
subimage_G8	2522	0.33009864326611904	0.372049274454536	0.22807250221043324	0.3396825396825397	0.4	0.2588996763754045	0.3737598244360518	0.4158730158730159	0.2808209365309887	111.0	131.0	85.0	26.0	46.0	20.0
subimage_F8	14324	0.3359375	0.40186915887850466	0.1745152354570637	0.3507246376811594	0.45481049562682213	0.1939799331103679	0.36239782016348776	0.4699140401146132	0.25706706671013485	126.0	163.0	69.0	55.0	91.0	36.0
subimage_E8	6267	0.3426496262142441	0.39056702852814945	0.1826086956521739	0.3541666666666667	0.44126074498567336	0.20298507462686566	0.3697478991596639	0.4602739726027397	0.26077097505668934	134.0	168.0	76.0	56.0	88.0	33.0
subimage_D8	3271	0.33774834437086093	0.359148196436332	0.21518987341772153	0.34890965732087226	0.4036697247706422	0.24761904761904763	0.38484406749712874	0.42194611410903926	0.2753249394494056	114.0	130.0	79.0	33.0	50.0	18.0
subimage_C8	4084	0.3342402471709351	0.3695652173913043	0.21452061967585792	0.3470031545741325	0.41033434650455924	0.24352975105124103	0.37089582757667866	0.43333333333333335	0.27684339271153857	116.0	137.0	81.0	35.0	55.0	22.0
subimage_B8	1305	0.34121621621621623	0.3485450531808148	0.2387159678991975	0.3498233215547703	0.38461538461538464	0.26501766784452296	0.39447062301125	0.3957597173144876	0.28819480423358745	103.0	115.0	78.0	25.0	35.0	11.0
subimage_A8	3232	0.33636363636363636	0.3556120092378753	0.204976148409894	0.34935897435897434	0.39747634069400634	0.25477707006369427	0.37450891415034837	0.4264264264264264	0.28178035574048305	107.0	122.0	78.0	29.0	44.0	15.0
subimage_H9	1240	0.3421883196363001	0.3475919525238033	0.23809523809523808	0.352112676056338	0.3905109489051095	0.2553191489361702	0.3806484362207303	0.4105960264900662	0.2866112047759874	101.0	114.0	72.0	29.0	38.0	11.0
subimage_G9	9047	0.3385579937304075	0.3876265715256541	0.15977190593411197	0.34967320261437906	0.45652173913043476	0.19471947194719472	0.3633180652709666	0.4812903628365518	0.2621359223300971	118.0	153.0	65.0	49.0	83.0	35.0
subimage_F9	11978	0.34035087719298246	0.4047535014005602	0.16720105084848916	0.35384615384615387	0.45789473684210524	0.1871508379888268	0.36507936507936506	0.4749262536873156	0.24893366184496368	126.0	162.0	67.0	59.0	95.0	37.0
subimage_E9	3084	0.3555607315389924	0.3473344103392569	0.2132701421800948	0.3730834752981261	0.3680640971771267	0.25447672388607423	0.38603582860248825	0.4132420091324201	0.2910220432573337	192.0	190.0	131.0	62.0	58.0	-2.0
subimage_D9	5149	0.3394495412844037	0.36799463868134374	0.1932898066289713	0.36272040302267	0.41423948220064727	0.2280130293159609	0.3882728410513141	0.4330134173709592	0.2715111923526415	128.0	140.0	76.0	44.0	60.0	18.0
subimage_C9	2831	0.3377049180327869	0.367379539675295	0.2074772886093641	0.34797297297297297	0.4025157232704403	0.24919093851132687	0.39359565923267537	0.4143835616438356	0.2779421433267587	110.0	128.0	79.0	32.0	49.0	18.0
subimage_B9	2011	0.3441899710703954	0.35200896860986547	0.2239333722969024	0.3562091503267974	0.39215686274509803	0.2515151515151515	0.3914170506912442	0.40728476821192056	0.2860023041474654	114.0	126.0	80.0	34.0	45.0	12.0
subimage_A9	469	0.33025823989126746	0.34399145158638833	0.20546819787985865	0.3616504854368932	0.3701149425287356	0.2682926829268293	0.44025157232704404	0.3974836757445453	0.2959830866807611	129.0	128.0	91.0	32.0	37.0	0.0
subimage_H10	9741	0.33915211970074816	0.35384615384615387	0.17647058823529413	0.3532608695652174	0.4525993883792049	0.19597989949748743	0.36416184971098264	0.4664804469273743	0.27801724137931033	129.0	165.0	70.0	53.0	87.0	35.0
subimage_G10	1464	0.3422909486667876	0.35073553200620644	0.24590959732611808	0.35112110842566224	0.38625456667891656	0.26148409893992935	0.3768586081090384	0.40142990559846536	0.28340419501133784	104.0	115.0	77.0	27.0	37.0	11.0
subimage_F10	6871	0.3342776886035313	0.391600655981187	0.17647058823529413	0.3460559796437659	0.4410112359550562	0.21176470588235294	0.3633677281933096	0.4694205656539143	0.26550567546569137	116.0	148.0	70.0	45.0	77.0	32.0
subimage_E10	1238	0.35620843471208435	0.34328358208955223	0.27627627627627627	0.3662182361733931	0.3472429210134128	0.2863372093023256	0.375	0.3500114155251141	0.29958815702842095	245.0	232.0	192.0	54.0	41.0	-13.0
subimage_D10	9490	0.3445378151260504	0.38268442753337323	0.18953351914331817	0.36666666666666664	0.4277286135693215	0.20846413493805172	0.382165435139573	0.4444444444444444	0.2584163440657162	150.0	172.0	82.0	62.0	83.0	24.0
subimage_C10	1632	0.3344594594594595	0.34767831783644826	0.2563176895306859	0.34285714285714286	0.3843537414965986	0.27145311732940597	0.3781395952257395	0.3961123680241327	0.2906640359852897	99.0	112.0	79.0	21.0	33.0	12.0
subimage_B10	998	0.3323851426152644	0.36739485849588455	0.25	0.3404255319148936	0.3944099378881988	0.2633392645314353	0.36186770428015563	0.40790186205586165	0.2825039446534774	108.0	125.0	83.0	24.0	40.0	18.0
subimage_A10	1008	0.34311868686868685	0.36184254606365157	0.2465277777777778	0.3535031847133758	0.3848684210526316	0.26264224523718194	0.36319551877062706	0.3973509933774834	0.28140663274919914	107.0	118.0	80.0	28.0	37.0	10.0
subimage_H11	967	0.3310810810810811	0.3652067024168511	0.22911363636363635	0.3442622950819672	0.4027777777777778	0.25477707006369427	0.3676481799123308	0.41779470079307857	0.28426189859203593	104.0	122.0	77.0	28.0	45.0	18.0
subimage_G11	13403	0.3388254739912494	0.4108177862989455	0.1695906432748538	0.353099730458221	0.4558011049723757	0.1917808219178082	0.36245520297126477	0.4697938809142802	0.24352331606217617	127.0	163.0	68.0	57.0	94.0	36.0
subimage_F11	785	0.35168905168905173	0.34729035658686674	0.23847904915390813	0.35864978902953587	0.3691275167785235	0.2697841726618705	0.387523669261519	0.38716907210555124	0.2914322361841819	103.0	108.0	79.0	26.0	30.0	3.0
subimage_E11	2911	0.34686839949997844	0.3788894350358223	0.1988715940921823	0.35883905013192613	0.42574257425742573	0.21568627450980393	0.3673195819882913	0.4396219306799043	0.27450438429279456	139.0	165.0	83.0	55.0	80.0	26.0
subimage_D11	6292	0.3421721900866064	0.3809023141967067	0.18670886075949367	0.3518005540166205	0.43283582089552236	0.21551724137931033	0.37119901782006604	0.4551083591331269	0.27058542232960836	126.0	155.0	76.0	48.0	76.0	29.0
subimage_C11	10044	0.33427085654263616	0.39648071451327627	0.18206521739130435	0.3514285714285714	0.44846796657381616	0.20159151193633953	0.361579160455658	0.46089385474860334	0.2608695652173913	128.0	163.0	72.0	53.0	86.0	35.0
subimage_B11	749	0.3389878886060326	0.3584905660377358	0.21875	0.35106382978723405	0.410828025477707	0.2391304347826087	0.36856300456300456	0.4275618374558304	0.2830188679245283	110.0	129.0	75.0	35.0	53.0	19.0
subimage_A11	713	0.3357041898031297	0.3451382416899658	0.23017034700315459	0.3498233215547703	0.3908450704225352	0.2549019607843137	0.3939206932773109	0.4098939929328622	0.2946714736963964	107.0	121.0	78.0	30.0	41.0	14.0
subimage_H12	822	0.33069384288747344	0.34226973633519797	0.2392678266116866	0.3443779108449767	0.3872053872053872	0.2677966101694915	0.3900508720067434	0.4097297917747188	0.2999851632047477	121.0	137.0	93.0	29.0	41.0	16.0
subimage_G12	625	0.3289806795469687	0.34739283481922556	0.2127528040272013	0.34285714285714286	0.4201954397394137	0.23659305993690852	0.4004359673024523	0.437378640776699	0.29156773309177775	116.0	142.0	80.0	35.0	60.0	26.0
subimage_F12	2227	0.33448275862068966	0.38269190978688183	0.2229299363057325	0.35185185185185186	0.4106145251396648	0.23863636363636365	0.36363636363636365	0.42160278745644597	0.2710989622880284	121.0	141.0	82.0	39.0	59.0	20.0
subimage_E12	3153	0.3382352941176471	0.35353824956690005	0.23136084284460054	0.35144927536231885	0.3920265780730897	0.2565789473684211	0.38088218088218084	0.4069547355293082	0.28058994279859983	106.0	118.0	77.0	29.0	41.0	12.0
subimage_D12	12305	0.3440289482811958	0.40245121951219515	0.17597765363128492	0.3584905660377358	0.44879518072289154	0.19329896907216496	0.366412213740458	0.46153846153846156	0.24873096446700507	132.0	165.0	70.0	60.0	92.0	32.0
subimage_C12	1640	0.3333333333333333	0.3543900489089541	0.24344446087127933	0.34169278996865204	0.3980891719745223	0.2599388379204893	0.3767348438166564	0.4056648984266683	0.28358738223774743	108.0	126.0	82.0	26.0	43.0	18.0
subimage_B12	8320	0.3419354838709677	0.34545454545454546	0.17796610169491525	0.35522388059701493	0.4497280600632556	0.19696969696969696	0.36724350787569177	0.46226415094339623	0.29121851257927756	125.0	158.0	68.0	54.0	85.0	33.0
subimage_A12	577	0.32504052239151576	0.34902777977379534	0.2289980732177264	0.3382352941176471	0.3945578231292517	0.265993265993266	0.41138446373227955	0.40978676198693453	0.2910802139037432	97.0	115.0	77.0	21.0	37.0	16.0