subimage	all_plant_pixels	ratio_r_q5	ratio_g_q5	ratio_b_q5	ratio_r_median	ratio_g_median	ratio_b_median	ratio_r_q95	ratio_g_q95	ratio_b_q95	pix_r_median	pix_g_median	pix_b_	diff_rb_median	diff_gb_median	diff_gr_median
subimage_H1	2939	0.35478260869565215	0.33729216152019004	0.2775735294117647	0.3645833333333333	0.3454861111111111	0.28975265017667845	0.3741362225629137	0.3497422088363664	0.3062200956937799	209.0	198.0	166.0	43.0	32.0	-11.0
subimage_G1	3755	0.3547008547008547	0.33796296296296297	0.1950571417650881	0.37115839243498816	0.36103151862464183	0.26306306306306304	0.3901406833189779	0.42455242966751916	0.3051350418770978	175.0	177.0	129.0	55.0	49.0	-4.0
subimage_F1	3425	0.35476718403547675	0.34215401146968477	0.2633949383949384	0.36724137931034484	0.34657039711191334	0.2849557522123894	0.3796220710506425	0.3612789540997584	0.30210772833723654	205.0	192.0	157.0	46.0	35.0	-12.0
subimage_E1	2566	0.3543046357615894	0.34235668789808915	0.2723735408560311	0.3648424543946932	0.3452991452991453	0.28986750192656674	0.37654518520649216	0.35145631067961164	0.30211093934040045	212.0	201.0	169.0	43.0	32.0	-11.0
subimage_D1	11291	0.34210526315789475	0.3812200435729848	0.16666666666666666	0.35545023696682465	0.43478260869565216	0.209375	0.375	0.46579804560260585	0.2697521419828641	123.0	150.0	74.0	48.0	76.0	26.0
subimage_C1	13569	0.3470057562190729	0.3843243997766611	0.18994413407821228	0.3577023498694517	0.43467336683417085	0.2066869300911854	0.36639118457300274	0.449468085106383	0.26535626535626533	134.0	162.0	77.0	55.0	83.0	28.0
subimage_B1	11694	0.3435976424838984	0.3858691915122213	0.1625129160235231	0.36	0.4343163538873995	0.20159151193633953	0.37770897832817335	0.4728682170542636	0.26518193499002163	125.0	151.0	72.0	52.0	78.0	25.0
subimage_A1	9745	0.34673366834170855	0.38461538461538464	0.16613418530351437	0.36134453781512604	0.43535620052770446	0.2012012012012012	0.3731987396428988	0.4662379421221865	0.26635287728270457	126.0	152.0	71.0	55.0	82.0	26.0
subimage_H2	2159	0.3544520547945205	0.3405909797822706	0.27452678571428574	0.3579454253611557	0.3425925925925926	0.2996632996632997	0.3757852051020931	0.3497704173760512	0.30393700787401573	219.0	209.0	182.0	36.0	26.0	-10.0
subimage_G2	6626	0.3545119543869494	0.3726488339388257	0.1972972972972973	0.36619718309859156	0.4065934065934066	0.2275132275132275	0.3841052131575823	0.4257703081232493	0.2644020957222329	135.0	150.0	82.0	50.0	65.0	15.0
subimage_F2	2795	0.3556869903662126	0.34418604651162793	0.23125936830835117	0.3657331136738056	0.35147392290249435	0.282793867120954	0.3842822573915946	0.3865546218487395	0.2986217457886677	208.0	199.0	158.0	47.0	38.0	-8.0
subimage_E2	2071	0.3546755416162408	0.3431766259727279	0.25635103926096997	0.3611111111111111	0.3464163822525597	0.29187396351575456	0.37577645076798427	0.37100423295869217	0.3014354066985646	216.0	208.0	177.0	41.0	33.0	-8.0
subimage_D2	9341	0.3486005089058524	0.3830227743271222	0.1748768472906404	0.3631578947368421	0.42702702702702705	0.20681265206812652	0.37945492662473795	0.45614035087719296	0.26609442060085836	145.0	169.0	83.0	59.0	85.0	24.0
subimage_C2	11153	0.35135135135135137	0.3874709976798144	0.15544041450777202	0.3656509695290859	0.4369747899159664	0.19718309859154928	0.38181818181818183	0.46788990825688076	0.2607128844046982	137.0	163.0	73.0	61.0	89.0	26.0
subimage_B2	17875	0.3448275862068966	0.39853300733496333	0.18904109589041096	0.35509138381201044	0.43636363636363634	0.2064343163538874	0.3661413910269745	0.45507246376811594	0.25235849056603776	134.0	165.0	78.0	56.0	86.0	31.0
subimage_A2	6086	0.3431952662721893	0.39085395736339135	0.19374205187353977	0.3515151515151515	0.43613707165109034	0.21246458923512748	0.3589567966280295	0.45040533720270015	0.2635567715458277	120.0	149.0	72.0	46.0	74.0	28.0
subimage_H3	3927	0.35103244837758113	0.35260115606936415	0.18717948717948718	0.36253776435045315	0.3981762917933131	0.24225352112676057	0.3958851246816045	0.42930591259640105	0.2823061497326203	130.0	142.0	85.0	42.0	55.0	13.0
subimage_G3	1175	0.35426731078904994	0.3407917383820998	0.29228934087781006	0.35802469135802467	0.3424	0.2988929889298893	0.36363636363636365	0.3469387755102041	0.30412371134020616	213.0	203.0	178.0	35.0	26.0	-9.0
subimage_F3	3085	0.3552	0.34210526315789475	0.26666666666666666	0.362095531587057	0.3445635528330781	0.2934232715008432	0.38227678118982467	0.3526200372459583	0.30185706305243315	222.0	211.0	180.0	43.0	32.0	-11.0
subimage_E3	6076	0.3551360589148311	0.3441178413278547	0.2562382775224578	0.367601246105919	0.34789915966386553	0.2840499243765916	0.3835616438356164	0.3623829534116202	0.2994768666861592	213.0	202.0	164.0	49.0	38.0	-10.0
subimage_D3	7921	0.34592445328031807	0.3847583643122677	0.1913265306122449	0.35845213849287166	0.42857142857142855	0.21298701298701297	0.3680851063829787	0.44662921348314605	0.26247288503253796	149.0	177.0	89.0	59.0	88.0	29.0
subimage_C3	9449	0.34838709677419355	0.3818984547461369	0.16579492773384238	0.3609467455621302	0.43026706231454004	0.20580474934036938	0.3774933774834437	0.4611150755483851	0.26803194947524844	139.0	164.0	80.0	58.0	85.0	25.0
subimage_B3	9157	0.34553589700656734	0.3856812933025404	0.16666666666666666	0.3609467455621302	0.43380281690140843	0.20448179271708683	0.3738601823708207	0.4664310954063604	0.2651162790697674	127.0	153.0	72.0	54.0	81.0	25.0
subimage_A3	8479	0.34375	0.38207547169811323	0.17252396166134185	0.35514018691588783	0.43478260869565216	0.2099125364431487	0.3698224852071006	0.4629080118694362	0.2707317073170732	125.0	153.0	73.0	50.0	78.0	27.0
subimage_H4	3233	0.3520426035502959	0.3657640931271873	0.20435967302452315	0.3674698795180723	0.39767441860465114	0.23391812865497075	0.39195979899497485	0.4166666666666667	0.269543997426597	150.0	162.0	94.0	55.0	68.0	12.0
subimage_G4	2129	0.3554556113289122	0.342443729903537	0.25565610859728505	0.3667334669338677	0.34615384615384615	0.2854757929883139	0.37922705314009664	0.3733212669683258	0.30098684210526316	211.0	198.0	165.0	46.0	35.0	-11.0
subimage_F4	4729	0.35758513931888547	0.3442367601246106	0.19951923076923078	0.37254901960784315	0.3492822966507177	0.2735674676524954	0.3886363636363636	0.41784037558685444	0.29609095554420023	228.0	214.0	169.0	60.0	47.0	-12.0
subimage_E4	2652	0.3550901046751012	0.3421903550664452	0.2572520086120884	0.36923076923076925	0.34782608695652173	0.28157920676186843	0.38634226884226885	0.36414048059149723	0.3006535947712418	218.0	205.0	164.0	51.0	39.0	-11.0
subimage_D4	10054	0.3446808510638298	0.38264454453534336	0.16283993636845692	0.3547297297297297	0.44062912269129284	0.2028169014084507	0.3726541554959786	0.47096774193548385	0.26967066265593204	126.0	155.0	71.0	52.0	82.0	29.0
subimage_C4	7235	0.34631768504719324	0.3976104417670683	0.17905405405405406	0.3561253561253561	0.4435028248587571	0.1994219653179191	0.36443148688046645	0.46179401993355484	0.25214094558429967	124.0	154.0	69.0	53.0	83.0	30.0
subimage_B4	13735	0.34579439252336447	0.3925837991841316	0.18701298701298702	0.3565459610027855	0.43820224719101125	0.20476190476190476	0.36615384615384616	0.45377136215129427	0.2579869408636532	130.0	159.0	75.0	54.0	83.0	30.0
subimage_A4	10197	0.34408602150537637	0.38425704941218064	0.16358024691358025	0.3523809523809524	0.43137254901960786	0.21690140845070421	0.3741976060052749	0.46557377049180326	0.2679738562091503	127.0	154.0	77.0	47.0	76.0	27.0
subimage_H5	2993	0.3559174006365184	0.3566265060240964	0.19530767505649765	0.3670212765957447	0.3955431754874652	0.2340966921119593	0.3884057971014493	0.42370205173951825	0.2834504475157833	148.0	161.0	94.0	53.0	63.0	9.0
subimage_G5	5140	0.3511104144897248	0.3490555937133853	0.19476744186046513	0.36292014416173923	0.4010152284263959	0.23652694610778444	0.3877551020408163	0.4349170929027513	0.29051516931951715	132.0	148.0	84.0	45.0	57.0	13.0
subimage_F5	1396	0.3544093178036606	0.3416830090131505	0.2804551393728223	0.3590551181102362	0.34390651085141904	0.2962962962962963	0.37305699481865284	0.3485933223864258	0.3029807822262884	217.0	206.0	177.0	38.0	29.0	-9.0
subimage_E5	596	0.35426731078904994	0.3415435139573071	0.28665300055272636	0.3587662337662338	0.3434182845947552	0.29775266423432895	0.3679286283571631	0.345976440321849	0.303747909089514	224.0	214.0	184.0	38.0	28.0	-10.0
subimage_D5	9992	0.3466666666666667	0.38461538461538464	0.18401937046004843	0.3611111111111111	0.42696629213483145	0.21040969366221376	0.3751264044943817	0.44669246185579076	0.2654576453514922	144.0	169.0	83.0	58.0	85.0	25.0
subimage_C5	13271	0.3466666666666667	0.3804573804573805	0.16666666666666666	0.3640661938534279	0.4315245478036176	0.2034313725490196	0.3780958222585702	0.4620253164556962	0.26666666666666666	140.0	165.0	79.0	60.0	87.0	26.0
subimage_B5	9261	0.3469945355191257	0.39101123595505616	0.18926553672316385	0.35816618911174786	0.4318181818181818	0.2091346153846154	0.36705882352941177	0.45125348189415043	0.25968109339407747	138.0	167.0	80.0	57.0	85.0	28.0
subimage_A5	7323	0.34423013269942526	0.3895334400459685	0.18333333333333332	0.3544973544973545	0.4358288770053476	0.21037463976945245	0.3633217993079585	0.45619797669355866	0.2630108848314606	123.0	152.0	73.0	50.0	78.0	28.0
subimage_H6	3216	0.3548387096774194	0.3515358615863373	0.19951188378699075	0.3677358833141681	0.375560583207642	0.258099503183822	0.38518990929705216	0.41731314259707486	0.2897634432560903	165.0	172.0	115.0	50.0	53.0	4.0
subimage_G6	1599	0.35467980295566504	0.3424190800681431	0.2854785478547855	0.36007462686567165	0.34477124183006536	0.2946127946127946	0.3694581280788177	0.34980988593155893	0.3023683783783784	219.0	209.0	178.0	39.0	30.0	-9.0
subimage_F6	2915	0.35431654676258995	0.3462214411247803	0.20100658584044304	0.3690248565965583	0.35877862595419846	0.27037037037037037	0.3946731234866828	0.41766989380354536	0.2959890495488945	186.0	184.0	137.0	51.0	45.0	-2.0
subimage_E6	4170	0.35467352415026837	0.3551587301587302	0.1992084924435818	0.3700980392156863	0.3893805309734513	0.2372093023255814	0.39075855250148306	0.4260204081632653	0.2857142857142857	160.0	170.0	100.0	57.0	64.0	6.0
subimage_D6	7508	0.3402061855670103	0.38717339667458434	0.1828097416145081	0.3514285714285714	0.43425076452599387	0.21428571428571427	0.36141304347826086	0.46322415329768274	0.26588235294117646	124.0	153.0	75.0	47.0	75.0	28.0
subimage_C6	8305	0.34945054945054943	0.38611713665943603	0.17711794472557416	0.3634085213032581	0.42718446601941745	0.20844327176781002	0.375	0.45159503172191934	0.2646420824295011	143.0	168.0	82.0	60.0	86.0	25.0
subimage_B6	7839	0.34100045780233584	0.38344226579520696	0.1870748299319728	0.3521505376344086	0.4341736694677871	0.21311475409836064	0.36056473456121346	0.45666666666666667	0.27253668763102723	128.0	157.0	77.0	49.0	79.0	29.0
subimage_A6	10262	0.34660421545667447	0.3827956989247312	0.1490066225165563	0.3597560975609756	0.4397590361445783	0.1994219653179191	0.3772893772893773	0.4779396999763761	0.2675424628450106	124.0	152.0	69.0	53.0	81.0	26.0
subimage_H7	4554	0.3451692647394127	0.388576021395243	0.17404129793510326	0.36086529965174907	0.41919191919191917	0.2198229526880885	0.3803119329473775	0.4470588235294118	0.2637450851900393	137.0	160.0	84.0	53.0	76.0	22.0
subimage_G7	7725	0.34295585631888525	0.38478747203579416	0.16367359602854484	0.35403726708074534	0.4329608938547486	0.2125748502994012	0.3737704918032787	0.46885245901639344	0.26666666666666666	127.0	155.0	77.0	51.0	80.0	28.0
subimage_F7	5607	0.34566022544283415	0.39443155452436196	0.19032258064516128	0.3531073446327684	0.43529411764705883	0.21153846153846154	0.3622806496188764	0.4521653034868704	0.255704294549448	124.0	152.0	74.0	49.0	77.0	28.0
subimage_E7	7860	0.34293948126801155	0.3832957579073475	0.16455696202531644	0.35294117647058826	0.4305555555555556	0.21902017291066284	0.37666666666666665	0.4673913043478261	0.2676991150442478	125.0	152.0	76.0	46.0	74.0	27.0
subimage_D7	5893	0.34623949837117596	0.3835051546391753	0.17775419982316534	0.36159600997506236	0.421875	0.21621621621621623	0.37826265327518876	0.4527687296416938	0.2663859636938196	141.0	164.0	85.0	57.0	80.0	23.0
subimage_C7	10352	0.3460410557184751	0.3854289346895075	0.15384615384615385	0.36	0.4263565891472868	0.21478060046189376	0.3810772793253612	0.46758403361344525	0.26419213973799127	133.0	158.0	80.0	54.0	79.0	25.0
subimage_B7	7470	0.3442622950819672	0.3888888888888889	0.16796641221374048	0.3531073446327684	0.4301369863013699	0.21721681096681097	0.3685761760897712	0.4664310954063604	0.26103962276665915	126.0	153.0	78.0	48.0	75.0	27.0
subimage_A7	11285	0.34705882352941175	0.385239909790808	0.18413597733711048	0.3561643835616438	0.4378531073446328	0.20533333333333334	0.36787564766839376	0.45609065155807366	0.26455371124334476	128.0	158.0	73.0	54.0	81.0	29.0
subimage_H8	8270	0.341343836615609	0.39046915068430843	0.17080745341614906	0.35276073619631904	0.4421867012701034	0.20422411801722146	0.3669119187264348	0.4660493827160494	0.2638237694804578	117.0	146.0	68.0	47.0	75.0	29.0
subimage_G8	8824	0.3445378151260504	0.3934540072859745	0.16814126917123962	0.35276967930029157	0.43561643835616437	0.21108179419525067	0.3699401271952212	0.4666666666666667	0.2576832151300236	128.0	158.0	76.0	51.0	82.0	30.0
subimage_F8	4561	0.3467048710601719	0.38247863247863245	0.17535545023696683	0.35910224438902744	0.4261501210653753	0.21584699453551912	0.3858447488584475	0.4492753623188406	0.26452905811623245	145.0	170.0	86.0	56.0	83.0	27.0
subimage_E8	5491	0.34402332361516036	0.39038821071153634	0.1858974358974359	0.35376044568245124	0.438871473354232	0.2070063694267516	0.36488168782058483	0.4554140127388535	0.2618482011675101	121.0	149.0	70.0	49.0	78.0	29.0
subimage_D8	9311	0.34615384615384615	0.38308881119799076	0.16023738872403562	0.35891647855530473	0.4219114219114219	0.21983914209115282	0.37912786958588485	0.4666666666666667	0.26269315673289184	135.0	160.0	83.0	53.0	78.0	25.0
subimage_C8	12743	0.35267857142857145	0.3917525773195876	0.17435897435897435	0.36155606407322655	0.42710997442455245	0.21176470588235294	0.37787554121347894	0.45197446621175436	0.25245098039215685	149.0	176.0	86.0	61.0	88.0	27.0
subimage_B8	8545	0.3457142857142857	0.38593498672053267	0.1863905325443787	0.3548387096774194	0.43271767810026385	0.21148825065274152	0.3696687314839752	0.45294117647058824	0.26327433628318586	134.0	163.0	80.0	54.0	84.0	29.0
subimage_A8	13423	0.3442622950819672	0.392695043800341	0.1826086956521739	0.3546099290780142	0.4437869822485207	0.2005813953488372	0.36513068263301307	0.4608433734939759	0.25806451612903225	124.0	154.0	69.0	53.0	82.0	31.0
subimage_H9	9994	0.34076184869419657	0.39012345679012345	0.16306187522703727	0.35240963855421686	0.4429530201342282	0.2052980132450331	0.3669832885429216	0.47474747474747475	0.26307682713893743	116.0	146.0	67.0	47.0	75.0	29.0
subimage_G9	4609	0.3455587846166024	0.3836245983981176	0.1699613881017556	0.35816618911174786	0.422680412371134	0.21739130434782608	0.37790697674418605	0.45272206303724927	0.26773455377574373	139.0	163.0	84.0	54.0	79.0	24.0
subimage_F9	8046	0.3435754189944134	0.375	0.1727158311663073	0.35469596510786444	0.430939226519337	0.21412032694626826	0.38071643140928324	0.45714285714285713	0.26843410498033565	129.0	156.0	77.0	49.0	78.0	26.0
subimage_E9	6850	0.34464751958224543	0.38205559099160985	0.1705419800104394	0.3558139534883721	0.43169398907103823	0.21264367816091953	0.3763440860215054	0.4589939708007374	0.2675736961451247	130.0	156.0	77.0	51.0	79.0	27.0
subimage_D9	7309	0.34430379746835443	0.3878672310464775	0.16615756448989077	0.35511363636363635	0.43271767810026385	0.21311475409836064	0.3761194029850746	0.4634920634920635	0.2627932306992018	130.0	158.0	77.0	52.0	80.0	28.0
subimage_C9	10071	0.347953216374269	0.39241893947679796	0.17887370955820997	0.3556701030927835	0.43874643874643876	0.2050561797752809	0.3717948717948718	0.45714285714285713	0.25662815637222214	133.0	163.0	75.0	56.0	86.0	30.0
subimage_B9	11181	0.3416149068322981	0.39433551198257083	0.17964071856287425	0.3524590163934426	0.43626062322946174	0.21142857142857144	0.3639344262295082	0.4625	0.25806451612903225	125.0	155.0	74.0	50.0	79.0	30.0
subimage_A9	10848	0.3425076452599388	0.39303482587064675	0.18209876543209877	0.35093167701863354	0.4397590361445783	0.20915032679738563	0.364448610769609	0.45964912280701753	0.25978163992869874	119.0	149.0	70.0	48.0	77.0	29.0
subimage_H10	9517	0.3436123348017621	0.3808411214953271	0.16387959866220736	0.35443037974683544	0.4365781710914454	0.20958083832335328	0.376865671641791	0.46601941747572817	0.2681925133689839	119.0	148.0	70.0	48.0	76.0	28.0
subimage_G10	6124	0.34210526315789475	0.38850803075283546	0.1892744479495268	0.35311572700296734	0.4406779661016949	0.2057142857142857	0.36038961038961037	0.45569620253164556	0.264480504611029	122.0	152.0	71.0	50.0	80.0	30.0
subimage_F10	8955	0.3463898894547261	0.3853149710876361	0.19287833827893175	0.358695652173913	0.4252577319587629	0.21212121212121213	0.37822349570200575	0.44668587896253603	0.2610757059032921	131.0	156.0	77.0	54.0	77.0	23.0
subimage_E10	5531	0.346072186836518	0.3823852617970265	0.16853932584269662	0.3544600938967136	0.42857142857142855	0.21584699453551912	0.3778409090909091	0.45671641791044776	0.26881720430107525	133.0	159.0	80.0	51.0	79.0	25.0
subimage_D10	7683	0.34561280243969894	0.3842696629213483	0.16723549488054607	0.3545232273838631	0.42382271468144045	0.2219178082191781	0.3746130030959752	0.46024480037238424	0.26710675270277917	134.0	161.0	84.0	50.0	77.0	25.0
subimage_C10	5787	0.3426744279729294	0.39203101154486886	0.18329581993569133	0.3547400611620795	0.44108761329305135	0.20454545454545456	0.3631802623710094	0.45775862068965517	0.25861337606636187	118.0	147.0	68.0	50.0	79.0	29.0
subimage_B10	4045	0.3484848484848485	0.3820595074426736	0.16944444444444445	0.36049382716049383	0.42933333333333334	0.2094240837696335	0.3844086021505376	0.4523076923076923	0.26513181531290964	137.0	160.0	78.0	56.0	81.0	23.0
subimage_A10	5279	0.3392278631682451	0.39070911170415557	0.19877675840978593	0.35119047619047616	0.432258064516129	0.2166172106824926	0.35955609675098243	0.44554455445544555	0.2645691916596803	119.0	146.0	73.0	45.0	73.0	27.0
subimage_H11	8960	0.34306569343065696	0.38663484486873506	0.18559556786703602	0.35674157303370785	0.43154761904761907	0.21052631578947367	0.36890243902439024	0.45565749235474007	0.2637404053233198	127.0	156.0	73.0	52.0	78.0	27.0
subimage_G11	8398	0.34003803131991056	0.3805309734513274	0.17475186775905008	0.3504273504273504	0.4354596532015887	0.21364985163204747	0.37272727272727274	0.46296296296296297	0.2692307692307692	121.0	150.0	72.0	46.0	75.0	28.0
subimage_F11	6506	0.3435392756665029	0.3969465648854962	0.19465302234921478	0.3507246376811594	0.4367469879518072	0.21212121212121213	0.3582554517133956	0.4521452145214521	0.2573210642638558	119.0	148.0	72.0	46.0	75.0	29.0
subimage_E11	7405	0.34448160535117056	0.39640442223961153	0.1498966408268734	0.35343035343035345	0.4420731707317073	0.2052980132450331	0.37823834196891193	0.47249711614352485	0.25469951083158626	120.0	150.0	68.0	49.0	78.0	29.0
subimage_D11	7079	0.3471604407538973	0.3902439024390244	0.19387755102040816	0.353099730458221	0.430939226519337	0.215633423180593	0.36153846153846153	0.45110410094637227	0.25855043126210175	127.0	155.0	77.0	48.0	76.0	28.0
subimage_C11	4651	0.3398945591409752	0.39013354272476164	0.18296720622240908	0.3514285714285714	0.4383954154727794	0.20949720670391062	0.3580446037435285	0.46750607116460774	0.263216115510014	121.0	150.0	72.0	48.0	77.0	30.0
subimage_B11	11884	0.3433734939759036	0.3837248674471101	0.15654952076677317	0.35275080906148865	0.4393939393939394	0.20699708454810495	0.37333333333333335	0.47586206896551725	0.2656536852051836	120.0	150.0	70.0	49.0	79.0	29.0
subimage_A11	7550	0.34981637658128856	0.38894383394383397	0.16362985008818343	0.35967302452316074	0.4206128133704735	0.21948178334651175	0.377633997422517	0.46179401993355484	0.25948606324445245	130.0	152.0	79.0	50.0	72.0	22.0
subimage_H12	5866	0.3404255319148936	0.3897058823529412	0.19302949061662197	0.3521505376344086	0.4227405247813411	0.22391857506361323	0.3665588281474891	0.4504965716569812	0.2653061224489796	125.0	152.0	78.0	45.0	70.0	25.0
subimage_G12	10648	0.3411764705882353	0.39514252130473115	0.18309859154929578	0.352369136240104	0.4441340782122905	0.20224719101123595	0.3646723646723647	0.4617737003058104	0.25829383886255924	123.0	155.0	70.0	51.0	83.0	32.0
subimage_F12	3273	0.3386533967769666	0.38676654721298737	0.18151815181518152	0.35511363636363635	0.4301369863013699	0.21406727828746178	0.37304794356193305	0.4517589343931443	0.26794039294039285	126.0	153.0	75.0	50.0	76.0	25.0
subimage_E12	16508	0.3393939393939394	0.3923444976076555	0.18624641833810887	0.35398230088495575	0.43714285714285717	0.20876288659793815	0.3659217877094972	0.45768025078369906	0.2599853249475891	129.0	159.0	75.0	53.0	83.0	31.0
subimage_D12	6417	0.34438775510204084	0.38759731104799655	0.16613418530351437	0.35714285714285715	0.43380281690140843	0.209366391184573	0.3735632183908046	0.4642857142857143	0.2631578947368421	127.0	155.0	75.0	53.0	80.0	27.0
subimage_C12	6787	0.3434414235816105	0.38269636378975785	0.16507936507936508	0.35714285714285715	0.4293785310734463	0.212707182320442	0.3768416978454393	0.46778020776380536	0.26817840054682157	127.0	153.0	76.0	51.0	77.0	25.0
subimage_B12	6832	0.3418079096045198	0.3908620689655173	0.189873417721519	0.35311572700296734	0.43655533941569175	0.21052631578947367	0.3610223642172524	0.453416149068323	0.2617358521832795	119.0	148.0	71.0	48.0	75.0	28.0
subimage_A12	8641	0.34190231362467866	0.3822843822843823	0.15503875968992248	0.35327635327635326	0.4380664652567976	0.20783132530120482	0.3689655172413793	0.48031496062992124	0.27040816326530615	115.0	142.0	67.0	47.0	74.0	28.0