subimage	all_plant_pixels	ratio_r_q5	ratio_g_q5	ratio_b_q5	ratio_r_median	ratio_g_median	ratio_b_median	ratio_r_q95	ratio_g_q95	ratio_b_q95	pix_r_median	pix_g_median	pix_b_median	diff_rb_median	diff_gb_median	diff_gr_median
subimage_H1	4326	0.33232163721337815	0.38961038961038963	0.2135997475126995	0.3433333333333333	0.42162162162162165	0.23529411764705882	0.3539325842696629	0.4363491603937464	0.2720386231415643	121.0	149.0	83.0	38.0	65.0	27.0
subimage_G1	6866	0.3333333333333333	0.38751495215311005	0.19578839834863931	0.346031746031746	0.4328767123287671	0.22044728434504793	0.3578134222780208	0.4507462686567164	0.2743589743589744	117.0	146.0	73.0	41.0	69.0	28.0
subimage_F1	7459	0.3264705882352941	0.39276413810973637	0.2050292685106573	0.33548387096774196	0.4384858044164038	0.2267080745341615	0.3469443515110962	0.4557823129251701	0.2711864406779661	106.0	139.0	70.0	34.0	66.0	32.0
subimage_E1	2258	0.3285804683440334	0.3554942104610979	0.23548387096774193	0.34017595307917886	0.4084084084084084	0.25157232704402516	0.37926993390896496	0.42443729903536975	0.27978243726873847	115.0	139.0	86.0	31.0	52.0	24.0
subimage_D1	4618	0.3333333333333333	0.3832923832923833	0.19879518072289157	0.34210526315789475	0.42727272727272725	0.23148148148148148	0.3642204261261452	0.44660194174757284	0.27487097094364904	116.0	144.0	77.0	37.0	66.0	29.0
subimage_C1	970	0.35580821205821206	0.3486590038314176	0.25345036861249975	0.3767396726391639	0.3536713735558408	0.2694244164731761	0.38962661530815107	0.358	0.2945075046904315	188.0	177.0	134.0	53.0	42.0	-11.0
subimage_B1	3009	0.3405563287789387	0.36681222707423583	0.22167700078019137	0.35240963855421686	0.40606060606060607	0.24316939890710382	0.36837197889829465	0.42857142857142855	0.2737306843267108	126.0	147.0	87.0	40.0	58.0	20.0
subimage_A1	1432	0.35429612109744557	0.2902896642527979	0.2608695652173913	0.3714009394860459	0.3520413918143802	0.27586206896551724	0.38656337535014007	0.3553542485757843	0.35116548527808067	183.0	171.5	138.0	47.0	37.0	-12.0
subimage_H2	6843	0.3302752293577982	0.3803827751196172	0.21597633136094674	0.33866666666666667	0.4249201277955272	0.2375	0.35173796316051487	0.4401294498381877	0.2784503631961259	116.0	146.0	80.0	34.0	63.0	29.0
subimage_G2	7065	0.32867522449695147	0.3958333333333333	0.19702370500438982	0.3405994550408719	0.438953488372093	0.21910112359550563	0.35218508997429304	0.45808383233532934	0.2712765957446808	117.0	152.0	76.0	42.0	76.0	34.0
subimage_F2	6681	0.33532934131736525	0.3854875283446712	0.203125	0.3431952662721893	0.4388059701492537	0.21791044776119403	0.3501577287066246	0.4527027027027027	0.27386934673366836	112.0	143.0	71.0	40.0	71.0	31.0
subimage_E2	5007	0.3362573099415205	0.38372880466166204	0.18272425249169436	0.34656084656084657	0.4363143631436314	0.21779141104294478	0.36421133593657556	0.45819397993311034	0.27418267488220366	120.0	150.0	75.0	44.0	75.0	29.0
subimage_D2	3962	0.3429323143775367	0.3655622167673716	0.19741506122490388	0.36147757255936674	0.412987012987013	0.23119777158774374	0.3810810810810811	0.43136985563456154	0.27057556994089493	135.0	151.0	84.0	46.0	67.0	17.0
subimage_C2	1832	0.3333333333333333	0.3680975274725275	0.23473023858761075	0.345821325648415	0.3958333333333333	0.25671641791044775	0.36470588235294116	0.41690962099125367	0.2797733793856781	118.0	133.5	87.0	31.0	46.0	17.0
subimage_B2	1319	0.35153806354507183	0.35134502183682514	0.228643216080402	0.3609467455621302	0.3778280542986425	0.2591792656587473	0.3819686238415403	0.4129353233830846	0.28823529411764703	159.0	169.0	113.0	48.0	54.0	6.0
subimage_A2	965	0.35603446610382333	0.3485819134993447	0.27022762407377793	0.36678832116788324	0.35239852398523985	0.2810810810810811	0.37598120002441554	0.35502958579881655	0.29439373014776965	195.0	188.0	151.0	46.0	38.0	-8.0
subimage_H3	4580	0.3363626103016622	0.38209606986899564	0.19161676646706588	0.3506849315068493	0.4369747899159664	0.21052631578947367	0.3615819209039548	0.45180722891566266	0.27897235208461063	129.0	159.0	77.0	51.0	82.0	30.0
subimage_G3	9976	0.3275862068965517	0.39127777187201024	0.2006079027355623	0.3375796178343949	0.4379310344827586	0.2245508982035928	0.34985623529222787	0.4563758389261745	0.27432976515627033	109.0	142.0	71.0	36.0	68.0	32.0
subimage_F3	6900	0.3342036553524804	0.38063063063063063	0.1860429665343165	0.34328358208955223	0.43425076452599387	0.22077922077922077	0.3633720930232558	0.45819397993311034	0.27828054298642535	117.0	146.0	73.0	39.0	70.0	29.0
subimage_E3	4704	0.3374384236453202	0.3811659192825112	0.18599724936523812	0.3471882640586797	0.4152773918681115	0.23733333333333334	0.3684210526315789	0.44891640866873067	0.2760166585007349	133.0	158.0	89.0	41.0	67.0	24.5
subimage_D3	4002	0.33608815426997246	0.37249564582279904	0.2159468438538206	0.34911242603550297	0.40816326530612246	0.24347826086956523	0.37606837606837606	0.43086816720257237	0.2727155877541481	119.0	138.0	83.0	36.0	57.0	21.0
subimage_C3	3463	0.3286118980169972	0.38765894236482473	0.20077220077220076	0.3395638629283489	0.4259818731117825	0.23397435897435898	0.35570469798657717	0.4482758620689655	0.275	107.0	134.0	74.0	33.0	60.0	27.0
subimage_B3	4950	0.32765705731807426	0.3854924815955725	0.20634920634920634	0.33827893175074186	0.43302180685358255	0.2287390029325513	0.3538961038961039	0.4451952396122514	0.27603599172719934	112.0	142.0	75.0	36.0	67.0	30.0
subimage_A3	1692	0.32398753894080995	0.36754134561172713	0.2514792899408284	0.33239830041702734	0.3919530721884228	0.27514792899408286	0.358018810817355	0.40634005763688763	0.2900552486187845	116.0	136.0	95.0	20.0	40.0	21.0
subimage_H4	7461	0.3323170731707317	0.38497652582159625	0.18181818181818182	0.34515366430260047	0.43597560975609756	0.21951219512195122	0.3630769230769231	0.4625	0.27400468384074944	115.0	145.0	72.0	40.0	70.0	29.0
subimage_G4	8648	0.3333333333333333	0.3851508120649652	0.1846590909090909	0.34441805225653205	0.4307692307692308	0.22392638036809817	0.36033519553072624	0.45892351274787535	0.27699530516431925	127.0	158.0	80.0	43.0	75.0	30.0
subimage_F4	6334	0.3276416479488152	0.3882063882063882	0.21221864951768488	0.33653846153846156	0.43217665615141954	0.23076923076923078	0.3512658227848101	0.4440894568690096	0.2764030488983378	108.0	139.0	74.0	34.0	64.0	30.0
subimage_E4	1297	0.350083857442348	0.3807531380753138	0.2256988033416121	0.3638392857142857	0.39675174013921116	0.23933649289099526	0.36818181818181817	0.4072452735222876	0.2679407628030115	161.0	177.0	105.0	55.0	69.0	15.0
subimage_D4	3317	0.34285714285714286	0.3545816733067729	0.2042554749871823	0.3569682151589242	0.40625	0.23756906077348067	0.37652371609206137	0.43454038997214484	0.2826593192382666	138.0	158.0	91.0	46.0	65.0	20.0
subimage_C4	2196	0.34153005464480873	0.35596197356408527	0.21910112359550563	0.3556190367829917	0.39943342776203966	0.24627972895168077	0.37475263852242746	0.42064692991258135	0.2805755395683453	131.0	148.0	92.0	40.0	57.0	17.0
subimage_B4	5600	0.33602866949323645	0.3822843822843823	0.18808777429467086	0.3436619718309859	0.4318511198945981	0.22478386167146974	0.3588266038122566	0.45787545787545786	0.27634660421545665	120.0	150.0	78.0	41.0	71.0	30.0
subimage_A4	2965	0.33724340175953077	0.38461538461538464	0.22744044621038298	0.3439306358381503	0.4180790960451977	0.23782234957020057	0.3572480926072086	0.42565597667638483	0.27295165485908823	120.0	146.0	83.0	37.0	63.0	26.0
subimage_H5	9704	0.32840236686390534	0.39244070769465417	0.20496894409937888	0.33753943217665616	0.436950146627566	0.2248080382182852	0.34613692758854053	0.45454545454545453	0.2732218695192127	109.0	143.0	72.0	37.0	69.0	32.0
subimage_G5	10716	0.32792207792207795	0.39012345679012345	0.2	0.3368055555555556	0.44107744107744107	0.22054380664652568	0.3504906023137866	0.45874587458745875	0.27427184466019416	108.0	142.0	70.0	37.0	70.0	33.0
subimage_F5	6889	0.3262967085387184	0.3875	0.20557491289198607	0.3344262295081967	0.43448275862068964	0.23183391003460208	0.35172413793103446	0.44982698961937717	0.27764127764127766	104.0	133.0	70.0	31.0	61.0	30.0
subimage_E5	6566	0.3347921225382932	0.38009049773755654	0.18034083834820502	0.3422330097087379	0.4262295081967213	0.2319021287361307	0.368	0.45364238410596025	0.2799786324786325	124.0	152.0	82.0	38.0	69.0	27.0
subimage_D5	2770	0.35299922600619194	0.35390946502057613	0.22956962468364656	0.36394451017444307	0.36465324384787473	0.26844262295081966	0.375	0.413359568633655	0.2857142857142857	166.0	169.0	123.0	46.0	44.0	1.0
subimage_C5	4345	0.3408521303258145	0.3826086956521739	0.20294995610184371	0.3490304709141274	0.42441860465116277	0.22371967654986524	0.37395651048001693	0.4375	0.2707317073170732	130.0	158.0	83.0	46.0	74.0	27.0
subimage_B5	4263	0.3378839590443686	0.38571428571428573	0.21782178217821782	0.3477088948787062	0.4166666666666667	0.2349570200573066	0.36473471367088384	0.4276506177018108	0.2696336845812909	117.0	139.0	82.0	38.0	60.0	23.0
subimage_A5	1146	0.3555992141453831	0.3495665155766602	0.25896636495697845	0.36996700765081203	0.3537832310838446	0.27600424628450104	0.3860045146726862	0.3568256908289948	0.2939467746897754	177.0	169.0	132.0	44.0	37.0	-8.0
subimage_H6	10424	0.3323184547933093	0.3796565862979525	0.18383064516129033	0.34515366430260047	0.4318840579710145	0.225	0.36585365853658536	0.45774647887323944	0.2815533980582524	120.0	146.0	74.0	37.0	66.0	27.0
subimage_G6	19	0.3551996388784792	0.298403211260632	0.3174432448794269	0.36423841059602646	0.3122866894197952	0.3239669421487603	0.38296188234757783	0.3188924471093244	0.3272417894113837	219.0	188.0	193.0	24.0	-8.0	-32.0
subimage_F6	6205	0.3333333333333333	0.37995337995337997	0.18960244648318042	0.3435754189944134	0.4272151898734177	0.229607250755287	0.3641304347826087	0.45096836280524477	0.2802690582959641	120.0	148.0	79.0	38.0	67.0	27.0
subimage_E6	5389	0.33493284141350094	0.38738276526910886	0.1854000887947816	0.3492957746478873	0.4297520661157025	0.22162162162162163	0.3649025069637883	0.45645645645645644	0.27189311233298796	128.0	157.0	81.0	47.0	76.0	29.0
subimage_D6	3350	0.3352601156069364	0.38594149207971384	0.19152044763746892	0.35311572700296734	0.41761363636363635	0.22962920677299234	0.3700448349142176	0.4444444444444444	0.2723069061962134	123.0	147.0	79.0	43.0	65.5	23.0
subimage_C6	3423	0.34140969162995594	0.3745960296331452	0.2	0.35807860262008734	0.41421568627450983	0.22693266832917705	0.380547138047138	0.4322916666666667	0.27194268741550637	139.0	159.0	86.0	49.0	72.0	20.0
subimage_B6	3061	0.34146341463414637	0.3684210526315789	0.20435967302452315	0.3581267217630854	0.4098360655737705	0.23482849604221637	0.38095238095238093	0.42618384401114207	0.2704714640198511	137.0	154.0	89.0	47.0	66.0	20.0
subimage_A6	1528	0.34173669467787116	0.35113375845601463	0.2506287871577678	0.36167895054002686	0.37410071942446044	0.2652626957674802	0.38060341068190684	0.39880952380952384	0.28588342440801456	148.0	150.0	105.0	39.0	45.0	3.0
subimage_H7	5210	0.33129673485371175	0.38938604287868994	0.21070234113712374	0.33952871507001414	0.4375	0.22327044025157233	0.346422893481717	0.44816053511705684	0.27569566439463145	108.0	139.0	71.0	36.0	67.0	31.0
subimage_G7	6780	0.33236994219653176	0.3888888888888889	0.20760233918128654	0.3430232558139535	0.43023255813953487	0.22740524781341107	0.3594222483352918	0.44314868804664725	0.2708909328233615	120.0	150.0	78.0	40.0	70.0	31.0
subimage_F7	3857	0.3324324324324324	0.37580152376532466	0.1945288753799392	0.3434065934065934	0.41839762611275966	0.23867069486404835	0.3736010206137111	0.45150704368095673	0.2779474184352233	117.0	143.0	80.0	35.0	60.0	26.0
subimage_E7	4005	0.3392330383480826	0.3822980940627999	0.21727748691099477	0.3480392156862745	0.4005167958656331	0.24932249322493225	0.3668947450735064	0.4216160633641354	0.27202072538860106	135.0	154.0	95.0	36.0	57.0	20.0
subimage_D7	6331	0.3325867102768107	0.38977309721526054	0.18729096989966554	0.3432343234323432	0.44	0.2175226586102719	0.36	0.45907473309608543	0.26806698002350177	115.0	147.0	72.0	42.0	74.0	32.0
subimage_C7	5673	0.33810888252148996	0.38461538461538464	0.1829900414424445	0.34963325183374083	0.424	0.22597402597402597	0.36503382907249987	0.4568216779079398	0.27217582733124357	132.0	159.0	84.0	46.0	73.0	27.0
subimage_B7	5196	0.32989690721649484	0.3875598086124402	0.2145300170155424	0.3396482772764561	0.43670886075949367	0.2235294117647059	0.3488372093023256	0.44518272425249167	0.27501456876456876	111.0	143.0	73.0	37.0	69.0	31.0
subimage_A7	2751	0.3197583290807028	0.38317713682528814	0.23018620362357278	0.32763532763532766	0.3993993993993994	0.27405247813411077	0.3478821156432093	0.4296663790624101	0.290729271991911	111.0	137.0	92.0	19.0	43.0	25.0
subimage_H8	1927	0.345821325648415	0.34899066620092445	0.24661246612466126	0.35855855855855856	0.38107416879795397	0.2594752186588921	0.38863835983727807	0.39825581395348836	0.2896602031679377	137.0	146.0	98.0	38.0	48.0	8.0
subimage_G8	3660	0.3310580204778157	0.39150466933485806	0.20062500000000003	0.34121621621621623	0.4299363057324841	0.22840365899790227	0.35368997651833123	0.460431654676259	0.2690073322053017	109.0	138.0	73.0	36.0	65.0	28.0
subimage_F8	439	0.3541666666666667	0.3477237894588065	0.28053466479429967	0.3577586206896552	0.35030549898167007	0.2916666666666667	0.3686750630773401	0.3525773195876289	0.2961382096126892	170.0	166.0	138.0	31.0	28.0	-4.0
subimage_E8	2442	0.3395061728395062	0.36384103870605833	0.19648595132466098	0.3541891648668106	0.4127906976744186	0.23368199694122788	0.37233135880077367	0.44376899696048633	0.278771812688138	126.0	148.0	81.0	42.0	63.0	21.0
subimage_D8	3175	0.33766233766233766	0.38105263157894737	0.19450354609929077	0.3505747126436782	0.4265927977839335	0.2191780821917808	0.3665151771046046	0.4469591575378435	0.27716895408923076	132.0	159.0	82.0	48.0	77.0	26.0
subimage_C8	3065	0.32763941265039437	0.3860231146586846	0.21893491124260356	0.34	0.42485549132947975	0.23493975903614459	0.3536514669494521	0.4386503067484663	0.2779277398350968	117.0	146.0	81.0	36.0	65.0	29.0
subimage_B8	6107	0.3257041075972374	0.38516746411483255	0.21019108280254778	0.3359580052493438	0.43086816720257237	0.2334384858044164	0.3491405074716678	0.44884488448844884	0.2766480196139369	110.0	141.0	75.0	33.0	64.0	31.0
subimage_A8	2271	0.33886255924170616	0.3838507322614902	0.19741032517599733	0.3549222797927461	0.42433234421364985	0.22137404580152673	0.3639240506329114	0.4425227218368811	0.27293577981651373	124.0	149.0	78.0	46.0	71.0	24.0
subimage_H9	483	0.35594107729168517	0.34884237726098194	0.2529002320185615	0.3793103448275862	0.3554987212276215	0.2638888888888889	0.39069767441860465	0.36336993504485	0.2925311203319502	159.0	150.0	110.0	46.0	37.0	-9.0
subimage_G9	6642	0.32748538011695905	0.38631350812800974	0.2080745341614907	0.33653846153846156	0.43278688524590164	0.22910216718266255	0.35014005602240894	0.4523076923076923	0.2757748688267431	112.0	145.0	76.0	36.0	67.0	32.0
subimage_F9	2513	0.35117940199335546	0.35384615384615387	0.23160762942779292	0.36272040302267	0.36752136752136755	0.2672413793103448	0.37344398340248963	0.40628298153034303	0.2876553657375575	163.0	167.0	119.0	45.0	45.0	3.0
subimage_E9	5310	0.33432835820895523	0.38173302107728335	0.2022792022792023	0.34177215189873417	0.42679127725856697	0.23214285714285715	0.36363636363636365	0.4405144694533762	0.27294117647058824	112.0	140.0	75.0	35.0	63.0	27.0
subimage_D9	10489	0.3345323741007194	0.39224555397845867	0.19767441860465115	0.3447368421052632	0.43213296398891965	0.21951219512195122	0.35555555555555557	0.45723684210526316	0.26650118526057115	118.0	150.0	74.0	43.0	73.0	31.0
subimage_C9	9266	0.3325526932084309	0.3928796329614969	0.19881305637982197	0.3413897280966767	0.4421965317919075	0.21604938271604937	0.35276073619631904	0.45454545454545453	0.2682926829268293	115.0	148.0	71.0	41.0	74.0	33.0
subimage_B9	7597	0.3375	0.38440032854464024	0.18411140325250755	0.347953216374269	0.42857142857142855	0.2237960339943343	0.36797752808988765	0.4563380281690141	0.2712715839389722	124.0	153.0	78.0	43.0	72.0	28.0
subimage_A9	1961	0.3324324324324324	0.3787128712871287	0.2371967654986523	0.3434065934065934	0.4034582132564842	0.25139664804469275	0.35987261146496813	0.4166666666666667	0.27989821882951654	126.0	148.0	92.0	34.0	56.0	22.0
subimage_H10	4933	0.33015873015873015	0.3811881188118812	0.20336723163841808	0.33783783783783783	0.4269340974212034	0.23510971786833856	0.3516573971078976	0.4539249146757679	0.2809278350515464	110.0	140.0	77.0	33.0	63.0	29.0
subimage_G10	4577	0.33235805555795866	0.3868574721475221	0.20915032679738563	0.3433734939759036	0.4375	0.21902017291066284	0.34962406015037595	0.4459016393442623	0.27765726681127983	113.0	145.0	72.0	40.0	71.0	30.0
subimage_F10	4178	0.3284132841328413	0.3695838224013161	0.21886626259639785	0.3523035230352303	0.3938356164383562	0.2479108635097493	0.3956692913385827	0.4092265170705693	0.2814459663350464	126.0	144.0	90.0	37.0	54.0	15.0
subimage_E10	2862	0.337112100364225	0.3712984054669704	0.19753086419753085	0.35195530726256985	0.42354814537279883	0.229607250755287	0.37221870604782	0.4447670301073852	0.27212314129191495	129.0	154.0	80.0	45.0	67.0	25.5
subimage_D10	4879	0.33516483516483514	0.38137472283813745	0.18071913823518373	0.3452914798206278	0.42133333333333334	0.23098591549295774	0.3703799654576856	0.4525384198505787	0.277029952029952	133.0	159.0	86.0	41.0	70.0	26.0
subimage_C10	1768	0.3415876893014167	0.38119534753363227	0.20610687022900764	0.35661749241354446	0.4187192118226601	0.2234394637620444	0.36363636363636365	0.4332425068119891	0.27540223532301644	149.0	173.0	92.0	54.0	80.0	25.0
subimage_B10	5852	0.3299709945805664	0.38571874414830537	0.21013172276033618	0.3404255319148936	0.428169014084507	0.23076923076923078	0.3547486033519553	0.4472049689440994	0.2751842751842752	116.0	146.0	78.0	37.0	66.0	29.0
subimage_A10	4022	0.32131147540983607	0.38244013065217725	0.24193835380553325	0.32792207792207795	0.40963855421686746	0.2616822429906542	0.3440500407788288	0.42758370814592705	0.282660757156048	103.0	127.0	82.0	21.0	46.0	26.0
subimage_H11	1903	0.3550495919188962	0.35265167047429363	0.25079903147699756	0.3673469387755102	0.3578199052132701	0.2727272727272727	0.3747412008281574	0.3885350318471338	0.28957516882812273	165.0	161.0	123.0	43.0	39.0	-4.0
subimage_G11	4795	0.32853509699445055	0.3870735111662531	0.2140221402214022	0.33810888252148996	0.43465045592705165	0.22699386503067484	0.34421364985163205	0.4482758620689655	0.28	108.0	140.0	73.0	35.0	66.0	31.0
subimage_F11	2496	0.3379157038813654	0.35700197238658776	0.2085889570552147	0.36387787358349444	0.3899227812841578	0.25	0.375	0.4281524926686217	0.28252469063687913	138.0	151.0	93.5	45.0	52.0	11.0
subimage_E11	3375	0.33024691358024694	0.3851851851851852	0.21881648936170214	0.3382352941176471	0.42042042042042044	0.24188790560471976	0.3558050700312536	0.4329896907216495	0.27711876075731495	114.0	141.0	82.0	32.0	60.0	27.0
subimage_D11	7511	0.32558139534883723	0.38932315521628497	0.20634920634920634	0.3384615384615385	0.4340175953079179	0.22756410256410256	0.3509933774834437	0.4525316455696203	0.2723001847205757	112.0	144.0	74.0	37.0	67.0	32.0
subimage_C11	5175	0.3256484149855908	0.3861806951041286	0.20738636363636365	0.3370473537604457	0.4326923076923077	0.23076923076923078	0.34987593052109184	0.45016077170418006	0.2780824222035324	113.0	146.0	75.0	35.0	67.0	32.0
subimage_B11	6208	0.3292488164439384	0.3910119787658122	0.20625	0.3375	0.43452380952380953	0.2279056921914065	0.3473997776417131	0.4527687296416938	0.2727272727272727	112.0	145.0	75.0	36.0	68.0	32.0
subimage_A11	6706	0.3333333333333333	0.38256658595641646	0.1955128205128205	0.3408450704225352	0.43032179378928603	0.2303206997084548	0.3515358361774744	0.4574195773727398	0.27751196172248804	112.0	142.0	75.0	36.0	65.0	30.0
subimage_H12	1608	0.355	0.2964912280701754	0.25949367088607594	0.36942127957624704	0.35138066482968866	0.2850521001181652	0.38569186418962204	0.35683760683760685	0.3355048859934853	184.0	170.0	133.0	36.0	30.0	-12.0
subimage_G12	4066	0.33533386399406623	0.3872549019607843	0.2145214521452145	0.3419354838709677	0.43037974683544306	0.22801685063723137	0.3494318181818182	0.4414715719063545	0.27250125516548873	112.0	142.0	75.0	37.0	66.0	29.0
subimage_F12	4282	0.33691756272401435	0.36255924170616116	0.21052631578947367	0.3469387755102041	0.42679127725856697	0.2254723707664884	0.3732193732193732	0.44565217391304346	0.2756689816751736	110.0	135.0	70.0	38.0	62.0	24.0
subimage_E12	2118	0.3558951965065502	0.3517535955640271	0.24005354617094363	0.3712984054669704	0.36622807017543857	0.2615062761506276	0.38782598425196846	0.3853734756097561	0.28708071377479955	165.0	166.0	118.0	49.0	47.0	-1.0
subimage_D12	160	0.3544007163202572	0.34831904357668364	0.2741787239089184	0.36065546919205455	0.3519311153952729	0.2872156371935508	0.3697732140355091	0.35622161686927145	0.29668232662192395	209.0	203.0	165.0	42.0	37.0	-5.0
subimage_C12	960	0.3558976892994067	0.34962253193960513	0.26094085947878004	0.37169929382318767	0.35435992578849723	0.2727272727272727	0.38346097201767304	0.35789587852494575	0.2932367829021372	189.0	181.0	141.0	49.0	41.0	-8.0
subimage_B12	3017	0.3261338333528654	0.3874869109947644	0.23187596146061049	0.3333333333333333	0.4059701492537313	0.2614942528735632	0.3537664792896433	0.42077852810873584	0.2774869109947644	115.0	139.0	89.0	24.0	49.0	25.0
subimage_A12	1131	0.3382411913251758	0.348441273561313	0.2284563476688622	0.3607142857142857	0.3572815533980582	0.2675324675324675	0.3994134897360704	0.4078308635666837	0.2928720860729229	151.0	148.0	113.0	39.0	43.0	-4.0