subimage	all_plant_pixels	ratio_r_q5	ratio_g_q5	ratio_b_q5	ratio_r_median	ratio_g_median	ratio_b_median	ratio_r_q95	ratio_g_q95	ratio_b_q95	pix_r_median	pix_g_median	pix_b_	diff_rb_median	diff_gb_median	diff_gr_median
subimage_H1	9524	0.34151785714285715	0.3858183505254025	0.1917808219178082	0.3495702005730659	0.43175045319892114	0.2181208053691275	0.36699318453350716	0.4530158320426777	0.2664964574153195	113.0	139.0	70.0	42.0	68.0	26.0
subimage_G1	5918	0.3392857142857143	0.34299516908212563	0.20644472506026862	0.3473053892215569	0.42771084337349397	0.2269483805668016	0.36557641459545215	0.4436893971927762	0.29890453834115804	112.0	138.0	73.0	39.0	64.0	26.0
subimage_F1	3263	0.35714285714285715	0.3486732476562985	0.20596359037293877	0.36827195467422097	0.3881401617250674	0.24571428571428572	0.3956043956043956	0.4050925925925926	0.2867086247086247	139.0	146.0	91.0	45.0	53.0	6.0
subimage_E1	6513	0.34059155708249417	0.3768695695224893	0.1779370561021698	0.3515850144092219	0.428125	0.22253521126760564	0.3694029850746269	0.46308416956788856	0.270095743672386	115.0	141.0	74.0	43.0	68.0	26.0
subimage_D1	12831	0.3413897280966767	0.39004679886138854	0.18359375	0.3492063492063492	0.44193548387096776	0.20857142857142857	0.3595335890559761	0.4605263157894737	0.2644337606837607	118.0	148.0	70.0	46.0	76.0	30.0
subimage_C1	6776	0.3405260488370408	0.38846624435103505	0.19850187265917604	0.35014836795252224	0.4281609195402299	0.21944444444444444	0.3598901098901099	0.45016077170418006	0.2678011057979677	122.0	148.0	77.0	44.0	71.0	27.0
subimage_B1	7395	0.3382192513368984	0.4	0.17857142857142858	0.34818941504178275	0.42857142857142855	0.22287390029325513	0.35426346981544493	0.4743235025843721	0.2541736499068901	114.0	140.0	73.0	41.0	67.0	26.0
subimage_A1	14678	0.33962264150943394	0.3957573518224695	0.18867924528301888	0.34965034965034963	0.4407894736842105	0.20977011494252873	0.35947712418300654	0.45643370393395694	0.25883248730964464	112.0	140.0	66.0	43.0	72.0	28.0
subimage_H2	2929	0.34049079754601225	0.35094339622641507	0.21959387909466457	0.3565217391304348	0.3979328165374677	0.24624624624624625	0.38355064091984375	0.4263803680981595	0.28445528378282386	125.0	144.0	83.0	40.0	52.0	16.0
subimage_G2	6944	0.34591194968553457	0.3907808838299297	0.1888282727044942	0.3564356435643564	0.4206128133704735	0.2245508982035928	0.3709182627461559	0.4463667820069204	0.25677906762483876	120.0	142.0	76.0	45.0	66.0	22.0
subimage_F2	6332	0.34354150850712273	0.3935280652125363	0.17882124039251704	0.3542234332425068	0.4306784660766962	0.2146095364185272	0.3622291021671827	0.4666666666666667	0.2571024605214836	128.0	154.5	78.0	49.0	76.0	27.0
subimage_E2	6235	0.3588066171266808	0.3820682148040639	0.2	0.3696808510638298	0.4108527131782946	0.21875	0.38835628810115147	0.42048517520215634	0.2566880439761795	142.0	157.0	83.0	56.0	72.0	15.0
subimage_D2	5836	0.34309189609847296	0.39147769642736086	0.20253164556962025	0.35056410908936675	0.430939226519337	0.2177650429799427	0.35751295336787564	0.4462025316455696	0.2616937810084227	123.0	151.0	77.0	45.0	74.0	28.0
subimage_C2	12154	0.3456501663416313	0.3876146788990826	0.16666666666666666	0.35789473684210527	0.430635838150289	0.20891364902506965	0.3743455497382199	0.4673913043478261	0.26280623608017817	128.0	153.0	75.0	51.0	78.0	26.0
subimage_B2	9665	0.345821325648415	0.3911108959306689	0.16607457692169303	0.35738831615120276	0.43258426966292135	0.20857142857142857	0.37066666666666664	0.47239597913220505	0.2572165859075308	124.0	151.0	74.0	49.0	77.0	26.0
subimage_A2	14460	0.34163660810614965	0.3901785610827221	0.189873417721519	0.3496932515337423	0.43823529411764706	0.21246458923512748	0.36129032258064514	0.4551282051282051	0.26027545835438143	115.0	145.0	69.0	44.0	73.0	29.0
subimage_H3	5408	0.34285714285714286	0.38538470751189846	0.199595015576324	0.34901960784313724	0.43086816720257237	0.22	0.36	0.45161290322580644	0.2595755863043441	120.0	148.0	75.0	43.0	70.0	27.0
subimage_G3	3364	0.35563481270029357	0.34954954954954953	0.211340206185567	0.36363636363636365	0.3969657447543059	0.2311212814645309	0.38068926749113546	0.4263900365954433	0.2885201268265784	154.0	171.0	96.0	56.0	68.0	13.0
subimage_F3	4708	0.33781428881965075	0.3674321503131524	0.2017291066282421	0.35398230088495575	0.43154761904761907	0.21505376344086022	0.3719442649974382	0.44496839471489397	0.267072759937121	124.0	151.0	75.0	48.0	74.0	27.0
subimage_E3	6007	0.3524590163934426	0.35528942115768464	0.20195366341855142	0.3648068669527897	0.4033412887828162	0.23255813953488372	0.3864582939165752	0.4221105527638191	0.28628230616302186	157.0	172.0	97.0	56.0	71.0	15.0
subimage_D3	9037	0.34532374100719426	0.3848141874550867	0.1708185053380783	0.3543956043956044	0.4358974358974359	0.20833333333333334	0.36585365853658536	0.46757679180887374	0.26486448167489773	118.0	144.0	69.0	47.0	75.0	27.0
subimage_C3	5863	0.3448275862068966	0.38953051504304353	0.19169329073482427	0.35502958579881655	0.4342857142857143	0.2099125364431487	0.3608815426997245	0.4526955903271692	0.26339285714285715	126.0	154.0	75.0	50.0	78.0	28.0
subimage_B3	6389	0.3424317617866005	0.38799076212471134	0.1971326164874552	0.3502673796791444	0.42896935933147634	0.2204968944099379	0.3561860700473488	0.451505016722408	0.26785714285714285	124.0	151.0	78.0	45.0	73.0	28.0
subimage_A3	10222	0.34296028880866425	0.3956057292222341	0.16666666666666666	0.3508771929824561	0.4329608938547486	0.2152317880794702	0.36795252225519287	0.4715447154471545	0.2547945205479452	114.0	140.0	69.0	42.0	69.0	26.0
subimage_H4	4041	0.3364485981308411	0.3630573248407643	0.20735785953177258	0.34718100890207715	0.4197183098591549	0.23353293413173654	0.37813211845102507	0.4355400696864111	0.273972602739726	118.0	144.0	80.0	39.0	63.0	25.0
subimage_G4	6959	0.35454545454545455	0.36674669632663864	0.20046620046620048	0.36694677871148457	0.40782122905027934	0.22598870056497175	0.38596491228070173	0.4211764705882353	0.2716302623432905	143.0	156.0	86.0	52.0	67.0	16.0
subimage_F4	5039	0.35604165468039817	0.356997548137389	0.2	0.3685446009389671	0.408983451536643	0.21875	0.3897074568585464	0.4308510638297872	0.27881196761045257	146.0	166.0	86.0	60.0	73.0	14.0
subimage_E4	5751	0.3542074363992172	0.35509138381201044	0.19949172027177142	0.36363636363636365	0.40594059405940597	0.22772277227722773	0.38930369049609037	0.4214659685863874	0.28429423459244535	152.0	167.0	92.0	54.0	72.0	15.0
subimage_D4	11122	0.33903133903133903	0.385	0.17886606760804452	0.3495702005730659	0.43636363636363634	0.21597633136094674	0.36024844720496896	0.4634146341463415	0.2655886016134988	116.0	146.0	73.0	44.0	73.0	29.0
subimage_C4	8751	0.3509933774834437	0.39036935601080386	0.18259648265754763	0.36504424778761063	0.41944444444444445	0.21390374331550802	0.375	0.44857142857142857	0.257201646090535	148.0	170.0	88.0	61.0	85.0	22.0
subimage_B4	16897	0.34121621621621623	0.3969049306238142	0.1884498480243161	0.35218508997429304	0.44054054054054054	0.20711974110032363	0.36363636363636365	0.4550935281140505	0.25346920231063796	123.0	153.0	73.0	50.0	80.0	30.0
subimage_A4	12761	0.3423180592991914	0.39255014326647564	0.1909722222222222	0.35142118863049093	0.43167701863354035	0.2169811320754717	0.363914373088685	0.45098039215686275	0.25925925925925924	126.0	150.0	77.0	44.0	71.0	27.0
subimage_H5	5713	0.34513274336283184	0.3867403314917127	0.18742063492063493	0.35362997658079626	0.4239766081871345	0.2236842105263158	0.36809815950920244	0.4482758620689655	0.262199258081611	119.0	142.0	75.0	44.0	68.0	24.0
subimage_G5	9166	0.3411764705882353	0.3825	0.17294819326798005	0.34844192634560905	0.4297994269340974	0.2225609756097561	0.3601190476190476	0.4728682170542636	0.2688422266892046	117.0	144.0	75.0	42.0	70.0	28.0
subimage_F5	4639	0.35584253880169947	0.35010271483202177	0.223997476340694	0.36555891238670696	0.3769968051118211	0.2571428571428571	0.3834355828220859	0.4036458333333333	0.28733074442515116	124.0	127.0	86.0	36.0	39.0	4.0
subimage_E5	2928	0.35384615384615387	0.363008611382046	0.20113884275992316	0.3668947958516304	0.3934385513332882	0.2422360248447205	0.3890316636606916	0.4156056789558049	0.27335889766461585	124.0	134.0	82.0	40.0	50.0	9.0
subimage_D5	10587	0.3384615384615385	0.3918360980622431	0.18627450980392157	0.3492537313432836	0.4294294294294294	0.22096317280453256	0.3602013850920357	0.4574367407208537	0.2611525111350022	120.0	149.0	77.0	44.0	72.0	28.0
subimage_C5	15159	0.3413173652694611	0.3979565469598692	0.19148328267477205	0.3485254691689008	0.4412811387900356	0.209366391184573	0.35942028985507246	0.4554140127388535	0.25510204081632654	118.0	149.0	70.0	46.0	77.0	31.0
subimage_B5	11206	0.34210526315789475	0.39054726368159204	0.19586088118416714	0.35	0.430939226519337	0.21798365122615804	0.3659942363112392	0.44654088050314467	0.2608449176772158	124.0	152.0	77.0	46.0	75.0	28.0
subimage_A5	10402	0.34545454545454546	0.39552342743108965	0.1688333189988819	0.3530730539162149	0.43553507782314826	0.21212121212121213	0.36823104693140796	0.4657534246575342	0.25203252032520324	116.0	143.0	70.0	47.0	75.0	27.0
subimage_H6	3484	0.352	0.3524229074889868	0.21515892420537897	0.3620689655172414	0.394012089591689	0.24069478908188585	0.38369304556354916	0.42077422886519417	0.2909842943832082	151.0	163.0	99.0	48.0	62.0	12.0
subimage_G6	4580	0.3451086956521739	0.36601635827299545	0.21142857142857144	0.35745147443075775	0.40544660514172715	0.23795180722891565	0.3803680981595092	0.4264705882352941	0.2716904570047197	126.0	142.0	81.0	42.0	56.0	18.0
subimage_F6	6372	0.3431952662721893	0.38905380902744324	0.19083969465648856	0.3512396694214876	0.4271186440677966	0.22255192878338279	0.36470588235294116	0.4505928853754941	0.25806451612903225	119.0	145.0	76.0	43.0	69.0	26.0
subimage_E6	4004	0.3550488599348534	0.3465818759936407	0.2112499082029816	0.3714522624970386	0.35477559799853553	0.27303754266211605	0.3868540948102992	0.4075606473923316	0.29549248747913187	198.5	194.0	147.0	56.0	45.0	-6.0
subimage_D6	9157	0.3475	0.3876651982378855	0.1773049645390071	0.36225596529284165	0.4223300970873786	0.21413276231263384	0.37528604118993136	0.45794392523364486	0.2612939468405472	142.0	167.0	85.0	58.0	83.0	23.0
subimage_C6	11994	0.34541577825159914	0.3822658402203857	0.17329545454545456	0.3559322033898305	0.42592592592592593	0.21582623283006958	0.37283236994219654	0.45964912280701753	0.26695842450765866	132.0	157.0	79.0	49.0	76.0	25.0
subimage_B6	7154	0.34440278377211914	0.38897152301042465	0.20148296976655186	0.35103244837758113	0.4253521126760563	0.22289156626506024	0.3564356435643564	0.44755244755244755	0.2634032634032634	126.0	152.0	79.0	45.0	71.0	26.0
subimage_A6	7697	0.3429119561493662	0.3849311904936859	0.1956521739130435	0.35309278350515466	0.4289772727272727	0.2181208053691275	0.36227544910179643	0.4485049833887043	0.2656328320802005	123.0	150.0	75.0	47.0	72.0	26.0
subimage_H7	5383	0.341530895334174	0.39552238805970147	0.2013888888888889	0.3474320241691843	0.430635838150289	0.2222222222222222	0.35482884482588534	0.44744870651204277	0.2581150550795593	116.0	144.0	75.0	41.0	69.0	28.0
subimage_G7	6315	0.34242950597789307	0.3896618449435351	0.20344827586206896	0.3492537313432836	0.4293785310734463	0.22153846153846155	0.35809018567639256	0.4444444444444444	0.2624209749366195	119.0	146.0	76.0	43.0	71.0	27.0
subimage_F7	16728	0.34523809523809523	0.38809034907597534	0.17001008645533142	0.35561497326203206	0.4321608040201005	0.21227621483375958	0.37199755296541953	0.4642467734757454	0.26280079763816233	132.0	161.0	79.0	54.0	82.0	29.0
subimage_E7	8332	0.3419286847472992	0.3819444444444444	0.16609641663245556	0.3515625	0.4273972602739726	0.22126436781609196	0.3676697998787144	0.4708171206225681	0.2712215078901227	122.0	147.0	78.0	45.0	72.0	26.0
subimage_D7	8637	0.3413962251892278	0.3830275229357798	0.1757944757944758	0.3496143958868895	0.42587601078167114	0.22465753424657534	0.36330935251798563	0.46551724137931033	0.26968973747016706	123.0	147.0	79.0	43.0	70.0	27.0
subimage_C7	7174	0.34492753623188405	0.3884828978922126	0.1978021978021978	0.35195530726256985	0.4257142857142857	0.22253521126760564	0.36086511486845096	0.4456140350877193	0.26181755910652554	124.0	150.0	78.0	45.0	70.0	26.0
subimage_B7	6879	0.34492753623188405	0.38228941684665224	0.17391304347826086	0.3553921568627451	0.42159383033419023	0.2230971128608924	0.375	0.4576324318580309	0.26767900241351567	133.0	157.0	83.0	49.0	74.0	24.0
subimage_A7	4532	0.3408450704225352	0.3863960029117861	0.19935691318327975	0.349865855325148	0.425531914893617	0.2243907083015994	0.35691318327974275	0.445859872611465	0.26848801244040393	118.0	144.0	76.0	42.0	67.0	25.0
subimage_H8	6422	0.34877384196185285	0.38679589588210994	0.1920954853158243	0.35924932975871315	0.41911764705882354	0.2219020172910663	0.37209302325581395	0.44	0.25934700286321233	129.0	150.0	78.0	48.0	70.0	21.0
subimage_G8	5197	0.34145030159979023	0.3930325118593081	0.20066889632107024	0.34810126582278483	0.4307692307692308	0.22115384615384615	0.3584905660377358	0.4478114478114478	0.2578293462146153	112.0	139.0	71.0	41.0	67.0	27.0
subimage_F8	3657	0.3449064031493532	0.3893805309734513	0.1774094899871757	0.35843373493975905	0.4346590909090909	0.20765027322404372	0.3678992869312803	0.45874587458745875	0.26066755782395595	126.0	154.0	74.0	53.0	80.0	27.0
subimage_E8	6079	0.34432804494104574	0.38850574712643676	0.19875776397515527	0.3516819571865443	0.43440233236151604	0.2134502923976608	0.3613888291003013	0.44666666666666666	0.262912821758135	121.0	150.0	73.0	46.0	75.0	28.0
subimage_D8	11517	0.3430624202153776	0.3945578231292517	0.18820224719101122	0.35344827586206895	0.4381443298969072	0.20923913043478262	0.36486486486486486	0.4533333333333333	0.2564808184143222	132.0	163.0	76.0	52.0	82.0	31.0
subimage_C8	5860	0.34320914602965885	0.3834080717488789	0.17515548263955907	0.35714285714285715	0.4305555555555556	0.21238938053097345	0.37388724035608306	0.45666666666666667	0.268018018018018	127.0	152.0	75.0	50.0	76.0	25.0
subimage_B8	5596	0.34380266853932584	0.3818783865141481	0.18023255813953487	0.3567567567567568	0.41540375047837735	0.22715404699738903	0.3724832214765101	0.449685534591195	0.26905028827674565	135.0	157.0	86.0	49.0	72.0	22.0
subimage_A8	8909	0.3423180592991914	0.3834352721181191	0.16845878136200718	0.3507246376811594	0.4307692307692308	0.2188449848024316	0.36594202898550726	0.47126436781609193	0.2683544303797468	113.0	138.0	71.0	43.0	70.0	26.0
subimage_H9	5518	0.33876221498371334	0.3910346762428459	0.1992863221414204	0.347682119205298	0.4303030303030303	0.22324159021406728	0.3578990509059534	0.4492272418478261	0.26176701570680627	111.0	137.0	71.0	39.0	66.0	27.0
subimage_G9	14800	0.3398867224792539	0.3980803706549324	0.18658892128279883	0.3495440729483283	0.4376899696048632	0.21220544691875887	0.3659942363112392	0.45714285714285713	0.255050505050505	119.0	148.0	71.0	46.0	75.0	30.0
subimage_F9	6373	0.3436426116838488	0.38993220338983053	0.18672199170124482	0.35174418604651164	0.4365781710914454	0.21107266435986158	0.36446909131854516	0.45680788702371433	0.25952380952380955	112.0	139.0	65.0	43.0	70.0	27.0
subimage_E9	6514	0.34560177470421594	0.38222222222222224	0.17701863354037267	0.35714285714285715	0.42777777777777776	0.21503983508830576	0.3767313019390582	0.45161290322580644	0.26879271070615035	133.0	158.0	79.0	51.0	78.0	25.0
subimage_D9	6124	0.34791666666666665	0.3877118644067797	0.18992433234421366	0.35511363636363635	0.4358974358974359	0.20845495936343134	0.3629032258064516	0.45454545454545453	0.26390436499232284	126.0	154.0	74.0	51.0	80.0	28.0
subimage_C9	7833	0.33919010255958154	0.39239879195086363	0.18726591760299627	0.3508771929824561	0.4293785310734463	0.21929824561403508	0.35911602209944754	0.4626865671641791	0.25952354742833456	122.0	149.0	76.0	45.0	72.0	27.0
subimage_B9	11163	0.3488943488943489	0.38657407407407407	0.17732558139534885	0.3574660633484163	0.4275	0.2153846153846154	0.37579617834394907	0.4495677233429395	0.2616407982261641	141.0	167.0	85.0	56.0	84.0	27.0
subimage_A9	6082	0.3441404605369693	0.3870967741935484	0.20245398773006135	0.3518987341772152	0.4260869565217391	0.2222222222222222	0.36065573770491804	0.44256756756756754	0.26401869158878505	120.0	145.0	76.0	44.0	69.0	25.0
subimage_H10	5012	0.3391423614875854	0.39039816697520563	0.20454545454545456	0.3470790378006873	0.43042071197411	0.2222222222222222	0.36085626911314983	0.4446116685247119	0.2638656587420419	108.0	134.0	69.0	38.0	64.0	26.0
subimage_G10	8372	0.34360189573459715	0.3838982404532331	0.17391304347826086	0.3519061583577713	0.42857142857142855	0.21884077494969226	0.3674698795180723	0.46229508196721314	0.2684729064039409	120.0	146.0	74.0	45.0	71.0	26.0
subimage_F10	8399	0.34673366834170855	0.3803070892786645	0.16878980891719744	0.35714285714285715	0.4257703081232493	0.2185792349726776	0.3765432098765432	0.4599372822299651	0.2688888888888889	131.0	156.0	80.0	50.0	76.0	24.0
subimage_E10	6159	0.349853324788562	0.38762566930392395	0.1893491124260355	0.3577023498694517	0.43137254901960786	0.21082621082621084	0.36718930427251734	0.44879518072289154	0.25925925925925924	132.0	158.0	78.0	53.0	80.0	27.0
subimage_D10	7121	0.34108527131782945	0.3954659949622166	0.18433179723502305	0.34935897435897434	0.42901234567901236	0.22126436781609196	0.35919540229885055	0.46153846153846156	0.25825825825825827	118.0	144.0	75.0	42.0	69.0	27.0
subimage_C10	17039	0.34540389972144847	0.3954439746300211	0.1903323262839879	0.3537234042553192	0.43556701030927836	0.20984455958549222	0.36675461741424803	0.4517133956386293	0.2539718862373324	130.0	160.0	77.0	53.0	82.0	30.0
subimage_B10	8497	0.34176506045456156	0.38608469792530586	0.18421052631578946	0.3526170798898072	0.4355300859598854	0.21176470588235294	0.3689655172413793	0.4558303886925795	0.266239099070683	117.0	144.0	70.0	46.0	73.0	27.0
subimage_A10	5737	0.33881219442047744	0.38252409638554213	0.20586343862303763	0.3498542274052478	0.42042042042042044	0.2298507462686567	0.3670886075949367	0.43788819875776397	0.26913173634365684	115.0	139.0	75.0	39.0	62.0	23.0
subimage_H11	13163	0.3389830508474576	0.3799161203350578	0.18772563176895307	0.34843205574912894	0.43613707165109034	0.21678321678321677	0.3651857959121064	0.45652173913043476	0.26732673267326734	113.0	141.0	69.0	42.0	69.0	28.0
subimage_G11	7265	0.34285714285714286	0.3811659192825112	0.17264312328638717	0.3522727272727273	0.43373493975903615	0.21428571428571427	0.3711593194611347	0.46153846153846156	0.2719059700719722	119.0	146.0	72.0	45.0	73.0	27.0
subimage_F11	10460	0.34408602150537637	0.3871794871794872	0.2	0.35454545454545455	0.4245810055865922	0.2185710546120873	0.36827195467422097	0.4444444444444444	0.2627906976744186	125.0	150.0	77.0	48.0	73.0	24.0
subimage_E11	11372	0.34452628612420577	0.3972772813012152	0.1901937730945351	0.35240963855421686	0.43600347067439343	0.21052631578947367	0.3620211846899298	0.45481927710843373	0.2543913998190364	126.0	156.0	75.0	50.0	81.0	30.0
subimage_D11	8745	0.34467120181405897	0.3844413362262827	0.17101350029348464	0.3519061583577713	0.4304461942257218	0.21763085399449036	0.36690180323273847	0.46381578947368424	0.26744186046511625	125.0	152.0	78.0	48.0	76.0	28.0
subimage_C11	6802	0.34190231362467866	0.38235617323852616	0.17484662576687116	0.3532608695652174	0.4289855072463768	0.21921921921921922	0.370247969015681	0.45768025078369906	0.27014218009478674	122.0	148.0	75.0	46.0	72.0	26.0
subimage_B11	8415	0.3463855421686747	0.3835294117647059	0.17570589759088162	0.35542168674698793	0.4309859154929577	0.21388888888888888	0.37293729372937295	0.4542372881355932	0.2660099762470309	122.0	148.0	74.0	48.0	74.0	26.0
subimage_A11	8756	0.34534534534534533	0.38063063063063063	0.17721518987341772	0.35277372853903466	0.42492917847025496	0.22279824060705772	0.37261146496815284	0.45454545454545453	0.27065502945220943	124.0	150.0	77.0	45.0	70.0	25.0
subimage_H12	5653	0.3374173129134354	0.3870967741935484	0.21232876712328766	0.3448275862068966	0.42507645259938837	0.23052959501557632	0.35294117647058826	0.44	0.26894865525672373	113.0	139.0	75.0	37.0	63.0	26.0
subimage_G12	9972	0.3379844470830981	0.3840909090909091	0.17777777777777778	0.3489736070381232	0.4297520661157025	0.22284122562674094	0.36038961038961037	0.4659498207885305	0.26865671641791045	114.0	141.0	74.0	42.0	69.0	27.0
subimage_F12	9821	0.3398876404494382	0.3850415512465374	0.18269230769230768	0.3474320241691843	0.4355300859598854	0.21724137931034482	0.3617886178861789	0.4609053497942387	0.2665094339622642	113.0	141.0	70.0	41.0	68.0	28.0
subimage_E12	8652	0.3427835051546392	0.385	0.17164179104477612	0.35064935064935066	0.4339899297294306	0.21551724137931033	0.3652694610778443	0.4666666666666667	0.26715686274509803	115.0	142.0	70.0	44.0	71.0	27.0
subimage_D12	5920	0.3419811320754717	0.3870967741935484	0.2038549946482778	0.35106382978723405	0.428169014084507	0.22039473684210525	0.358695652173913	0.44299880427163646	0.2680020618556701	127.0	154.0	79.0	46.0	73.0	27.0
subimage_C12	6345	0.3434945338436489	0.3929575923392613	0.20579710144927535	0.3504273504273504	0.42857142857142855	0.22093023255813954	0.3567567567567568	0.4426751592356688	0.26038398202637325	122.0	149.0	77.0	44.0	71.0	27.0
subimage_B12	5725	0.34285714285714286	0.38795180722891565	0.2062937062937063	0.34890965732087226	0.42424242424242425	0.22674418604651161	0.35542168674698793	0.4429530201342282	0.2656974604343026	121.0	147.0	79.0	42.0	68.0	26.0
subimage_A12	5546	0.3427808429308361	0.39372118640610343	0.19729028735239915	0.35	0.43174603174603177	0.21794871794871795	0.3597122302158273	0.44876325088339225	0.25966140692241046	113.0	139.0	70.0	42.0	68.0	26.0