subimage	all_plant_pixels	ratio_r_q5	ratio_g_q5	ratio_b_q5	ratio_r_median	ratio_g_median	ratio_b_median	ratio_r_q95	ratio_g_q95	ratio_b_q95	pix_r_median	pix_g_median	pix_b_median	diff_rb_median	diff_gb_median	diff_gr_median
subimage_H1	4144	0.33251833740831294	0.38242894056847543	0.20625	0.3438485804416404	0.42356687898089174	0.2318840579710145	0.3562091503267974	0.4429530201342282	0.2786885245901639	114.0	140.0	76.0	37.0	63.0	26.0
subimage_G1	6128	0.3333333333333333	0.38047150291554327	0.19729483766750847	0.3424657534246575	0.4307228915662651	0.22572178477690288	0.3556231003039514	0.45544554455445546	0.2813299232736573	118.0	144.0	79.0	40.0	71.0	30.0
subimage_F1	4225	0.33153638814016173	0.38696095571095573	0.1933534743202417	0.3418803418803419	0.4269340974212034	0.23249299719887956	0.3610223642172524	0.4488921630795628	0.27706413056371537	118.0	147.0	79.0	38.0	67.0	28.0
subimage_E1	4320	0.341794649730562	0.3851666315123392	0.1994459833795014	0.35405405405405405	0.42151162790697677	0.22537035685616288	0.36363636363636365	0.441340782122905	0.26852184918731686	134.0	159.0	84.0	47.0	72.0	25.0
subimage_D1	1423	0.3363431151241535	0.3822957692796341	0.20512820512820512	0.3471615720524017	0.4013761467889908	0.2523364485981308	0.36316374856486794	0.43358395989974935	0.2785785279206332	150.0	174.0	110.0	41.0	65.0	24.0
subimage_C1	6503	0.3313253012048193	0.38611928437963106	0.19047619047619047	0.3400576368876081	0.43440233236151604	0.22522522522522523	0.3538961038961039	0.46078431372549017	0.27540046595284945	113.0	144.0	75.0	38.0	69.0	31.0
subimage_B1	5731	0.334379929022082	0.3910761154855643	0.2064516129032258	0.34177215189873417	0.4411764705882353	0.21753246753246752	0.34838709677419355	0.44965235864999276	0.2713752134756914	107.0	138.0	68.0	39.0	70.0	31.0
subimage_A1	5764	0.33346702317290555	0.2653782468467431	0.2300363590035085	0.36433373049144635	0.3406998158379374	0.27114335042972876	0.5014278490765933	0.403030303030303	0.30918727915194344	184.0	146.0	115.0	38.0	28.0	-13.0
subimage_H2	6485	0.33250485436893207	0.39078227876353083	0.19727891156462585	0.3449197860962567	0.43478260869565216	0.22038567493112948	0.3547400611620795	0.45514950166112955	0.2703219966377861	115.0	144.0	75.0	42.0	72.0	31.0
subimage_G2	7968	0.335238767735155	0.38333333333333336	0.18894303521506065	0.34360711526817966	0.436241610738255	0.21904761904761905	0.35986159169550175	0.4603174603174603	0.2766817800995515	113.0	142.0	71.0	39.0	69.0	28.0
subimage_F2	8361	0.32407407407407407	0.3976945244956772	0.19613259668508287	0.33584905660377357	0.44224422442244227	0.22145328719723184	0.35	0.4620938628158845	0.271875	102.0	133.0	66.0	34.0	65.0	32.0
subimage_E2	5779	0.33126934984520123	0.39243199569081605	0.21355570299776824	0.33797909407665505	0.4368932038834951	0.225	0.3438485804416404	0.4482758620689655	0.27047745771448434	108.0	139.0	72.0	35.0	67.0	31.0
subimage_D2	7420	0.3343108504398827	0.3803827751196172	0.17581890952497983	0.3426183844011142	0.4289772727272727	0.23076923076923078	0.36764705882352944	0.45819397993311034	0.2791762013729977	118.0	149.0	79.0	38.0	68.0	26.0
subimage_C2	8411	0.33029957893283635	0.3920096761724254	0.20299629671192906	0.3411764705882353	0.4332344213649852	0.22437673130193905	0.3568766022309984	0.45145783751480906	0.2707774798927614	114.0	144.0	74.0	38.0	68.0	30.0
subimage_B2	7876	0.32786885245901637	0.3913917706026343	0.21212121212121213	0.3375	0.4327485380116959	0.22857142857142856	0.3493975903614458	0.4473684210526316	0.27346047794117645	110.0	141.0	74.0	35.0	66.0	31.0
subimage_A2	4185	0.33237322648449813	0.3742857142857143	0.2222222222222222	0.34441087613293053	0.4148606811145511	0.24115755627009647	0.3742292703630821	0.4276729559748428	0.2737570150159259	112.0	136.0	79.0	34.0	56.0	23.0
subimage_H3	8030	0.32894736842105265	0.38650771719350274	0.2079344172949405	0.3384146341463415	0.43333333333333335	0.22807017543859648	0.3514376996805112	0.4506578947368421	0.2755905511811024	109.0	139.0	72.0	36.0	67.0	31.0
subimage_G3	5577	0.3322475570032573	0.387409200968523	0.20737250554323725	0.34054054054054056	0.4309859154929577	0.22666666666666666	0.35356783626583477	0.449685534591195	0.2748211502338036	120.0	151.0	80.0	40.0	73.0	32.0
subimage_F3	2212	0.3353037179263397	0.3820383174877557	0.19650890783652297	0.3575268817204301	0.42513368983957217	0.21774193548387097	0.36827538152243444	0.44126074498567336	0.27640908871279474	132.0	156.0	79.0	51.0	75.0	24.0
subimage_E3	8931	0.32616487455197135	0.3918269230769231	0.2	0.33663366336633666	0.4411764705882353	0.2222222222222222	0.35125448028673834	0.4542372881355932	0.27052405914570576	104.0	135.0	67.0	35.0	66.0	32.0
subimage_D3	5693	0.335015228426396	0.38645080270169363	0.19055997765675184	0.34594594594594597	0.43154761904761907	0.22255192878338279	0.3603720603720603	0.45335048231511255	0.27383863080684595	120.0	149.0	77.0	42.0	72.0	29.0
subimage_C3	10105	0.32577903682719545	0.39897956547572916	0.20175438596491227	0.33994334277620397	0.4368932038834951	0.2222222222222222	0.3541666666666667	0.45426829268292684	0.26715014773032497	113.0	145.0	72.0	38.0	70.0	31.0
subimage_B3	9551	0.3273327284118651	0.39333399796338364	0.19827586206896552	0.3409090909090909	0.439873417721519	0.2197452229299363	0.35275080906148865	0.4563758389261745	0.2699458509749705	110.0	142.0	70.0	39.0	70.0	32.0
subimage_A3	8623	0.3333333333333333	0.3814713896457766	0.1943660745384883	0.34234234234234234	0.43154761904761907	0.22602739726027396	0.3583306188925081	0.453416149068323	0.2777777777777778	113.0	142.0	73.0	38.0	67.0	29.0
subimage_H4	5494	0.328	0.38848920863309355	0.21019108280254778	0.3411458333333333	0.4290172138489699	0.2282166782166782	0.3520855904658721	0.4483870967741935	0.27717391304347827	117.0	147.0	79.0	39.0	69.0	30.0
subimage_G4	1462	0.34719481822171305	0.3717057412893215	0.2063592019511415	0.35877862595419846	0.406799248196688	0.2284193261032479	0.38082191780821917	0.43313497979195653	0.27294117647058824	137.0	153.0	85.0	48.0	68.0	17.5
subimage_F4	5185	0.3346448940793047	0.38478461230214384	0.18518518518518517	0.34560906515580736	0.43125	0.22429906542056074	0.36363636363636365	0.45582077353909767	0.2753623188405797	121.0	150.0	78.0	42.0	71.0	29.0
subimage_E4	10124	0.32608695652173914	0.3925035046728972	0.1918819188191882	0.34108527131782945	0.44171779141104295	0.21635883905013192	0.35772357723577236	0.4642857142857143	0.27121958699652426	111.0	140.0	69.0	38.0	70.0	31.0
subimage_D4	6075	0.3353115727002967	0.3811764705882353	0.18045980131371803	0.34545454545454546	0.4332344213649852	0.22028985507246376	0.3723076923076923	0.45686900958466453	0.2781456953642384	120.0	148.0	74.0	41.0	72.0	26.0
subimage_C4	7552	0.3333333333333333	0.3889686684073107	0.19310344827586207	0.3439306358381503	0.43714285714285717	0.21895424836601307	0.36227544910179643	0.4542483660130719	0.2703659857203164	116.0	147.0	72.0	42.0	73.0	31.0
subimage_B4	5771	0.3333333333333333	0.3829268292682927	0.1884278225628827	0.34818941504178275	0.4297752808988764	0.22321428571428573	0.36303630363036304	0.45182724252491696	0.27791268573584105	120.0	149.0	77.0	42.0	71.0	27.0
subimage_A4	5597	0.3351618408839117	0.3866929392446634	0.19384615384615383	0.3455056179775281	0.42901234567901236	0.22448979591836735	0.36721311475409835	0.44518272425249167	0.2715798709030519	117.0	145.0	75.0	40.0	68.0	26.0
subimage_H5	2518	0.33140178072175147	0.3653388278388278	0.24443372633083243	0.3424657534246575	0.39403973509933776	0.26353790613718414	0.35714285714285715	0.41333333333333333	0.28362898611038856	103.0	119.0	79.0	24.0	39.0	16.0
subimage_G5	5842	0.33516559617667646	0.3817733990147783	0.1864951768488746	0.34967320261437906	0.430499497297061	0.22115384615384615	0.3659305993690852	0.45674740484429066	0.27749934554973826	119.0	147.0	75.0	44.0	72.0	27.0
subimage_F5	7807	0.3342964613631794	0.38443558136522604	0.14776632302405499	0.3464788732394366	0.42592592592592593	0.22933333333333333	0.3738797055146548	0.48691708893295144	0.27294117647058824	118.0	146.0	78.0	40.0	67.0	27.0
subimage_E5	7936	0.3333333333333333	0.38213399503722084	0.18080116378086858	0.3421686746987952	0.43670886075949367	0.22295081967213115	0.36363636363636365	0.460431654676259	0.2762320299651698	111.0	142.0	73.0	38.0	69.0	29.0
subimage_D5	5385	0.3342391304347826	0.38164251207729466	0.18181818181818182	0.3455056179775281	0.4247787610619469	0.22946859903381642	0.37119113573407203	0.4495624355550855	0.27860696517412936	126.0	153.0	82.0	41.0	69.0	26.0
subimage_C5	6663	0.32648339541472116	0.3887468030690537	0.20433689609502198	0.3404255319148936	0.43125	0.2282958199356913	0.35314569918530314	0.4492307692307692	0.2762402679063458	113.0	143.0	74.0	36.0	65.0	29.0
subimage_B5	7766	0.3277591973244147	0.3886138613861386	0.2063953488372093	0.3375796178343949	0.43125	0.22955974842767296	0.3546666666666667	0.44871794871794873	0.27543424317617865	112.0	143.0	76.0	35.0	66.0	31.0
subimage_A5	5750	0.3300970873786408	0.38055555555555554	0.216887402551382	0.34688346883468835	0.42	0.23418026155437444	0.36231884057971014	0.4332344213649852	0.2755748031496063	118.0	144.0	78.0	39.0	64.0	26.0
subimage_H6	4055	0.32998477157360406	0.3832747281849078	0.21264367816091953	0.34796238244514105	0.4199395770392749	0.23180592991913745	0.36015454828337307	0.4388188553634704	0.27306964056482663	116.0	138.0	77.0	37.0	62.0	24.0
subimage_G6	3214	0.3352322531175592	0.38006632653061223	0.2190380128996844	0.34946236559139787	0.41430796617712506	0.23684210526315788	0.36533333333333334	0.42857142857142855	0.2739018087855297	124.0	146.0	83.0	40.0	63.0	23.0
subimage_F6	5523	0.3352112676056338	0.3870967741935484	0.17608182369042394	0.3436619718309859	0.43597560975609756	0.21983914209115282	0.3689542725857852	0.4604105571847507	0.2723404255319149	120.0	152.0	75.0	42.0	74.0	30.0
subimage_E6	9918	0.32727272727272727	0.39509536784741145	0.19325153374233128	0.3383233532934132	0.4417808219178082	0.2202273508681451	0.35034386017180597	0.46258503401360546	0.2695716112531969	108.0	140.0	68.0	37.0	70.0	32.0
subimage_D6	5839	0.3333333333333333	0.38779990044798407	0.1787878787878788	0.34818941504178275	0.43023255813953487	0.22375690607734808	0.3639344262295082	0.4605861263336957	0.2723364767255216	123.0	153.0	80.0	45.0	74.0	29.0
subimage_C6	6796	0.3274647887323944	0.383819747288382	0.18575851393188855	0.3494318181818182	0.4327485380116959	0.21893491124260356	0.3670520231213873	0.45819397993311034	0.2718503982189171	123.0	151.0	76.0	45.0	74.0	29.0
subimage_B6	4006	0.3333333333333333	0.38503298184794643	0.19603665329768272	0.34289140116478245	0.4260976654529878	0.2316715542521994	0.3620689655172414	0.44574780058651026	0.27715546156091414	124.0	153.0	83.0	39.0	69.0	28.0
subimage_A6	6363	0.3342776203966006	0.38481746335787964	0.20376175548589343	0.34576271186440677	0.42249240121580545	0.2310126582278481	0.360754972875226	0.4437063490269647	0.27472527472527475	113.0	138.0	75.0	36.0	61.0	24.0
subimage_H7	5544	0.33676092544987146	0.3855182411890553	0.1875	0.34824281150159747	0.42857142857142855	0.22324159021406728	0.36334071362609727	0.4548478800302082	0.27386934673366836	116.0	142.0	73.0	41.0	67.0	26.0
subimage_G7	7947	0.33236994219653176	0.39466860371267154	0.2080365453387547	0.34124629080118696	0.43529411764705883	0.22330097087378642	0.34967320261437906	0.447098976109215	0.2653061224489796	114.0	146.0	75.0	39.0	70.0	31.0
subimage_F7	1851	0.3373314152130912	0.3694802759862007	0.2006172839506173	0.35911602209944754	0.41025641025641024	0.22546419098143236	0.38026060554946445	0.4415204678362573	0.2757731958762887	134.0	153.0	83.0	48.0	69.0	17.0
subimage_E7	7313	0.33901202375778644	0.39593908629441626	0.19488817891373802	0.3476923076923077	0.44345238095238093	0.20833333333333334	0.3553459119496855	0.4552999334537503	0.26080715623049716	113.0	145.0	67.0	45.0	76.0	31.0
subimage_D7	5042	0.33518005540166207	0.3867051913603638	0.17647058823529413	0.3524804177545692	0.43271767810026385	0.21671018276762402	0.3654970760233918	0.4612903225806452	0.2700693430656934	125.0	154.0	77.0	48.0	77.0	29.0
subimage_C7	4849	0.338488949802981	0.38146551724137934	0.18401213030293148	0.35175879396984927	0.42359249329758714	0.22371967654986524	0.3730405460975409	0.44693815229301764	0.27654867256637167	134.0	160.0	84.0	47.0	75.0	25.0
subimage_B7	12640	0.3231939163498099	0.3968253968253968	0.19488641702687465	0.3359073359073359	0.4411764705882353	0.22456140350877193	0.3497003381319726	0.46096654275092935	0.26804123711340205	101.0	131.0	66.0	32.0	63.0	31.0
subimage_A7	4172	0.33929061859360254	0.3857823455384431	0.20063694267515925	0.35142118863049093	0.41690962099125367	0.23162302375344448	0.3624356551769075	0.4431137724550898	0.2683204692806422	127.0	151.0	84.0	43.0	67.0	24.0
subimage_H8	4388	0.331734785202864	0.3853594631128261	0.21008403361344538	0.34375	0.42342342342342343	0.23178807947019867	0.35555555555555557	0.4421364985163205	0.27638190954773867	119.0	148.0	80.0	38.0	64.0	27.0
subimage_G8	5836	0.33498453715361387	0.3875432525951557	0.18960244648318042	0.343990171990172	0.43529411764705883	0.22128851540616246	0.36177936986760517	0.4536741214057508	0.27209302325581397	119.0	150.0	76.0	42.0	73.0	31.0
subimage_F8	4633	0.3365064642739992	0.38311688311688313	0.19090909090909092	0.3487179487179487	0.4244031830238727	0.22615803814713897	0.3613707165109034	0.4514178235557546	0.2766617758214397	129.0	156.0	83.0	45.0	73.0	27.0
subimage_E8	5262	0.3414123777801655	0.38686131386861317	0.19117647058823528	0.35324675324675325	0.42744063324538256	0.21937321937321938	0.37905018794122564	0.4419728604903298	0.2661718154887854	137.0	161.0	82.0	49.0	77.0	27.0
subimage_D8	6586	0.3393258426966292	0.3811659192825112	0.1842304022897122	0.3477157360406091	0.42570349046419576	0.22493224932249323	0.3649425287356322	0.45507246376811594	0.2777777777777778	129.0	157.0	83.0	45.0	74.0	27.0
subimage_C8	882	0.355119825708061	0.3490990990990991	0.2536699102742323	0.36363636363636365	0.3558210871736339	0.28132387706855794	0.37930586654724585	0.3695150115473441	0.29272986954565905	162.5	159.0	126.0	37.0	34.0	-4.0
subimage_B8	3610	0.33517168427140726	0.37923465776485443	0.2010789427672223	0.34846338741522875	0.4266841186736475	0.2254335260115607	0.3628702018203403	0.44680851063829785	0.27912616418138314	122.0	149.0	78.0	42.0	69.0	27.0
subimage_A8	6404	0.3323554913294798	0.3920664098210787	0.21328671328671328	0.34076433121019106	0.432258064516129	0.22712933753943218	0.3497536945812808	0.4416961130742049	0.2686918592632406	105.0	133.0	70.0	35.0	63.0	28.0
subimage_H9	9376	0.32867132867132864	0.3920340909090909	0.20439677730340175	0.3389261744966443	0.43934426229508194	0.2202273508681451	0.3516819571865443	0.4527687296416938	0.2702073191203626	106.0	137.0	67.0	36.0	67.0	31.0
subimage_G9	5566	0.3343558282208589	0.3847926267281106	0.18711656441717792	0.34615384615384615	0.4319526627218935	0.2222222222222222	0.36568975510795537	0.4525316455696203	0.27555555555555555	121.0	150.0	77.0	42.0	72.0	28.0
subimage_F9	6349	0.33731628936656427	0.3816793893129771	0.18452380952380953	0.34782608695652173	0.4255952380952381	0.22625698324022347	0.36156351791530944	0.45642420944434364	0.27854636591478693	120.0	148.0	78.0	42.0	68.0	27.0
subimage_E9	7168	0.3353846153846154	0.38299580324028887	0.18277159807193177	0.34656562183637996	0.43142857142857144	0.2212764416111272	0.3673469387755102	0.4589041095890411	0.27491899309279183	118.0	147.0	75.0	42.0	71.0	28.0
subimage_D9	1300	0.3435890273599771	0.3628233126970261	0.2153846153846154	0.3619791666666667	0.394704982795973	0.2430939226519337	0.3762086297054143	0.41775632860169043	0.28085612968591694	134.0	149.0	88.0	43.0	55.0	13.0
subimage_C9	5318	0.33581813156440027	0.38311688311688313	0.17917781037011474	0.3498542274052478	0.43478260869565216	0.21529745042492918	0.3695090439276486	0.459375	0.27586206896551724	123.0	153.0	75.0	46.0	76.0	29.0
subimage_B9	7102	0.33418400136404175	0.381294964028777	0.18154313839027214	0.3485342019543974	0.43434343434343436	0.21551724137931033	0.36538461538461536	0.4598516675663623	0.27906689635371806	116.0	144.0	70.0	43.0	71.0	27.0
subimage_A9	5457	0.33424508636092914	0.38700231928875145	0.1848184818481848	0.34492753623188405	0.4349112426035503	0.2188449848024316	0.360870445754096	0.4584717607973422	0.27293799583388734	114.0	142.0	71.0	41.0	71.0	29.0
subimage_H10	5170	0.33625496986020265	0.38461538461538464	0.20139993129171574	0.34770114942528735	0.43034055727554177	0.22056602097032166	0.3658212821066264	0.44406246296076807	0.2758220760753644	115.0	141.0	72.0	41.0	68.0	26.0
subimage_G10	6049	0.3333333333333333	0.3822745098039216	0.18894560004103722	0.34069400630914826	0.43582089552238806	0.22321428571428573	0.3620442466938573	0.4605809128630705	0.2777777777777778	111.0	141.0	72.0	37.0	68.0	30.0
subimage_F10	10180	0.3273381294964029	0.39150500784055847	0.15987460815047022	0.3416149068322981	0.43853820598006643	0.21967213114754097	0.3651334269662921	0.47774480712166173	0.27020231180161897	107.0	138.0	68.0	38.0	67.0	31.0
subimage_E10	6625	0.33906633906633904	0.38333333333333336	0.18241482524870148	0.34911242603550297	0.4281524926686217	0.2219020172910663	0.3643415953791035	0.4570446735395189	0.27610208816705334	124.0	151.0	78.0	45.0	72.0	27.0
subimage_D10	5525	0.33432835820895523	0.38097335850639813	0.18902439024390244	0.34782608695652173	0.4266666666666667	0.22448979591836735	0.3685783340526543	0.4506172839506173	0.27681637032495404	127.0	154.0	81.0	44.0	72.0	27.0
subimage_C10	6847	0.33783783783783783	0.381294964028777	0.18349654674775798	0.3495702005730659	0.4281524926686217	0.2235294117647059	0.37	0.45514950166112955	0.2746987951807229	124.0	152.0	79.0	44.0	73.0	26.0
subimage_B10	7527	0.33507853403141363	0.38979118329466356	0.19521651829344136	0.348993288590604	0.430939226519337	0.21926910299003322	0.3613707165109034	0.4481707317073171	0.27092099519860324	118.0	146.0	74.0	43.0	71.0	27.0
subimage_A10	7098	0.3333333333333333	0.38235294117647056	0.17966101694915254	0.34397163120567376	0.43630573248407645	0.22188899480225177	0.3620254783587435	0.4690070472163495	0.27602905569007263	107.0	136.0	68.0	37.0	66.0	28.0
subimage_H11	4441	0.3385416666666667	0.3797752808988764	0.2	0.3498452012383901	0.41620111731843573	0.23306233062330622	0.3634020618556701	0.44744744744744747	0.275609756097561	125.0	149.0	84.0	42.0	66.0	24.0
subimage_G11	9230	0.3333333333333333	0.38022569444444443	0.18335928489042674	0.342448757605629	0.43283582089552236	0.22530864197530864	0.3612167300380228	0.4666666666666667	0.27817001571156863	112.0	141.0	73.0	36.0	66.0	28.0
subimage_F11	4308	0.3333333333333333	0.3893569892473118	0.18813940623271252	0.34411764705882353	0.43451430092803894	0.22085889570552147	0.3681356188746358	0.44785276073619634	0.26730310262529833	119.0	148.0	75.0	41.0	73.0	29.0
subimage_E11	6858	0.3344036086591435	0.38405797101449274	0.18275346545996105	0.3492499812495312	0.43515850144092216	0.21676300578034682	0.36550635147788907	0.45912912334745215	0.2719844274896088	119.0	149.0	74.0	46.0	75.0	30.0
subimage_D11	6959	0.3361690106984012	0.38313253012048193	0.18540862675455072	0.35240963855421686	0.43843843843843844	0.2080745341614907	0.3659942363112392	0.45722713864306785	0.2714285714285714	120.0	149.0	70.0	48.0	77.0	29.0
subimage_C11	8987	0.3415253554597817	0.37857142857142856	0.18551544982225868	0.3545706371191136	0.42441860465116277	0.22077922077922077	0.3776435045317221	0.4444444444444444	0.2718204488778055	128.0	150.0	78.0	45.0	72.0	21.0
subimage_B11	9901	0.3241590214067278	0.39779005524861877	0.2049469964664311	0.336734693877551	0.4383116883116883	0.2236842105263158	0.3510971786833856	0.4521452145214521	0.2689295039164491	104.0	135.0	68.0	34.0	66.0	31.0
subimage_A11	4606	0.33791208791208793	0.3891787405962664	0.19062761287625418	0.34870317002881845	0.42857142857142855	0.2232560152328198	0.35962145110410093	0.45229681978798586	0.26891410906941227	115.0	141.0	74.0	41.0	68.0	27.0
subimage_H12	2624	0.34795930701047545	0.3512469274391778	0.24	0.3584905660377358	0.37965438700732823	0.265641873650108	0.3652360091994305	0.4028923395445135	0.2931306378350713	141.0	153.0	104.0	40.0	48.0	9.0
subimage_G12	5112	0.3383084577114428	0.38369304556354916	0.20602436323366555	0.34748010610079577	0.41690962099125367	0.23544973544973544	0.3611111111111111	0.440625	0.27296587926509186	119.0	143.0	82.0	39.0	62.0	23.0
subimage_F12	6716	0.3352941176470588	0.3804878048780488	0.17421602787456447	0.34726688102893893	0.43636363636363634	0.21835443037974683	0.3720136518771331	0.46	0.27603587627459675	115.0	142.0	71.0	42.0	71.0	26.0
subimage_E12	7026	0.3303303303303303	0.39143796455117214	0.20462046204620463	0.3395638629283489	0.43573667711598746	0.22324159021406728	0.3516646936963599	0.45394736842105265	0.268733850129199	109.0	140.0	70.0	38.0	67.0	31.0
subimage_D12	7130	0.33430232558139533	0.38164251207729466	0.19345238095238096	0.34796238244514105	0.43119266055045874	0.21921921921921922	0.3620178041543027	0.4507936507936508	0.2789598108747045	119.0	147.0	75.0	43.0	71.0	27.0
subimage_C12	3392	0.33464175104014715	0.3863080684596577	0.20365535248041775	0.35054347826086957	0.41909814323607425	0.22969187675070027	0.3715772045296595	0.4344262295081967	0.2726087893149504	128.0	153.0	83.0	43.0	69.0	24.0
subimage_B12	5973	0.33499503722084367	0.382394858180802	0.19072053126729385	0.34656084656084657	0.42771084337349397	0.22580645161290322	0.3583061889250814	0.4551282051282051	0.2772806669313219	117.0	145.0	76.0	41.0	68.0	28.0
subimage_A12	2890	0.3272359625668449	0.3804347826086957	0.2315112540192926	0.3438440609944592	0.397212543554007	0.26092573868104707	0.36068793911007024	0.41714285714285715	0.28431372549019607	106.0	123.0	81.0	28.0	41.0	18.0