subimage	all_plant_pixels	ratio_r_q5	ratio_g_q5	ratio_b_q5	ratio_r_median	ratio_g_median	ratio_b_median	ratio_r_q95	ratio_g_q95	ratio_b_q95	pix_r_median	pix_g_median	pix_b_	diff_rb_median	diff_gb_median	diff_gr_median
subimage_H1	4030	0.34146341463414637	0.39432112261288593	0.18512437810945273	0.35733702677747	0.44141689373297005	0.20125786163522014	0.36615384615384616	0.45425867507886436	0.25860293537441803	124.0	152.0	69.0	53.0	81.0	29.0
subimage_G1	2298	0.3515151515151515	0.37104072398190047	0.21512216089278882	0.3673751268463187	0.393570532221156	0.2370696437888739	0.3898678414096916	0.4084635863964274	0.2650594183343359	132.0	142.0	88.0	45.0	57.0	8.0
subimage_F1	1622	0.33762057877813506	0.38873239436619716	0.22028268341827664	0.3443708609271523	0.4174757281553398	0.23711340206185566	0.3515358361774744	0.4377224199288256	0.268798172994576	106.0	128.0	73.0	33.0	55.0	22.0
subimage_E1	2401	0.33707865168539325	0.38337801608579086	0.20152091254752852	0.34674922600619196	0.43465045592705165	0.21981424148606812	0.35648148148148145	0.4485294117647059	0.27817745803357313	107.0	133.0	68.0	39.0	66.0	27.0
subimage_D1	3104	0.3388751893053386	0.3902532354405177	0.1971401888030693	0.3470031545741325	0.43243243243243246	0.22093023255813954	0.3538394062078273	0.4532797291578502	0.26525198938992045	113.0	141.0	72.0	41.0	69.0	28.0
subimage_C1	1947	0.3333333333333333	0.3868885448916409	0.21292775665399238	0.34256055363321797	0.4236111111111111	0.2328767123287671	0.35526315789473684	0.44302131912058623	0.2685582306830907	100.0	124.0	68.0	31.0	54.0	24.0
subimage_B1	2645	0.3435374149659864	0.36785652447303907	0.20170454545454544	0.36772486772486773	0.4033898305084746	0.234375	0.38809352670077374	0.4230769230769231	0.26884422110552764	126.0	135.0	75.0	46.0	53.0	13.0
subimage_A1	2071	0.3410500325383762	0.11808287437713087	0.21966990876226544	0.3505747126436782	0.39372822299651566	0.2571428571428571	0.39323184094349806	0.42244224422442245	0.4936546184738956	108.0	122.0	79.0	29.0	42.0	13.0
subimage_H2	5891	0.34251819044606135	0.3930939850154502	0.18210862619808307	0.3525641025641026	0.44370860927152317	0.2037037037037037	0.3605015673981191	0.4605678233438486	0.26049162179842	118.0	148.0	68.0	49.0	79.0	30.0
subimage_G2	2998	0.3436619718309859	0.39164906103286384	0.1938168498168498	0.35398230088495575	0.43015229203336647	0.21508379888268156	0.36441048574393436	0.4504792332268371	0.25925925925925924	121.0	147.0	73.0	47.0	73.0	26.0
subimage_F2	2063	0.35407936396256945	0.35200408163265307	0.21340247900934833	0.36716417910447763	0.38127090301003347	0.25205479452054796	0.3893111197786074	0.4041078372981116	0.28893374640191244	129.0	130.0	87.0	39.0	43.0	4.0
subimage_E2	3192	0.3446060291060291	0.3822134623237114	0.20214878254858282	0.3547297297297297	0.4106523475213655	0.23529411764705882	0.37625272696761203	0.4326923076923077	0.2647058823529412	112.0	130.0	73.0	37.0	54.0	18.0
subimage_D2	3994	0.3394029129564437	0.3992439878662789	0.17982456140350878	0.34915254237288135	0.434375	0.215625	0.35542168674698793	0.4721030042918455	0.254699924832852	113.0	139.0	70.0	43.0	70.0	27.0
subimage_C2	1582	0.34339966737397487	0.36393498382959744	0.2226291628649635	0.35526315789473684	0.39144736842105265	0.2528980166175288	0.3782840909090909	0.41992214543378714	0.2775890641430073	108.0	120.0	77.0	32.0	42.0	12.0
subimage_B2	1685	0.33780168127994215	0.38623647248445775	0.19493635276742388	0.3465346534653465	0.4186046511627907	0.236	0.36087866725637624	0.4538332255979315	0.266154768492898	100.0	120.0	68.0	31.0	52.0	20.0
subimage_A2	2344	0.33022664265912144	0.3872859895403248	0.18672925714839272	0.34274193548387094	0.41056117113977	0.24745762711864408	0.36050753568220384	0.46120689655172414	0.27578022697512	98.0	118.0	71.0	28.0	47.0	20.0
subimage_H3	2523	0.33798071846852334	0.394205060214341	0.19463343408986117	0.3465346534653465	0.44025157232704404	0.2126984126984127	0.3542674185976906	0.45724907063197023	0.26395234066553863	110.0	140.0	68.0	42.0	72.0	29.0
subimage_G3	2514	0.3433682096808286	0.39677123236327366	0.17687074829931973	0.3547400611620795	0.43465045592705165	0.21176470588235294	0.3678571428571429	0.45647250416603546	0.2566496880675985	119.0	146.0	71.0	49.0	76.0	27.0
subimage_F3	3592	0.3441655228240594	0.3891879099830645	0.17192982456140352	0.35443037974683544	0.4267515923566879	0.22151898734177214	0.3713355048859935	0.46179401993355484	0.2590471931169605	117.0	141.0	71.0	43.0	66.0	24.0
subimage_E3	2567	0.34825019400900203	0.35492837221095336	0.20056497175141244	0.35714285714285715	0.4180327868852459	0.225201072386059	0.38160684343649637	0.439282406668157	0.2755016211208893	131.0	154.0	81.0	49.0	70.0	23.0
subimage_D3	3250	0.34177215189873417	0.3894217631938494	0.1952752375829299	0.35	0.4342857142857143	0.21551724137931033	0.35618426284020677	0.45222929936305734	0.2667517401392111	121.0	150.0	74.0	46.0	75.0	29.0
subimage_C3	2125	0.34205525690711336	0.3919678391959799	0.20125786163522014	0.34967320261437906	0.43450479233226835	0.215625	0.3614457831325301	0.44481605351170567	0.26028196234750045	110.0	137.0	68.0	42.0	69.0	27.0
subimage_B3	2763	0.34471095753927034	0.36807817589576547	0.20245398773006135	0.36335403726708076	0.403030303030303	0.23529411764705882	0.3817010619596889	0.42474916387959866	0.27066784608580274	120.0	134.0	77.0	43.0	55.0	15.0
subimage_A3	1475	0.33558639517688543	0.386980249080189	0.20471648258732758	0.3492063492063492	0.4230769230769231	0.23148148148148148	0.35957182858965725	0.44358854334279274	0.26854222040482517	108.0	129.0	72.0	36.0	59.0	23.0
subimage_H4	4000	0.33854004917184266	0.3880173820281124	0.2	0.3476967285587975	0.43066770019163275	0.22168942765075955	0.3612046492109312	0.4475557775557775	0.26470966278542263	111.0	138.0	70.0	40.0	66.0	27.0
subimage_G4	2807	0.3482849604221636	0.3934332534406282	0.19620066801441505	0.35674157303370785	0.43626062322946174	0.20679886685552407	0.3621621621621622	0.4457377461248429	0.2576917752465543	127.0	156.0	74.0	53.0	82.0	28.0
subimage_F4	1565	0.341344612286002	0.37804258241758243	0.18843507539159712	0.3547400611620795	0.4264264264264264	0.2197452229299363	0.37373038341896475	0.44925635542884296	0.26660209846650523	114.0	137.0	71.0	43.0	65.0	23.0
subimage_E4	2711	0.349414704271632	0.36864224137931034	0.18507462686567164	0.358600583090379	0.41739130434782606	0.22418879056047197	0.37438399728109145	0.44545454545454544	0.27039294843185785	122.0	143.0	76.0	46.0	65.0	20.0
subimage_D4	4727	0.3458647377206738	0.39326005961251864	0.18548387096774194	0.35958005249343833	0.43731778425655976	0.20234604105571846	0.36790123456790125	0.4537037037037037	0.25789443289443287	140.0	169.0	78.0	59.0	88.0	30.0
subimage_C4	2117	0.3485342019543974	0.3587516814635459	0.20795107033639143	0.36024844720496896	0.38338658146964855	0.25357142857142856	0.38567528035104826	0.4227603210596408	0.2786885245901639	114.0	121.0	79.0	35.0	40.0	8.0
subimage_B4	1872	0.3407817599898596	0.3723541282575116	0.19803778598742627	0.3515604252933482	0.4247787610619469	0.22570532915360503	0.3757950445851201	0.4473684210526316	0.26628514147489407	116.0	141.0	75.0	41.0	65.0	23.0
subimage_A4	2955	0.3451272802226116	0.3647971195125329	0.19879518072289157	0.36085626911314983	0.3992673992673993	0.2423469387755102	0.3871262785208497	0.42735042735042733	0.27327886893104286	116.0	125.0	75.0	38.0	47.0	13.0
subimage_H5	4265	0.34069400630914826	0.39191737763807816	0.1794190305818213	0.35135135135135137	0.437125748502994	0.2119205298013245	0.3673150510204081	0.4612546125461255	0.26072880705792095	114.0	142.0	69.0	45.0	72.0	28.0
subimage_G5	2926	0.34523809523809523	0.373085140053806	0.1974921630094044	0.35276073619631904	0.43843843843843844	0.2087227414330218	0.3611733001658375	0.44871794871794873	0.27615799499884186	116.0	145.0	69.0	47.0	76.0	28.0
subimage_F5	3796	0.3465833934583935	0.3817406772804074	0.16216216216216217	0.3601190476190476	0.41812865497076024	0.22254335260115607	0.38125	0.46012728840204875	0.2607543895467538	124.0	146.0	76.0	47.0	66.0	21.0
subimage_E5	2529	0.3484631518044406	0.37897310513447435	0.19883040935672514	0.35911602209944754	0.41210374639769454	0.22905027932960895	0.384375	0.4289663150524377	0.26430297313710543	127.0	146.0	80.0	45.0	64.0	19.0
subimage_D5	1531	0.35372500655623834	0.35086073532800105	0.21249932459031579	0.3698630136986301	0.3722943722943723	0.25595238095238093	0.3849768624487747	0.4301994301994302	0.2872008681043744	167.0	166.0	114.0	52.0	52.0	-1.0
subimage_C5	2780	0.3460410557184751	0.39233025039476654	0.20116452894391265	0.35391923990498814	0.4331395348837209	0.21301775147928995	0.36188104513204866	0.44375	0.2588844544654376	123.0	151.0	75.0	48.0	76.0	27.0
subimage_B5	1988	0.3396825396825397	0.393064774408058	0.19622641509433963	0.3474025974025974	0.4375	0.21568627450980393	0.3564559452790705	0.4507042253521127	0.26217831752534715	107.0	136.0	67.0	41.0	69.0	28.0
subimage_A5	2076	0.3415196998123827	0.3788379388599653	0.17034700315457413	0.36036036036036034	0.42290570426294516	0.21974926481968737	0.38938742315220687	0.45153958944281525	0.26836360565712913	126.0	146.0	75.0	48.0	69.0	21.0
subimage_H6	4243	0.34062843406593407	0.385187074829932	0.1556420233463035	0.3515850144092219	0.43788819875776397	0.21159420289855072	0.3647772966285184	0.48659003831417624	0.26683873218508136	114.0	142.0	69.0	46.0	74.0	28.0
subimage_G6	2528	0.351010101010101	0.3853904282115869	0.19325153374233128	0.36153846153846153	0.41483516483516486	0.22341874891298047	0.3778838530655391	0.44072948328267475	0.2610458969121711	133.0	154.0	81.0	51.0	70.0	20.0
subimage_F6	2760	0.34757682892011255	0.38620689655172413	0.18151758669017587	0.35816618911174786	0.43342776203966005	0.20899738595159795	0.38194660110420975	0.44410876132930516	0.2615402421652422	125.0	151.0	72.0	52.0	78.0	26.0
subimage_E6	3325	0.3505925394548063	0.34501069529084083	0.18734894259818732	0.35942028985507246	0.41509433962264153	0.22674418604651161	0.3791848098954767	0.44066737288135593	0.29318181818181815	128.0	147.0	80.0	46.0	65.0	20.0
subimage_D6	3385	0.349862258953168	0.37417352906074713	0.20113314447592068	0.3609467455621302	0.41642228739002934	0.22318840579710145	0.3796940418679549	0.4268292682926829	0.26759924627127846	129.0	148.0	79.0	48.0	68.0	19.0
subimage_C6	2431	0.34948794556507323	0.38159313527894223	0.1723687764472855	0.362116991643454	0.4270557029177719	0.21066666666666667	0.38836435972803657	0.44346532091097307	0.26580899589090207	137.0	159.0	78.0	55.0	80.0	21.0
subimage_B6	2244	0.34421364985163205	0.39374893016090384	0.16526448879168945	0.35390946502057613	0.4334418157419246	0.21359223300970873	0.36764705882352944	0.4734848484848485	0.25790754257907544	109.0	133.0	67.0	43.0	68.0	24.0
subimage_A6	2975	0.3417235232651054	0.3865438808373591	0.18233845920763578	0.3493975903614458	0.43934426229508194	0.2113564668769716	0.36247168284789644	0.4612794612794613	0.259529262086514	110.0	138.0	66.0	43.0	71.0	28.0
subimage_H7	2597	0.3432069544890058	0.3815789473684211	0.17391304347826086	0.35294117647058826	0.4303030303030303	0.21779141104294478	0.3737160360769187	0.46129231998402076	0.26758693745137957	121.0	149.0	74.0	46.0	72.0	26.0
subimage_G7	2586	0.35470299573505987	0.36293876363233235	0.20544123328709774	0.37336244541484714	0.4029126213592233	0.22455967606319424	0.38865546218487396	0.4182050859947008	0.27048228278205394	157.0	165.0	98.0	59.0	72.0	12.0
subimage_F7	2127	0.3501903088859611	0.3679587920873498	0.20170454545454544	0.3609467455621302	0.3987915407854985	0.24290220820189273	0.384180790960452	0.4243657505285412	0.27037685572896836	122.0	132.0	79.0	38.0	51.0	13.0
subimage_E7	590	0.3416666666666667	0.3875126008064516	0.20989274016484902	0.35327635327635326	0.41966841923475456	0.22740524781341107	0.3606141768644655	0.43206519712058483	0.2648217043380598	127.0	151.0	82.0	45.0	70.0	24.0
subimage_D7	6404	0.34733986514959964	0.39897891963109355	0.1802546364439211	0.35674157303370785	0.444743935309973	0.19756838905775076	0.36419753086419754	0.4599406528189911	0.2519165952584975	127.0	158.0	71.0	56.0	87.0	31.0
subimage_C7	2364	0.3532402092103585	0.3611329261198371	0.20097030337558752	0.3671059476330848	0.40270881741469977	0.23380281690140844	0.38929440389294406	0.41852452134978196	0.2731465805534654	146.0	155.0	88.0	49.0	62.0	13.0
subimage_B7	2939	0.3546325878594249	0.35431088827315244	0.20353982300884957	0.3698224852071006	0.39825581395348836	0.23076923076923078	0.39635535307517084	0.4126984126984127	0.27594315453166285	134.0	142.0	86.0	48.0	58.0	7.0
subimage_A7	2719	0.34441087613293053	0.3922317576066362	0.1745152354570637	0.36319612590799033	0.425	0.21005917159763313	0.3835135630498534	0.44761904761904764	0.257480269766107	117.0	136.0	70.0	47.0	66.0	21.0
subimage_H8	3254	0.3438454168286135	0.39747483083017	0.152760101010101	0.35365853658536583	0.4394904458598726	0.20679012345679013	0.3682353156405503	0.49050763701707095	0.253860103626943	114.0	140.0	67.0	46.0	74.0	27.0
subimage_G8	2401	0.34210526315789475	0.3945409429280397	0.19736842105263158	0.3510971786833856	0.4389438943894389	0.2099125364431487	0.358974358974359	0.44932432432432434	0.2587601078167116	110.0	138.0	66.0	44.0	72.0	27.0
subimage_F8	2331	0.34545454545454546	0.37662337662337664	0.17956394902502687	0.36199095022624433	0.4124293785310734	0.226775956284153	0.38530760928224506	0.4484848484848485	0.26783856875390055	128.0	147.0	79.0	48.0	64.0	19.0
subimage_E8	3657	0.3399886685552408	0.3994519029437123	0.17866961217476682	0.34818941504178275	0.43125	0.2204968944099379	0.357429718875502	0.4673913043478261	0.2548979878992542	112.0	139.0	71.0	41.0	68.0	27.0
subimage_D8	3954	0.34513274336283184	0.3975987224157956	0.18252912064699137	0.3522388059701492	0.4378698224852071	0.20978968962385292	0.3579663125336202	0.4628975265017668	0.2570990566037736	120.0	149.0	71.0	48.0	77.0	29.0
subimage_C8	4277	0.3474094887992169	0.3865060595652814	0.1784417453891138	0.35733333333333334	0.43243243243243246	0.20923913043478262	0.36965323292892666	0.4590643274853801	0.26234480969499313	131.0	159.0	77.0	55.0	83.0	28.0
subimage_B8	4745	0.3448275862068966	0.38729812110459033	0.16622369878183832	0.35331230283911674	0.4359861591695502	0.2123076923076923	0.37260971991972774	0.46545454545454545	0.2607594936708861	116.0	144.0	70.0	46.0	74.0	27.0
subimage_A8	4621	0.3455056179775281	0.38498789346246975	0.18238993710691823	0.35909090909090907	0.4394904458598726	0.20218579234972678	0.3674033149171271	0.45403899721448465	0.26439232409381663	129.0	158.0	72.0	56.0	83.0	29.0
subimage_H9	2762	0.3422826996603272	0.389278240008167	0.17329734848484848	0.353125	0.43319475078944447	0.21367521367521367	0.3701000830049707	0.4646821373587173	0.26276969433299496	123.0	150.0	75.0	49.0	77.0	28.0
subimage_G9	2928	0.3431372549019608	0.3444321982365461	0.20065097513200478	0.35127478753541075	0.4273255813953488	0.22157434402332363	0.3913973112128147	0.4463667820069204	0.27330759782417974	118.0	144.0	74.0	43.0	69.0	26.0
subimage_F9	2048	0.340770558303384	0.3585625977508006	0.2145146849069765	0.3540296110063552	0.4018839465278599	0.24213836477987422	0.3864224918507787	0.43322475570032576	0.27666666666666667	115.0	134.0	78.0	37.0	52.0	18.0
subimage_E9	5756	0.34373267738359203	0.3938366573074362	0.1853035143769968	0.3524355300859599	0.43441428093485634	0.21333333333333335	0.36363636363636365	0.45794392523364486	0.25734049263046077	120.0	148.0	73.0	47.0	74.0	28.0
subimage_D9	3616	0.34551261711896675	0.40298507462686567	0.17839107079674482	0.3538011695906433	0.4415204678362573	0.20414201183431951	0.3601190476190476	0.4676549083313994	0.2480990175944941	118.0	147.0	68.0	49.0	78.0	29.0
subimage_C9	2268	0.3468802332535885	0.3975609756097561	0.18339100346020762	0.3545302523563393	0.4404597018862947	0.20474777448071216	0.3632644327080678	0.4575645756457565	0.2533963273310751	117.0	145.0	67.0	49.0	78.0	28.0
subimage_B9	2480	0.3398867224792539	0.39621204865434345	0.19503098036203498	0.34868421052631576	0.4358974358974359	0.21575342465753425	0.35777260620409485	0.4525648025748606	0.2586229885057471	109.0	137.0	68.0	41.0	69.0	27.0
subimage_A9	2441	0.34005037783375314	0.3903002309468822	0.19	0.3515850144092219	0.4365781710914454	0.21220930232558138	0.36212624584717606	0.4509090909090909	0.2631578947368421	117.0	145.0	71.0	46.0	74.0	28.0
subimage_H10	3987	0.3441445088577258	0.3898433812486591	0.1797403191148905	0.35543766578249336	0.43731778425655976	0.20795107033639143	0.36538461538461536	0.4586206896551724	0.2614772433967134	125.0	153.0	73.0	50.0	77.0	29.0
subimage_G10	2756	0.3394495412844037	0.39215584415584415	0.17712177121771217	0.35093167701863354	0.43450479233226835	0.21451104100946372	0.36363636363636365	0.4667279411764706	0.2603217585218222	111.0	138.0	68.0	43.0	69.0	27.0
subimage_F10	4492	0.3425076452599388	0.38489576425131916	0.1762443067273949	0.35185185185185186	0.4298245614035088	0.22054380664652568	0.3686521631361183	0.46	0.2645680047019896	119.0	145.0	74.0	44.0	70.0	26.0
subimage_E10	3448	0.34880034032898466	0.3835184200026599	0.1686291678341272	0.3582089552238806	0.42519500468809224	0.2178509294020694	0.38185064935064933	0.45483519244297055	0.2633884578739621	122.0	145.0	72.0	47.0	69.0	23.0
subimage_D10	3558	0.34195562641158495	0.4015316205533597	0.15789473684210525	0.3536977491961415	0.43730395193565197	0.20771513353115728	0.3626760563380282	0.48672566371681414	0.2513270413270413	118.0	146.0	69.0	47.0	75.0	28.0
subimage_C10	2534	0.34233384327723954	0.3900709219858156	0.20655737704918034	0.3515850144092219	0.42735042735042733	0.22126436781609196	0.3587395749260156	0.4392523364485981	0.2613065326633166	122.0	148.0	77.0	45.0	71.0	26.0
subimage_B10	2875	0.34501455898410643	0.3953305734810666	0.18613138686131386	0.3516483516483517	0.4341736694677871	0.21468926553672316	0.36074774200047005	0.45856239053508235	0.25648903171719994	115.0	143.0	71.0	45.0	72.0	27.0
subimage_A10	5126	0.3486682808716707	0.38702577855157116	0.1825903761602345	0.3596938775510204	0.43703703703703706	0.20293398533007334	0.36904761904761907	0.45375722543352603	0.2603830246243793	132.0	160.0	74.0	57.0	84.0	28.0
subimage_H11	0	0	0	0	0	0	0	0	0	0	0	0	0	0	0	0
subimage_G11	2592	0.34444444444444444	0.3754401744680327	0.19655896447803964	0.35764297385620913	0.4161676646706587	0.22727272727272727	0.37980489872724077	0.43731288059129286	0.26929463525404485	119.0	139.0	74.0	43.0	62.0	20.0
subimage_F11	2677	0.34472934472934474	0.3901698054955233	0.19798657718120805	0.35294117647058826	0.43425076452599387	0.2127659574468085	0.36032272481358646	0.4459016393442623	0.26068455134135055	116.0	143.0	70.0	46.0	73.0	27.0
subimage_E11	1984	0.3407045550443047	0.38996894610855926	0.19932432432432431	0.35034013605442177	0.43209876543209874	0.2185430463576159	0.3602321591452026	0.44518272425249167	0.262638486908528	111.0	137.0	69.0	41.0	67.0	26.0
subimage_D11	6459	0.3459105551604401	0.3914070880488619	0.1724031830238727	0.35826771653543305	0.44144144144144143	0.2	0.3674698795180723	0.46571337856748074	0.2599062072483595	127.0	155.0	70.0	52.0	80.0	29.0
subimage_C11	3618	0.3453038674033149	0.3813922549373485	0.16666666666666666	0.35846606223964717	0.4326647564469914	0.2111801242236025	0.3804761450987866	0.4566028938906752	0.2665592773953818	126.0	151.0	73.0	50.0	76.0	25.0
subimage_B11	3817	0.34177215189873417	0.3945666816344858	0.15872514023457418	0.3519736842105263	0.43543543543543545	0.21341463414634146	0.3647880687521766	0.4790874524714829	0.2577715156568997	115.0	143.0	70.0	46.0	73.0	28.0
subimage_A11	4543	0.34662653182993436	0.3809639389736477	0.16305118717237127	0.3552036199095023	0.43529411764705883	0.21052631578947367	0.3757379348086329	0.4694533762057878	0.26648322975473215	121.0	148.0	72.0	49.0	77.0	28.0
subimage_H12	0	0	0	0	0	0	0	0	0	0	0	0	0	0	0	0
subimage_G12	2405	0.34285714285714286	0.39287650019357334	0.19858156028368795	0.3509933774834437	0.4307692307692308	0.21835443037974683	0.36013569763569764	0.445993031358885	0.2588257621971884	111.0	136.0	69.0	42.0	67.0	25.0
subimage_F12	2030	0.33971001221001224	0.38865240355174524	0.2101559813313682	0.3493150684931507	0.4199395770392749	0.23006134969325154	0.36186770428015563	0.43661971830985913	0.2653061224489796	107.0	130.0	71.5	37.0	59.0	22.0
subimage_E12	3970	0.3435374149659864	0.39143730886850153	0.16721311475409836	0.3547233554309026	0.4280936454849498	0.21986883705032897	0.3759158534634458	0.4593700309187279	0.25895489314205045	112.0	135.0	67.0	42.0	64.0	23.0
subimage_D12	2381	0.3384146341463415	0.3894736842105263	0.19014084507042253	0.3504531722054381	0.42900302114803623	0.2206703910614525	0.3574007220216607	0.4555160142348754	0.266839378238342	117.0	142.0	74.0	43.0	69.0	27.0
subimage_C12	3135	0.343042071197411	0.3793969849246231	0.18010994502748626	0.3553299492385787	0.4219269102990033	0.22397476340694006	0.37898089171974525	0.4476711262122177	0.26616915422885573	112.0	132.0	70.0	41.0	62.0	21.0
subimage_B12	2970	0.34460395010395006	0.39080930628248045	0.19798657718120805	0.3535714285714286	0.4325153374233129	0.2145214521452145	0.36103149246919214	0.445578231292517	0.2592123109024517	114.0	140.0	69.0	45.0	70.0	26.0
subimage_A12	3279	0.34971098265895956	0.3574766355140187	0.19093851132686085	0.35924932975871315	0.43373493975903615	0.20738636363636365	0.3669724770642202	0.44516129032258067	0.284688995215311	123.0	148.0	72.0	51.0	77.0	25.0