subimage	all_plant_pixels	ratio_r_q5	ratio_g_q5	ratio_b_q5	ratio_r_median	ratio_g_median	ratio_b_median	ratio_r_q95	ratio_g_q95	ratio_b_q95	pix_r_median	pix_g_median	pix_b_median	diff_rb_median	diff_gb_median	diff_gr_median
subimage_H1	9150	0.33807829181494664	0.40021582733812955	0.17973945611463932	0.35344827586206895	0.4473684210526316	0.2	0.3638968481375358	0.46178343949044587	0.2532097649186256	120.0	150.0	65.0	50.0	80.0	31.0
subimage_G1	9996	0.3333333333333333	0.3987823967662677	0.18789808917197454	0.34516129032258064	0.44193548387096776	0.21102406767544382	0.3575949367088608	0.4645161290322581	0.26038781163434904	109.0	141.0	66.0	42.0	73.0	31.0
subimage_F1	5636	0.3404255319148936	0.39810941088197177	0.18545454545454546	0.35119047619047616	0.44339622641509435	0.20527859237536658	0.35976744537916844	0.4595813983488132	0.25424939467312346	112.0	141.0	66.0	46.0	75.0	29.0
subimage_E1	3780	0.3377049180327869	0.3740437767023711	0.20105820105820105	0.3546511627906977	0.41317365269461076	0.23315957216940364	0.38168373893564733	0.42946708463949845	0.26944527611443775	122.0	141.0	79.0	41.0	60.0	21.0
subimage_D1	5758	0.3410545084055018	0.39035423746267117	0.1999107142857143	0.34935897435897434	0.43769968051118213	0.21362229102167182	0.35917312661498707	0.45	0.25988167053364264	115.0	145.0	70.0	44.0	73.0	29.0
subimage_C1	9083	0.33740086787370943	0.3951739571018409	0.1806853582554517	0.3486238532110092	0.44554455445544555	0.2063953488372093	0.36038883550816725	0.46540880503144655	0.2599842519685039	111.0	142.0	64.0	45.0	75.0	30.0
subimage_B1	2512	0.3391448633116817	0.3870375005005406	0.19607843137254902	0.35	0.42718446601941745	0.22291021671826625	0.3627556273105901	0.45630771319934815	0.2617030114226376	118.0	143.0	75.0	42.0	67.0	26.0
subimage_A1	2609	0.3573825503355705	0.3418803418803419	0.2704824355971897	0.36952714535901926	0.3469387755102041	0.2834507042253521	0.38016144065561086	0.35073068893528186	0.2991735537190083	212.0	198.0	162.0	49.0	36.0	-13.0
subimage_H2	13934	0.337037037037037	0.3988318882466282	0.17834394904458598	0.3488372093023256	0.45095438705986374	0.19937694704049844	0.36	0.4675324675324675	0.2560240963855422	111.0	144.0	63.0	47.0	81.0	32.0
subimage_G2	4595	0.3343530311223824	0.3994871079398614	0.19318181818181818	0.3438395415472779	0.44329896907216493	0.21352313167259787	0.35671266581086863	0.45652173913043476	0.25847143577124904	109.0	140.0	67.0	40.0	71.0	31.0
subimage_F2	12860	0.33411161118049876	0.39997663551401874	0.1831831831831832	0.3470031545741325	0.44518272425249167	0.2073170731707317	0.3611111111111111	0.46503496503496505	0.2601638759334302	113.0	146.0	67.0	45.0	75.0	31.0
subimage_E2	4417	0.3410801375840649	0.3704918032786885	0.22822016647520002	0.36101083032490977	0.3923611111111111	0.24752475247524752	0.3741496598639456	0.4107744107744108	0.27578522716357695	112.0	122.0	77.0	35.0	44.0	10.0
subimage_D2	10359	0.336283185840708	0.4005428192362012	0.18032786885245902	0.3468208092485549	0.44755244755244755	0.20512820512820512	0.3621621621621622	0.46688741721854304	0.254635835567471	113.0	144.0	66.0	44.0	76.0	32.0
subimage_C2	8003	0.338844933610121	0.39461883408071746	0.1828605141171513	0.35081967213114756	0.439873417721519	0.20987654320987653	0.3628808864265928	0.4622356495468278	0.25935103829212014	121.0	152.0	71.0	48.0	79.0	31.0
subimage_B2	6820	0.34009981370387465	0.3973511166253102	0.1691158709860756	0.3501577287066246	0.44673539518900346	0.2037037037037037	0.3597560975609756	0.4782608695652174	0.25485526315789464	107.0	136.0	63.0	45.0	74.0	29.0
subimage_A2	2851	0.3377049180327869	0.3591891152741693	0.19941772752699471	0.35106382978723405	0.4019933554817276	0.2440677966101695	0.3760165720423507	0.43655533941569175	0.27928782367424665	111.0	129.0	78.0	34.0	50.0	18.0
subimage_H3	4885	0.33762893055497556	0.4011399430028499	0.18791946308724833	0.34810126582278483	0.44089456869009586	0.21160409556313994	0.35507246376811596	0.45977011494252873	0.25856089962768786	110.0	139.0	67.0	43.0	72.0	29.0
subimage_G3	10215	0.3381294964028777	0.40050006498369217	0.1779935275080906	0.3489736070381232	0.44932432432432434	0.2012012012012012	0.3619679831288344	0.46855345911949686	0.254320987654321	114.0	147.0	65.0	47.0	80.0	33.0
subimage_F3	3661	0.34098360655737703	0.3693467336683417	0.22105263157894736	0.35365853658536583	0.3968253968253968	0.24918032786885247	0.38524590163934425	0.4105960264900662	0.27123287671232876	113.0	128.0	80.0	33.0	48.0	14.0
subimage_E3	3821	0.34494773519163763	0.36721311475409835	0.2125748502994012	0.3610223642172524	0.4015748031496063	0.23986486486486486	0.37577639751552794	0.42513368983957217	0.26865671641791045	117.0	127.0	77.0	38.0	50.0	14.0
subimage_D3	8740	0.3387096774193548	0.38876378180669946	0.16987179487179488	0.3512658227848101	0.4421965317919075	0.20698924731182797	0.36507936507936506	0.471875	0.2606789981910366	119.0	150.0	71.0	49.0	81.0	31.0
subimage_C3	5067	0.34502923976608185	0.3831967213114754	0.19230769230769232	0.35428571428571426	0.4396551724137931	0.20606060606060606	0.367386402074642	0.4519230769230769	0.26300338862136613	121.0	149.0	70.0	50.0	79.0	29.0
subimage_B3	7156	0.33228339359219605	0.3875448564593302	0.18151532619015326	0.34579439252336447	0.4440993788819876	0.21052631578947367	0.36254659811664103	0.46440677966101696	0.2684843094325853	108.0	139.0	65.0	42.0	73.0	31.0
subimage_A3	5126	0.3438272546440169	0.3601128643978367	0.18662843795005093	0.358974358974359	0.41368078175895767	0.23011363636363635	0.375	0.4475920679886686	0.2773921136670253	128.0	147.0	80.0	45.0	65.0	20.0
subimage_H4	8288	0.3344869638351556	0.3970500233754091	0.1918238993710692	0.34375	0.44058623368968197	0.21587301587301588	0.35646687697160884	0.45960335221044935	0.2608695652173913	109.0	139.0	67.0	40.0	70.0	30.0
subimage_G4	960	0.33730993128200637	0.3464837398373984	0.24435784085621218	0.3467153284671533	0.3875	0.2647516950705516	0.3758134222155643	0.40636614383404934	0.28823679471788716	100.0	113.0	76.0	24.0	36.0	13.0
subimage_F4	3735	0.3447266903788643	0.35802469135802467	0.19194241374887777	0.35638297872340424	0.4297297297297297	0.21676300578034682	0.3790435108777194	0.4480577286215268	0.2744578582606751	123.0	150.0	76.0	48.0	74.0	26.0
subimage_E4	3337	0.35108958837772397	0.3624303114236	0.21236559139784947	0.3681462140992167	0.39820359281437123	0.23809523809523808	0.38534582952100693	0.4178272980501393	0.26547351057034596	135.0	146.0	86.0	48.0	57.0	12.0
subimage_D4	9135	0.3382352941176471	0.39531182530380604	0.15767074128069977	0.34890965732087226	0.43788819875776397	0.21316614420062696	0.3614864864864865	0.48917748917748916	0.25836302555227525	112.0	140.0	68.0	42.0	70.0	28.0
subimage_C4	5538	0.3474025974025974	0.37495347394540945	0.19536423841059603	0.35514018691588783	0.4339080459770115	0.2113095238095238	0.3710551142005958	0.44871794871794873	0.2639501318054073	123.0	148.0	73.0	49.0	76.0	27.0
subimage_B4	6677	0.3367822369034458	0.3870192307692308	0.1864951768488746	0.346875	0.44281524926686217	0.21019108280254778	0.36208760484622554	0.46283783783783783	0.2653376814643383	111.0	142.0	66.0	43.0	74.0	30.0
subimage_A4	5535	0.3409090909090909	0.37919500346981266	0.20786516853932585	0.35119047619047616	0.4131147540983607	0.2360655737704918	0.3760358208955224	0.4308176100628931	0.26932097130242827	113.0	133.0	75.0	36.0	55.0	20.0
subimage_H5	3614	0.33542916699135045	0.39416058394160586	0.2	0.3484848484848485	0.43304843304843305	0.21629213483146068	0.35816618911174786	0.45387453874538747	0.26303123399897593	115.0	143.0	73.0	43.0	71.0	28.0
subimage_G5	7711	0.33727810650887574	0.38331285831285833	0.1553784860557769	0.35093167701863354	0.4423076923076923	0.20634920634920634	0.36666666666666664	0.48363636363636364	0.270036496350365	112.0	140.0	65.0	45.0	74.0	29.0
subimage_F5	7196	0.3362147814425472	0.3855073961048594	0.1774193548387097	0.3509933774834437	0.43037974683544306	0.2185929648241206	0.3688826702748295	0.459546925566343	0.2652701925840759	122.0	149.0	75.0	45.0	73.0	27.0
subimage_E5	4599	0.3363609063609064	0.3880096819899244	0.19029868172458447	0.3480825958702065	0.4322033898305085	0.21921921921921922	0.3651958880873066	0.45666666666666667	0.26498260343004937	116.0	143.0	73.0	42.0	70.0	28.0
subimage_D5	7175	0.3413954130526589	0.396031141575696	0.19003115264797507	0.35454545454545455	0.4391691394658754	0.20588235294117646	0.3627543761984289	0.4525316455696203	0.2564301846685266	119.0	147.0	69.0	50.0	78.0	28.0
subimage_C5	7243	0.3416479634247714	0.3883495145631068	0.16600943122682255	0.35294117647058826	0.440625	0.2073170731707317	0.3708206686930091	0.4701492537313433	0.26201320746451723	116.0	145.0	68.0	47.0	76.0	29.0
subimage_B5	5679	0.3439432803988817	0.3820887100731073	0.17591954022988507	0.3586387434554974	0.44410876132930516	0.19865319865319866	0.37770897832817335	0.45857988165680474	0.26575550682746935	122.0	149.0	66.0	53.0	80.0	28.0
subimage_A5	3415	0.3541666666666667	0.35281837160751567	0.2054692798046928	0.36721311475409835	0.3968668407310705	0.23417721518987342	0.3835616438356164	0.4247227849450901	0.2849073299719266	130.0	144.0	78.0	46.0	55.0	9.0
subimage_H6	5806	0.33980582524271846	0.3906551253213367	0.19732441471571907	0.34782608695652173	0.43630573248407645	0.21621621621621623	0.3567567567567568	0.45182724252491696	0.2617015524832007	109.0	137.0	68.0	42.0	70.0	28.0
subimage_G6	5779	0.32706766917293234	0.40584329463639807	0.1875	0.3450479233226837	0.43790849673202614	0.2166172106824926	0.3515172199813838	0.47273488018257886	0.2583713603212519	109.0	137.0	69.0	40.0	68.0	29.0
subimage_F6	4197	0.3460410557184751	0.3509090909090909	0.1987179487179487	0.3583815028901734	0.4230769230769231	0.21787709497206703	0.38328671873340464	0.44753086419753085	0.2774144050161999	125.0	151.0	76.0	51.0	71.0	23.0
subimage_E6	2985	0.35625506072874497	0.3426086956521739	0.24646464646464647	0.37943262411347517	0.34990791896869244	0.26964285714285713	0.3915639525472331	0.3659043659043659	0.29882741751249253	204.0	189.0	144.0	59.0	43.0	-15.0
subimage_D6	9457	0.34375	0.3905882352941176	0.16	0.35368956743002544	0.43956043956043955	0.207492795389049	0.3724340175953079	0.47194719471947194	0.25995699117423027	124.0	154.0	73.0	52.0	82.0	30.0
subimage_C6	7380	0.3445121951219512	0.3981253537853647	0.19333209417596034	0.3522388059701492	0.43575418994413406	0.21212121212121213	0.36246786632390743	0.4523809523809524	0.25	119.0	147.0	72.0	47.0	75.0	28.0
subimage_B6	6791	0.3444703243153313	0.3952420248508712	0.16964319883660114	0.3553459119496855	0.4398826979472141	0.20426829268292682	0.36671891327063744	0.46689895470383275	0.2546145328888132	119.0	148.0	68.0	50.0	78.0	28.0
subimage_A6	4989	0.3392857142857143	0.3570559258186033	0.19906928867062684	0.3490909090909091	0.42679127725856697	0.22535211267605634	0.37333333333333335	0.44405089495342204	0.2769089948952649	106.0	130.0	69.0	38.0	61.0	24.0
subimage_H7	11151	0.33501898758454907	0.39759036144578314	0.18122977346278318	0.34662576687116564	0.4484848484848485	0.20557491289198607	0.3591331269349845	0.4651898734177215	0.25856038647342994	110.0	143.0	64.0	44.0	75.0	32.0
subimage_G7	5317	0.34300791556728233	0.3989430642280383	0.19292604501607716	0.35174418604651164	0.44339622641509435	0.20504731861198738	0.3592814371257485	0.4528301886792453	0.2531522604962017	114.0	144.0	66.0	47.0	77.0	30.0
subimage_F7	3420	0.3493324200913242	0.3585470779220779	0.22486772486772486	0.364153753987144	0.3793103448275862	0.25742574257425743	0.38081435170436445	0.40800540540540536	0.2783175506560174	115.0	120.0	82.0	33.0	38.0	5.0
subimage_E7	2110	0.3569048489278752	0.34290271132376393	0.2680448305448305	0.37132987910189985	0.3477508650519031	0.28078817733990147	0.3820467972275201	0.3513314785373609	0.2995175610376069	219.0	206.0	166.0	53.0	39.0	-14.0
subimage_D7	5487	0.34202898550724636	0.4026774774774775	0.19631901840490798	0.3503184713375796	0.44036697247706424	0.20923076923076922	0.3567073170731707	0.45161290322580644	0.25	117.0	147.0	70.0	47.0	77.0	30.0
subimage_C7	9982	0.3381930284789132	0.3942320245029122	0.18707592714505158	0.349862258953168	0.4393063583815029	0.20909090909090908	0.36363636363636365	0.4625	0.2583322676896846	120.0	150.0	71.0	48.0	79.0	30.0
subimage_B7	5242	0.3406975225542004	0.3746637692666653	0.19571865443425077	0.3512658227848101	0.43962848297213625	0.21021021021021022	0.3662319370770075	0.45	0.2693208430913349	115.0	145.0	69.0	46.0	75.0	29.0
subimage_A7	2968	0.3473053892215569	0.36504424778761063	0.21545032455824017	0.35668789808917195	0.3890675241157556	0.2551928783382789	0.38280008418372585	0.40769962542362803	0.2752808988764045	119.0	131.0	85.0	33.0	45.0	11.0
subimage_H8	9707	0.3357142857142857	0.39746835443037976	0.17891373801916932	0.34726688102893893	0.4517133956386293	0.20123839009287925	0.358974358974359	0.4664504577910243	0.25967731786204207	107.0	140.0	61.0	43.0	73.0	31.0
subimage_G8	7594	0.33550949876874386	0.3954967307814385	0.18452380952380953	0.3502994011976048	0.4430379746835443	0.20718232044198895	0.36070381231671556	0.4602588383838383	0.2616811761840983	120.0	152.0	69.0	49.0	79.0	31.0
subimage_F8	8842	0.33618233618233617	0.3891953785846916	0.18211920529801323	0.3457142857142857	0.440625	0.2130380853616381	0.36042313142365157	0.4664429530201342	0.26515151515151514	108.0	138.0	66.0	41.0	71.0	30.0
subimage_E8	2624	0.33223844933996227	0.3738384996219789	0.2475107501194458	0.346875	0.389937106918239	0.2623456790123457	0.36012861736334406	0.4097222222222222	0.27828347294242783	108.0	122.0	82.0	26.0	40.0	14.0
subimage_D8	7779	0.34292445774121166	0.4058647279707898	0.1578744939271255	0.3536977491961415	0.4444444444444444	0.2012987012987013	0.3677846487090801	0.4896265560165975	0.24097003398208214	114.0	144.0	65.0	48.0	77.0	29.0
subimage_C8	5550	0.34112852811552524	0.3873145204027557	0.18571428571428572	0.3548387096774194	0.4397590361445783	0.20658682634730538	0.36443148688046645	0.4594594594594595	0.25818725760359257	116.0	143.0	67.0	48.0	75.0	28.0
subimage_B8	8126	0.33636363636363636	0.3930381514885466	0.17666666666666667	0.34837901204624466	0.44014084507042256	0.21159420289855072	0.36335403726708076	0.46545454545454545	0.2614994712087056	112.0	141.0	68.0	44.0	74.0	30.0
subimage_A8	3225	0.34540389972144847	0.38903394255874674	0.20402298850574713	0.35492957746478876	0.42016806722689076	0.22486772486772486	0.3691387939365093	0.4323529411764706	0.26041089566020315	125.0	148.0	79.0	46.0	69.0	23.0
subimage_H9	3486	0.33211678832116787	0.3935353447526302	0.20357142857142857	0.34172661870503596	0.43790849673202614	0.22079970502683435	0.3510722933241093	0.4505400742602108	0.2677336817464206	102.0	130.0	66.0	36.0	64.0	29.0
subimage_G9	9102	0.3372802298915659	0.3990031079935629	0.18404907975460122	0.3492537313432836	0.445141065830721	0.20504731861198738	0.36226239850458547	0.46296296296296297	0.25679012345679014	116.0	148.0	67.0	47.0	79.0	31.0
subimage_F9	1861	0.3581081081081081	0.34318555008210183	0.22163588390501318	0.3783132530120482	0.3682092555331992	0.25326370757180156	0.3915343915343915	0.3978201634877384	0.29583333333333334	167.0	163.0	112.0	53.0	48.0	-5.0
subimage_E9	2935	0.3443933984170183	0.37017568776718884	0.21237627007538512	0.3562874251497006	0.4083333333333333	0.23493975903614459	0.38568015602145295	0.4212121212121212	0.2664946358645515	123.0	141.0	81.0	41.0	59.0	18.0
subimage_D9	8132	0.3404255319148936	0.3962035655941473	0.16772151898734178	0.3546325878594249	0.4384858044164038	0.207492795389049	0.36890243902439024	0.46779661016949153	0.2561704420675912	123.0	152.0	71.0	51.0	80.0	29.0
subimage_C9	6576	0.34692656967093055	0.393259483322433	0.19254658385093168	0.3558823529411765	0.43952802359882004	0.20411182224369037	0.36235955056179775	0.4504792332268371	0.2580050725212016	123.0	151.0	70.0	52.0	81.0	29.0
subimage_B9	12361	0.3371212121212121	0.3909952606635071	0.18597560975609756	0.3474025974025974	0.44200626959247646	0.20967741935483872	0.3633720930232558	0.46283783783783783	0.25862068965517243	112.0	143.0	68.0	45.0	75.0	30.0
subimage_A9	5624	0.3409177654406662	0.39217110573042774	0.1875	0.3516819571865443	0.435859165709912	0.21212121212121213	0.3639955882352941	0.45168213880119595	0.2609202250503659	118.0	146.0	71.0	46.0	74.0	28.0
subimage_H10	6676	0.3413897280966767	0.3848107221270538	0.19345238095238096	0.35446685878962536	0.42507645259938837	0.21929824561403508	0.3771702179323742	0.4471299093655589	0.2622303921568628	123.0	147.0	75.0	46.0	71.0	25.0
subimage_G10	5138	0.3418960363484187	0.3812785388127854	0.19692307692307692	0.3519061583577713	0.437125748502994	0.21098265895953758	0.3591331269349845	0.4479495268138801	0.27103442403082617	118.0	147.0	71.0	47.0	76.0	29.0
subimage_F10	3104	0.33945803601766905	0.3804450369155045	0.2126035163715123	0.3525835866261398	0.40317881352364116	0.24471299093655588	0.3789428699955016	0.42592592592592593	0.2675275974025974	117.0	135.0	81.0	35.0	53.0	18.0
subimage_E10	3717	0.3425076452599388	0.35860910797194506	0.21292466173841104	0.35962145110410093	0.3976945244956772	0.24641833810888253	0.38172769543737284	0.41806259314456035	0.28004395604395604	125.0	137.0	85.0	38.0	51.0	13.0
subimage_D10	8164	0.3355727371666969	0.3883248730964467	0.17940199335548174	0.3471337579617834	0.44666666666666666	0.20679012345679013	0.3609625668449198	0.46688741721854304	0.26598057354301574	110.0	141.0	64.0	44.0	75.0	31.0
subimage_C10	6936	0.3448275862068966	0.3951219512195122	0.1916376306620209	0.35276967930029157	0.438953488372093	0.20797720797720798	0.36185119220703693	0.45329873125720876	0.2565828915814717	118.0	147.0	70.0	48.0	76.0	28.0
subimage_B10	5795	0.34710142020380325	0.39350807574491786	0.17352941176470588	0.35967302452316074	0.4281767955801105	0.2125340599455041	0.37433977786918965	0.45425867507886436	0.2552204176334107	134.0	158.0	78.0	54.0	79.0	25.0
subimage_A10	2218	0.34519056365514866	0.34782608695652173	0.24219814241486068	0.3617021276595745	0.3729903536977492	0.266025641025641	0.3855483681270215	0.3937314895470383	0.2895989681050657	110.0	112.0	82.0	29.0	33.0	3.0
subimage_H11	9625	0.33676975945017185	0.39837833137689665	0.18352534016024274	0.3502673796791444	0.4440677966101695	0.20608108108108109	0.3614457831325301	0.4603658536585366	0.2558139534883721	116.0	148.0	66.0	47.0	77.0	30.0
subimage_G11	8701	0.3375959079283887	0.3975	0.1834319526627219	0.35092348284960423	0.4434782608695652	0.20608108108108109	0.3631123919308357	0.45977011494252873	0.25956284153005466	120.0	153.0	68.0	49.0	80.0	31.0
subimage_F11	8735	0.33876221498371334	0.39949748743718594	0.18092105263157895	0.34782608695652173	0.4461538461538462	0.20588235294117646	0.3606060606060606	0.46598639455782315	0.25630053822411547	112.0	144.0	66.0	45.0	77.0	31.0
subimage_E11	2103	0.3344492904275513	0.34944237918215615	0.23047382305194805	0.3464052287581699	0.4024767801857585	0.25573770491803277	0.38640335392762576	0.41612686728729165	0.2844906321991396	107.0	126.0	79.0	30.0	46.0	18.0
subimage_D11	9891	0.3357142857142857	0.39518072289156625	0.18272425249169436	0.34627831715210355	0.44551282051282054	0.2087227414330218	0.3620178041543027	0.46474358974358976	0.25946053124380375	111.0	143.0	66.0	43.0	74.0	31.0
subimage_C11	6793	0.3395638629283489	0.3951901930867575	0.18604651162790697	0.3512304250559284	0.4391691394658754	0.20891364902506965	0.362116991643454	0.459375	0.2584378222873582	121.0	152.0	71.0	49.0	79.0	31.0
subimage_B11	5164	0.343493476560022	0.3740486569834955	0.18461538461538463	0.35311572700296734	0.42729970326409494	0.21981424148606812	0.37877443069750755	0.4471299093655589	0.2671732202982202	116.0	140.0	71.0	43.0	67.0	24.0
subimage_A11	4236	0.3374233128834356	0.3513355275650358	0.18360655737704917	0.35174418604651164	0.42199183327146417	0.23003194888178913	0.37254901960784315	0.4538871327279826	0.2890723734097228	111.0	136.0	73.0	39.0	61.0	24.0
subimage_H12	4354	0.32983525413711584	0.3936424180327869	0.19096228262389855	0.34285714285714286	0.4383116883116883	0.21885010182882525	0.35135135135135137	0.4639175257731959	0.2687215362223578	104.0	134.0	67.0	37.0	67.0	29.0
subimage_G12	4535	0.3374815270935961	0.39069628495858005	0.19047619047619047	0.3464052287581699	0.4417808219178082	0.2126984126984127	0.3553113553113553	0.4574468085106383	0.2648648648648649	106.0	135.0	66.0	41.0	70.0	29.0
subimage_F12	1762	0.33093525179856115	0.3595631081495525	0.24624847399328112	0.3556880940529522	0.3848684210526316	0.2613438390877415	0.36713286713286714	0.3975135685874953	0.28719068254505364	107.0	115.0	78.0	29.0	36.0	9.0
subimage_E12	2990	0.35331230283911674	0.3424085860306644	0.22542734149705354	0.3628571428571429	0.38661292256053703	0.24924924924924924	0.38306985990155246	0.40661161128028595	0.29438753246753246	125.0	133.0	85.0	38.0	47.0	8.0
subimage_D12	10666	0.33444816053511706	0.3964864158829676	0.1838898478800302	0.3475409836065574	0.4478114478114478	0.20579710144927535	0.3584905660377358	0.4637223974763407	0.25935828877005346	111.0	144.0	64.0	44.0	74.0	31.0
subimage_C12	7179	0.337468982630273	0.38266276912456315	0.18429003021148035	0.3492957746478873	0.43452380952380953	0.21637426900584794	0.363914373088685	0.4575757575757576	0.2722550936731218	120.0	150.0	72.0	44.0	72.0	29.0
subimage_B12	8178	0.3373493975903614	0.3848091958302308	0.16738197424892703	0.3493975903614458	0.4311377245508982	0.2191780821917808	0.36046511627906974	0.48047635957792206	0.2663316582914573	112.0	138.0	71.0	41.0	68.0	26.0
subimage_A12	1639	0.3380683720411175	0.3596938775510204	0.25	0.3474025974025974	0.38513513513513514	0.2668918918918919	0.36730341425669794	0.3986013986013986	0.28284734133790734	103.0	115.0	79.0	24.0	35.0	11.0