subimage	all_plant_pixels	ratio_r_q5	ratio_g_q5	ratio_b_q5	ratio_r_median	ratio_g_median	ratio_b_median	ratio_r_q95	ratio_g_q95	ratio_b_q95	pix_r_median	pix_g_median	pix_b_median	diff_rb_median	diff_gb_median	diff_gr_median
subimage_H1	1386	0.3541666666666667	0.37014819266512267	0.23491612554112556	0.3629807692307692	0.3893129770992366	0.24688279301745636	0.3697573431819493	0.4	0.2718001192670498	147.0	158.0	101.0	46.0	57.0	10.0
subimage_G1	7488	0.33430232558139533	0.3961771456890593	0.19767441860465115	0.3415384615384615	0.44126984126984126	0.21671826625386997	0.35014836795252224	0.4594594594594595	0.26288170871399436	108.0	139.0	68.0	39.0	70.0	31.0
subimage_F1	5907	0.3333333333333333	0.3844282238442822	0.16885749385749385	0.3431372549019608	0.436950146627566	0.22185430463576158	0.37408424405513757	0.46075085324232085	0.2706185567010309	108.0	137.0	69.0	37.0	67.0	28.0
subimage_E1	4569	0.3323076923076923	0.36081021087680354	0.1794871794871795	0.35368956743002544	0.4274193548387097	0.22875816993464052	0.3729783614027987	0.45331487889273353	0.27942937654103556	118.0	143.0	75.0	41.0	65.0	25.0
subimage_D1	2186	0.32996845024552834	0.3691386554621849	0.2321570032024271	0.3445121951219512	0.4037350117912778	0.25196850393700787	0.36529384626304207	0.4259818731117825	0.27901234567901234	124.0	146.0	91.0	34.0	53.0	21.0
subimage_C1	2156	0.33921840967202244	0.3694581280788177	0.20253164556962025	0.35202492211838005	0.4262066761039317	0.2222222222222222	0.3641025641025641	0.4442056669850366	0.27906976744186046	118.5	144.0	75.0	43.0	67.0	25.0
subimage_B1	3106	0.33043478260869563	0.38481355699632946	0.21451364379340143	0.3431372549019608	0.41329479768786126	0.2442528735632184	0.3559733421095935	0.4338852672750978	0.27694227919860853	119.0	145.0	86.0	34.0	57.0	25.0
subimage_A1	1576	0.3548387096774194	0.2972856877496053	0.2711864406779661	0.36732731554160125	0.35142908991924504	0.28598489604821786	0.37547892720306514	0.3558282208588957	0.3344962990535585	196.0	183.0	150.0	40.0	34.0	-10.0
subimage_H2	7664	0.3341902313624679	0.3853462492071729	0.18095238095238095	0.3466135458167331	0.4353932584269663	0.21602787456445993	0.3667698125409814	0.4645669291338583	0.275	113.0	140.0	70.0	40.0	69.0	27.0
subimage_G2	3036	0.33737864077669905	0.37706723656090746	0.2004297994269341	0.3469387755102041	0.4249201277955272	0.228125	0.36790086451694326	0.4433733284484338	0.2724813661462163	115.0	139.0	75.0	39.0	64.0	25.0
subimage_F2	7080	0.3323076923076923	0.3814886257492021	0.17735849056603772	0.34285714285714286	0.4332344213649852	0.2252823073357772	0.3639801513090784	0.46488294314381273	0.2775229357798165	116.0	145.0	75.0	38.0	70.0	29.0
subimage_E2	3369	0.32926829268292684	0.3870534747780905	0.18388579903596589	0.35428571428571426	0.4394366197183099	0.20588235294117646	0.36962750716332377	0.45161290322580644	0.27384801474541126	123.0	152.0	71.0	50.0	80.0	28.0
subimage_D2	1534	0.351346024620543	0.3477088948787062	0.23768115942028986	0.3651685393258427	0.36944444444444446	0.26608187134502925	0.37726479556224973	0.3954802259887006	0.28495102652584614	130.0	132.0	95.0	35.0	37.0	1.0
subimage_C2	3174	0.33421967351533916	0.38558243255799546	0.21630094043887146	0.3460410557184751	0.4222972972972973	0.23197492163009403	0.3593141841317365	0.432126027183861	0.2687970041643359	112.0	136.0	75.0	37.0	61.0	25.0
subimage_B2	4818	0.334375	0.38157402546265917	0.20569620253164558	0.3495440729483283	0.41904761904761906	0.2331288343558282	0.37542662116040953	0.4324448681810645	0.2686345456044862	115.0	138.0	76.0	37.0	61.0	22.0
subimage_A2	2437	0.3316168733433675	0.3803116571771052	0.2332924335378323	0.34308510638297873	0.4017857142857143	0.25671641791044775	0.3569248922169276	0.41691138259360716	0.275012853470437	118.0	140.0	89.0	30.0	50.0	21.0
subimage_H3	7401	0.33578431372549017	0.38153846153846155	0.18333333333333332	0.3501683501683502	0.4381720430107527	0.21052631578947367	0.3649425287356322	0.4594594594594595	0.27901234567901234	116.0	144.0	69.0	44.0	73.0	28.0
subimage_G3	7625	0.3370288248337029	0.3826086956521739	0.17956656346749225	0.35	0.4393530997304582	0.20833333333333334	0.3663101604278075	0.46394984326018807	0.2771558466113202	124.0	155.0	73.0	48.0	80.0	30.0
subimage_F3	6102	0.33502602983369467	0.3837222426374088	0.1746567516990052	0.35071776907754654	0.4314868804664723	0.21865889212827988	0.3688760806916426	0.46056348715947404	0.2733990147783251	122.0	151.0	77.0	46.0	74.0	28.0
subimage_E3	7595	0.33114102703289544	0.39065187346437347	0.1976401179941003	0.34096109839816935	0.440625	0.21739130434782608	0.35555555555555557	0.4570552147239264	0.2693225951514656	113.0	146.0	71.0	40.0	73.0	33.0
subimage_D3	2398	0.339324733749541	0.37151289682539684	0.2087912087912088	0.35691318327974275	0.39767767160456374	0.2476780185758514	0.378855757140291	0.42445094946308315	0.2727272727272727	114.0	128.0	79.0	35.0	48.0	14.0
subimage_C3	3190	0.33903133903133903	0.35256091906650866	0.22916666666666666	0.3533583959899749	0.3968253968253968	0.2511688535539612	0.3882589959060547	0.4142721524820734	0.2766734836392657	117.0	133.0	84.0	34.0	48.0	15.0
subimage_B3	6914	0.33440514469453375	0.3881209163453299	0.1790310495320223	0.34394904458598724	0.44144144144144143	0.21385542168674698	0.36065573770491804	0.4666666666666667	0.27055702917771884	112.0	143.0	69.0	42.0	73.0	31.0
subimage_A3	6257	0.33581721024507094	0.38138746551044544	0.19063545150501673	0.34402332361516036	0.42776203966005666	0.2298507462686567	0.3594850226092451	0.45483870967741935	0.27634660421545665	119.0	148.0	80.0	39.0	68.0	29.0
subimage_H4	8253	0.33816425120772947	0.3824228028503563	0.17668170426065163	0.3470031545741325	0.43548387096774194	0.21766561514195584	0.36645962732919257	0.46236559139784944	0.27693815987933634	118.0	146.0	70.0	42.0	70.0	27.0
subimage_G4	6650	0.3321732765504392	0.3888888888888889	0.20545668998054878	0.33962264150943394	0.43636363636363634	0.22388059701492538	0.34946236559139787	0.45110410094637227	0.2740863453815261	113.0	145.0	74.0	38.0	70.0	32.0
subimage_F4	6589	0.33516483516483514	0.38181818181818183	0.17941176470588235	0.3465346534653465	0.4310850439882698	0.22254335260115607	0.3690955576861617	0.46402877697841727	0.27693161932965404	121.0	149.0	76.0	42.0	72.0	28.0
subimage_E4	4850	0.3333333333333333	0.3839080459770115	0.18960244648318042	0.3450479233226837	0.43478260869565216	0.2215086793386385	0.3623693379790941	0.45544554455445546	0.2727272727272727	118.0	149.0	75.0	41.0	72.0	30.0
subimage_D4	2164	0.3464383094751193	0.34534534534534533	0.23735408560311283	0.3631123919308357	0.37612004172573354	0.2598435760852282	0.3867456445993031	0.4053156146179402	0.28512603275572124	117.0	121.0	84.0	33.0	38.0	4.0
subimage_C4	4169	0.33933933933933935	0.3548387096774194	0.20915781785493567	0.3542319749216301	0.41818181818181815	0.23564954682779457	0.37225845410628017	0.4318840579710145	0.281437125748503	117.0	140.0	78.0	40.0	60.0	22.0
subimage_B4	7408	0.33938373371015856	0.3793911007025761	0.18812774318668982	0.3514285714285714	0.4223433242506812	0.2246153846153846	0.3788153118933063	0.4525993883792049	0.2710997442455243	125.0	150.0	79.0	44.0	70.0	24.0
subimage_A4	5722	0.33444816053511706	0.38795180722891565	0.19655172413793104	0.34276173967153367	0.4340659340659341	0.2222222222222222	0.3549382716049383	0.45454545454545453	0.2725	116.0	145.0	75.0	40.0	71.0	30.0
subimage_H5	6265	0.33232986992030267	0.3825944231793576	0.18211920529801323	0.34767025089605735	0.436950146627566	0.21568627450980393	0.36070381231671556	0.4639175257731959	0.27970297029702973	112.0	140.0	68.0	42.0	70.0	29.0
subimage_G5	5667	0.33641975308641975	0.38443396226415094	0.189029401937855	0.3492537313432836	0.43854748603351956	0.21158690176322417	0.36246786632390743	0.45786516853932585	0.2730605285592497	129.0	161.0	76.0	50.0	82.0	32.0
subimage_F5	6351	0.33528554278854394	0.3976330532212885	0.203125	0.3418803418803419	0.4444444444444444	0.2132132132132132	0.3501577287066246	0.4532871972318339	0.2631578947368421	109.0	142.0	68.0	40.0	73.0	32.0
subimage_E5	10763	0.32786885245901637	0.39515168549194585	0.19620593439499115	0.34234234234234234	0.44	0.21604938271604937	0.3582435759347592	0.4584615384615385	0.2684729064039409	116.0	150.0	73.0	43.0	76.0	33.0
subimage_D5	3964	0.34146341463414637	0.3795221796276013	0.19955380577427823	0.3519061583577713	0.42119954528466425	0.22727272727272727	0.3770491803278688	0.4332344213649852	0.2671654618067843	123.0	146.0	78.0	42.0	66.0	24.0
subimage_C5	2227	0.3455121132165987	0.36768149882903983	0.21390374331550802	0.3601036269430052	0.39946380697050937	0.23809523809523808	0.3753581661891118	0.4265536723163842	0.2766996536368134	139.0	154.0	91.0	47.0	61.0	15.0
subimage_B5	6408	0.335243553008596	0.3830886819194169	0.17981072555205047	0.34564643799472294	0.4361111111111111	0.21923527805880746	0.3581018352570077	0.4666666666666667	0.2743764172335601	119.0	150.0	76.0	44.0	75.0	32.0
subimage_A5	1562	0.35656576550666286	0.34732908869823687	0.24692084241103848	0.38453673116249804	0.35429769392033544	0.2608695652173913	0.39650872817955113	0.359264436517883	0.2945884016094204	179.0	166.0	122.0	58.0	44.0	-14.0
subimage_H6	6894	0.3353115727002967	0.3928248431155408	0.19202898550724637	0.3431372549019608	0.43973941368078173	0.21725239616613418	0.35144927536231885	0.46099290780141844	0.2683167975747554	108.0	139.0	68.0	39.0	70.0	30.0
subimage_G6	9193	0.3333333333333333	0.39655172413793105	0.2	0.3426183844011142	0.4380664652567976	0.2175141242937853	0.3557692307692308	0.45481049562682213	0.2649861751152074	117.0	151.0	74.0	43.0	75.0	33.0
subimage_F6	11284	0.3323615160349854	0.39678922507340736	0.19498607242339833	0.3442417003048027	0.44108761329305135	0.21301775147928995	0.35908483949285136	0.45896656534954405	0.26375768726686155	119.0	153.0	73.0	45.0	77.0	33.0
subimage_E6	4701	0.3383233532934132	0.3805104408352668	0.19402985074626866	0.34911242603550297	0.4310850439882698	0.21957040572792363	0.36338028169014086	0.44785276073619634	0.28110599078341014	123.0	152.0	76.0	45.0	74.0	28.0
subimage_D6	3355	0.3405256176421821	0.3582058719022947	0.21841826527009534	0.35522388059701493	0.40058479532163743	0.24477611940298508	0.3828566871557044	0.42193843258502484	0.27380952380952384	118.0	133.0	81.0	36.0	52.0	16.0
subimage_C6	1992	0.3438937109097209	0.3473684210526316	0.2361712598425197	0.36163522012578614	0.3806646525679758	0.257396449704142	0.39168789933754067	0.40522875816993464	0.28412352803791124	114.0	121.0	82.0	33.0	39.0	7.0
subimage_B6	3839	0.33768958816861877	0.36522647173998174	0.2066769197167974	0.3518005540166205	0.4092219020172911	0.24085365853658536	0.38000623052959503	0.4304249983925931	0.2713201928530913	120.0	140.0	81.0	37.0	57.0	20.0
subimage_A6	838	0.32970417263895524	0.36333333333333334	0.25	0.34265734265734266	0.38571428571428573	0.2692307692307692	0.36261177512173526	0.40794223826714804	0.2847956556153376	97.0	110.0	76.5	22.0	34.0	13.0
subimage_H7	4888	0.3333333333333333	0.3893201017811705	0.1965124016938899	0.34296028880866425	0.4295417329735464	0.2270026796417742	0.3534652047088238	0.45652173913043476	0.27059805707346685	109.0	136.0	72.0	36.0	64.0	28.0
subimage_G7	5239	0.3352419249804637	0.39023760005041913	0.19937694704049844	0.3449367088607595	0.44141689373297005	0.2135593220338983	0.3532608695652174	0.45229681978798586	0.2714786900459805	113.0	144.0	69.0	42.0	74.0	31.0
subimage_F7	3758	0.33604336043360433	0.38716190330242894	0.1882716049382716	0.35462125846871956	0.4222222222222222	0.22668345927791772	0.37222222222222223	0.4461538461538462	0.26849323257927205	126.0	150.0	80.0	44.0	69.0	24.0
subimage_E7	1921	0.3516483516483517	0.35150375939849626	0.2005813953488372	0.36585365853658536	0.3756476683937824	0.2584745762711864	0.38080495356037153	0.4296482412060301	0.2893081761006289	157.0	170.0	110.0	48.0	51.0	3.0
subimage_D7	7889	0.3333333333333333	0.3916719861600659	0.18773116450198488	0.34276729559748426	0.4353312302839117	0.2222222222222222	0.3612331034984627	0.4592833876221498	0.2643895070017264	111.0	142.0	72.0	39.0	68.0	30.0
subimage_C7	9047	0.3310344827586207	0.3904617291602107	0.19873817034700317	0.34	0.4388059701492537	0.2222222222222222	0.3502994011976048	0.45714285714285713	0.2697195622435019	111.0	144.0	71.0	38.0	69.0	32.0
subimage_B7	7089	0.33633633633633636	0.3885628197482816	0.19026336529620388	0.347953216374269	0.4351851851851852	0.21470588235294116	0.3633720930232558	0.4536741214057508	0.26811594202898553	122.0	151.0	75.0	46.0	76.0	30.0
subimage_A7	6012	0.3357332643202208	0.3613760126012601	0.20562927817728024	0.34402332361516036	0.4307692307692308	0.22620999219359875	0.3673469387755102	0.4459016393442623	0.27924484588432436	110.0	138.0	72.0	37.0	65.0	27.0
subimage_H8	7232	0.3300419450812076	0.3883127227562372	0.19933554817275748	0.3374233128834356	0.43130990415335463	0.23197492163009403	0.34985611394482213	0.4557823129251701	0.27319587628865977	107.0	137.0	73.0	33.0	63.0	30.0
subimage_G8	7271	0.3341584613405062	0.3897184799307105	0.20489296636085627	0.34124629080118696	0.43370165745856354	0.22465753424657534	0.3548387096774194	0.45121951219512196	0.26823529411764707	119.0	151.0	78.0	41.0	73.0	32.0
subimage_F8	1482	0.35435992578849723	0.34558823529411764	0.27530519193999115	0.35940409683426444	0.3498168498168498	0.2907534744961071	0.37037037037037035	0.3553875236294896	0.29908256880733947	192.0	187.0	155.0	37.0	31.0	-5.0
subimage_E8	28	0.35384615384615387	0.3468208092485549	0.29328964805226826	0.3551855426855427	0.3487924004122418	0.2960812660525061	0.35727490908530574	0.35012163238786226	0.29865125240847784	183.0	179.0	152.0	30.0	27.0	-4.0
subimage_D8	7320	0.3312883435582822	0.3861354806366713	0.1989247311827957	0.34169278996865204	0.4375795165394402	0.21690140845070421	0.3578599561991749	0.45806451612903226	0.2740973503295034	117.0	150.0	74.0	42.0	75.0	33.0
subimage_C8	6886	0.33535203743276104	0.3890531822617369	0.2	0.3433734939759036	0.437125748502994	0.21937321937321938	0.3548387096774194	0.45120924694095427	0.26920845975370333	116.0	147.0	73.0	41.0	72.0	31.0
subimage_B8	6358	0.33432835820895523	0.3905127378265076	0.19705882352941176	0.34756966159405184	0.4325068870523416	0.21791044776119403	0.35919958709965405	0.4527687296416938	0.2695382251704537	122.0	152.0	77.0	45.0	75.0	29.0
subimage_A8	4022	0.3353846153846154	0.3857493857493858	0.1958507097602053	0.3495702005730659	0.41935483870967744	0.23076923076923078	0.36944355980184007	0.4401137724550898	0.27602905569007263	122.0	146.0	80.0	41.0	64.0	24.0
subimage_H9	3362	0.3333333333333333	0.38443177425589486	0.1880910510851638	0.35275080906148865	0.42073170731707316	0.2261904761904762	0.3691253996146762	0.44849908905797875	0.2747239507480472	118.0	142.0	76.0	42.0	65.0	22.5
subimage_G9	6783	0.3323362177721708	0.38609112709832133	0.19881305637982197	0.34139784946236557	0.4369747899159664	0.22058823529411764	0.35555555555555557	0.45484949832775917	0.27251732101616627	118.0	149.0	74.0	41.0	73.0	32.0
subimage_F9	2668	0.3386817204301075	0.375	0.20574327122153208	0.3561643835616438	0.4038729376473109	0.23835616438356164	0.3791214627114787	0.43025498585328825	0.27534675437901246	128.0	146.0	85.0	41.0	57.0	18.0
subimage_E9	4182	0.3333333333333333	0.3904797441364606	0.19273143196672607	0.3463635027916544	0.44144144144144143	0.21212121212121213	0.35872678149273896	0.45740948094874084	0.26869357860671095	108.0	138.0	66.0	41.0	71.0	29.0
subimage_D9	11317	0.3314447592067989	0.3906176470588235	0.18091431650799353	0.34210526315789475	0.44171779141104295	0.21639344262295082	0.364741641337386	0.4645542825968357	0.2638522427440633	111.0	142.0	69.0	40.0	72.0	32.0
subimage_C9	6060	0.3311002191212086	0.39035556861592713	0.2090032154340836	0.34036144578313254	0.43440233236151604	0.22492401215805471	0.3537911415120231	0.44551282051282054	0.27338626336499866	111.0	142.0	73.0	37.0	68.0	30.0
subimage_B9	10769	0.33430232558139533	0.39714276018867284	0.17763157894736842	0.34545454545454546	0.4386422976501306	0.2153846153846154	0.36151603498542273	0.46783292978208235	0.2619911343812216	118.0	150.0	74.0	45.0	77.0	32.0
subimage_A9	2456	0.3453889062662913	0.35370718733783085	0.20273753134577877	0.36277226082832037	0.3880402674129353	0.24932612596903447	0.3844086021505376	0.4369043104537985	0.27756854436689926	134.0	148.0	92.0	45.0	52.0	11.0
subimage_H10	5000	0.33242506811989103	0.38046272493573263	0.18450005373840145	0.3469387755102041	0.43278688524590164	0.2242707448314925	0.3675227825890078	0.4553860852523273	0.2770780856423174	112.0	140.0	71.0	39.0	66.0	27.0
subimage_G10	8013	0.3369307167016935	0.38875878220140514	0.19540229885057472	0.34394904458598724	0.4421965317919075	0.21316614420062696	0.3536231884057971	0.4583333333333333	0.27029403029403026	113.0	143.0	70.0	41.0	72.0	31.0
subimage_F10	4988	0.33636363636363636	0.38630560343524145	0.19063545150501673	0.34870317002881845	0.43243243243243246	0.2178195900359081	0.367222504925562	0.45119498177740397	0.2710025322912681	123.0	152.0	77.0	45.0	74.0	29.0
subimage_E10	3251	0.33727810650887574	0.3840302594030388	0.2024365821094793	0.35368956743002544	0.4128686327077748	0.22865853658536586	0.37950138504155123	0.43703794756528	0.2697437718208178	124.0	146.0	80.0	43.0	65.0	20.0
subimage_D10	9032	0.3333333333333333	0.39086294416243655	0.19839142091152814	0.3452054794520548	0.4376899696048632	0.21543408360128619	0.3559870550161812	0.4537037037037037	0.2678132678132678	115.0	146.0	71.0	43.0	73.0	30.0
subimage_C10	4499	0.33636363636363636	0.38235294117647056	0.18421052631578946	0.35013262599469497	0.4281609195402299	0.2222222222222222	0.3651685393258427	0.4554140127388535	0.27684964200477324	126.0	153.0	79.0	45.0	73.0	27.0
subimage_B10	5146	0.33727810650887574	0.3827751196172249	0.18086014087575342	0.351123595505618	0.43243243243243246	0.21764705882352942	0.3684210526315789	0.45484949832775917	0.27335669781931465	120.0	148.0	74.0	45.0	73.0	26.0
subimage_A10	3434	0.3469707401032702	0.37472283813747226	0.20189274447949526	0.3613995910460611	0.4078579829461923	0.23147856076377937	0.37374612461246126	0.43283582089552236	0.2685790931118034	136.0	154.0	87.0	49.0	66.0	18.0
subimage_H11	2811	0.33532934131736525	0.36340187338372454	0.21855552807321296	0.35347432024169184	0.391304347826087	0.2560646900269542	0.37164412201818686	0.42946708463949845	0.27941176470588236	126.0	142.0	91.0	35.0	48.0	16.0
subimage_G11	6365	0.3353115727002967	0.3849903147699758	0.18149709940038025	0.34759358288770054	0.4307228915662651	0.22318840579710145	0.36231884057971014	0.4592833876221498	0.2744186046511628	121.0	149.0	77.0	43.0	71.0	28.0
subimage_F11	2860	0.33221476510067116	0.3799460955710956	0.2201996767070302	0.34523809523809523	0.4129453157955286	0.24333333333333335	0.36555891238670696	0.4265536723163842	0.27440884191809106	118.0	141.0	81.0	34.0	55.0	22.0
subimage_E11	3862	0.3378424976700839	0.3831189336978811	0.1918918918918919	0.35174418604651164	0.4262066761039317	0.21884077494969226	0.37604456824512533	0.4454828660436137	0.26854003665994386	126.0	152.0	77.0	45.0	73.0	24.0
subimage_D11	9543	0.3333333333333333	0.3945409429280397	0.1974921630094044	0.3416149068322981	0.44314868804664725	0.2144927536231884	0.3524590163934426	0.4567901234567901	0.2662253766904929	114.0	148.0	71.0	42.0	75.0	33.0
subimage_C11	4393	0.33543510178167535	0.38018433179723504	0.18374976158687775	0.3475409836065574	0.42894736842105263	0.22442244224422442	0.3709864422627396	0.44891640866873067	0.2786664210720206	125.0	152.0	78.0	42.0	71.0	27.0
subimage_B11	7171	0.33586822422700285	0.384881965598775	0.20146520146520147	0.34397163120567376	0.43790849673202614	0.21779141104294478	0.3557951482479784	0.45161290322580644	0.2698216250196448	112.0	142.0	71.0	40.0	70.0	30.0
subimage_A11	3333	0.34	0.36037791037791034	0.21343602909713308	0.35106382978723405	0.40730337078651685	0.24169184290030213	0.3813266443701226	0.4247610027525379	0.2741218637992831	127.0	147.0	87.0	39.0	58.0	20.0
subimage_H12	2014	0.3567507410654643	0.34980237154150196	0.24388141295206056	0.36705882352941177	0.3712118372472215	0.2597402597402597	0.39185175924768373	0.38546059236947794	0.2880152173913043	163.0	163.0	114.0	47.0	48.0	2.0
subimage_G12	7972	0.33052153064615675	0.38492073170731705	0.19572953736654805	0.3395638629283489	0.43582089552238806	0.22483221476510068	0.3506944444444444	0.45955882352941174	0.27684964200477324	108.0	138.0	71.0	36.0	67.0	30.0
subimage_F12	4266	0.3313253012048193	0.38676844783715014	0.20692400614979134	0.3465346534653465	0.4299363057324841	0.22333333333333333	0.3573667711598746	0.4407894736842105	0.27520435967302453	114.0	141.0	73.0	39.0	66.0	26.0
subimage_E12	172	0.35398433268858803	0.34506822918262897	0.2846231025110145	0.3581935045270541	0.34872399144159505	0.2926120857699805	0.36573905778194715	0.35209797008817983	0.3001679104477612	172.0	167.0	141.0	32.0	27.0	-5.0
subimage_D12	4782	0.3372093023255814	0.3914994090582922	0.19205298013245034	0.3457142857142857	0.44036697247706424	0.21364985163204747	0.3630943223443223	0.45121951219512196	0.2647670227828549	118.0	149.0	72.0	44.0	76.0	32.0
subimage_C12	4590	0.33433734939759036	0.3540414911155889	0.18897596499640373	0.3504043126684636	0.42540897559268653	0.22652834547716366	0.3644067796610169	0.44983818770226536	0.29107981220657275	119.0	145.0	76.0	41.0	67.0	25.0
subimage_B12	1899	0.3551236749116608	0.3471971066907776	0.2550247068367874	0.36968576709796674	0.3513011152416357	0.2774774774774775	0.3831417624521073	0.37185762946604034	0.295258335243626	197.0	187.0	148.0	49.0	39.0	-10.0
subimage_A12	2726	0.3546102578646538	0.3465346534653465	0.2559666642718586	0.36952380952380953	0.3517110266159696	0.2786891954228234	0.38929015023905533	0.35747399247261813	0.29714285714285715	186.0	175.0	138.0	47.0	37.0	-9.0