subimage	all_plant_pixels	ratio_r_q5	ratio_g_q5	ratio_b_q5	ratio_r_median	ratio_g_median	ratio_b_median	ratio_r_q95	ratio_g_q95	ratio_b_q95	pix_r_median	pix_g_median	pix_b_median	diff_rb_median	diff_gb_median	diff_gr_median
subimage_H1	9167	0.3312302839116719	0.39655172413793105	0.19061858504398826	0.3487654320987654	0.4444444444444444	0.20597014925373133	0.35735735735735735	0.4567901234567901	0.2610802990113335	117.0	149.0	69.0	47.0	79.0	32.0
subimage_G1	861	0.32793522267206476	0.37943262411347517	0.25752508361204013	0.337037037037037	0.38869257950530034	0.2737226277372263	0.35064935064935066	0.39915966386554624	0.2867647058823529	93.0	108.0	77.0	17.0	31.0	14.0
subimage_F1	6845	0.33448275862068966	0.3940149625935162	0.1962962962962963	0.3462532299741602	0.42565597667638483	0.22903225806451613	0.35733924284395197	0.45395958610975673	0.2596473749358451	110.0	137.0	74.0	37.0	63.0	26.0
subimage_E1	1391	0.3386697177726926	0.3835294117647059	0.22911694510739858	0.34748010610079577	0.4050632911392405	0.2475	0.3566265060240964	0.4166666666666667	0.2728342245989305	136.0	157.0	96.0	38.0	61.0	23.0
subimage_D1	4618	0.33416370954297553	0.39184600369479594	0.19269102990033224	0.34256055363321797	0.44	0.21725239616613418	0.35563380281690143	0.46000958466453673	0.264925541392167	108.0	139.0	68.0	39.0	70.0	30.0
subimage_C1	8148	0.334375	0.39316239316239315	0.18269230769230768	0.3475409836065574	0.4452296819787986	0.2090032154340836	0.35727146814404426	0.46474358974358976	0.2644540179356427	111.0	143.0	65.0	44.0	75.0	31.0
subimage_B1	2921	0.33753943217665616	0.3491773308957952	0.21573604060913706	0.34686346863468637	0.41812865497076024	0.23529411764705882	0.3764478764478765	0.43205574912891986	0.286231884057971	117.0	142.0	80.0	37.0	59.0	23.0
subimage_A1	1023	0.3265895953757225	0.37029451476793246	0.25741438049130355	0.3354632587859425	0.39375	0.27070063694267515	0.3543096903096903	0.40476190476190477	0.29138758570913026	107.0	125.0	86.0	21.0	39.0	19.0
subimage_H2	6756	0.33641975308641975	0.3963539010708822	0.20359281437125748	0.34294871794871795	0.4383116883116883	0.21835443037974683	0.3537679876914413	0.450354609929078	0.26034823783265404	110.0	140.0	70.0	39.0	70.0	30.0
subimage_G2	9318	0.3357664233576642	0.39950889164598846	0.1839080459770115	0.3483483483483483	0.44984802431610943	0.20212765957446807	0.35877862595419846	0.4633538373506902	0.2574648253331848	116.0	148.0	66.0	46.0	78.0	33.0
subimage_F2	5505	0.3389504563233377	0.38557853406489406	0.1662779397473275	0.3532934131736527	0.44072948328267475	0.20857142857142857	0.3692709904474611	0.4715613225519665	0.2637834686379337	122.0	152.0	71.0	50.0	80.0	30.0
subimage_E2	3662	0.35429804101239815	0.347012071548154	0.21680216802168023	0.36926200278795346	0.38506756756756755	0.24498886414253898	0.3820742622157717	0.421195652173913	0.2893772893772894	154.0	163.0	104.0	53.0	59.0	6.0
subimage_D2	8940	0.33663366336633666	0.39904872537291003	0.17812082715133531	0.3501577287066246	0.4512987012987013	0.20116618075801748	0.3590504451038576	0.46745745323978233	0.2563380281690141	116.0	150.0	65.0	50.0	82.0	34.0
subimage_C2	13025	0.33451957295373663	0.4057324986465569	0.1791044776119403	0.34870317002881845	0.4506578947368421	0.19877675840978593	0.36069419739435604	0.46835443037974683	0.2530213253184485	114.0	148.0	64.0	49.0	83.0	33.0
subimage_B2	2134	0.3276825246748455	0.38014837368904353	0.23935913935913936	0.33881578947368424	0.40344827586206894	0.2578397212543554	0.35653421240199573	0.4164739027283511	0.27974342105263156	97.0	117.0	74.0	23.0	41.0	18.0
subimage_A2	2703	0.3272058823529412	0.35612602805999033	0.2361162361623616	0.3384615384615385	0.4	0.2604166666666667	0.3668912890795543	0.41935483870967744	0.28287628500531725	110.0	128.0	84.0	25.0	44.0	19.0
subimage_H3	5825	0.3358817772558231	0.39079394805578826	0.2013029874416013	0.34519572953736655	0.43478260869565216	0.21768707482993196	0.3546511627906977	0.4551971326164875	0.2663528772827046	114.0	143.0	71.0	40.0	70.0	29.0
subimage_G3	2478	0.3333333333333333	0.38028169014084506	0.19642857142857142	0.3585434173669468	0.41189931350114417	0.22470132271369647	0.37471342207000335	0.44285714285714284	0.27596439169139464	131.0	157.0	82.0	48.0	69.0	20.0
subimage_F3	2423	0.3566666666666667	0.3422850700390347	0.24770809311341724	0.3822525597269625	0.3489583333333333	0.26837606837606837	0.4005724954293328	0.3528368794326241	0.3001628702876939	222.0	202.0	155.0	65.0	46.0	-19.0
subimage_E3	1119	0.3560081632653061	0.34487879822465006	0.2315035799522673	0.3724832214765101	0.3504587155963303	0.2707641196013289	0.39396293027360985	0.3985251174887074	0.2969289814705844	193.0	182.0	142.0	53.0	44.0	-11.0
subimage_D3	8154	0.3344225037257824	0.3970561037633689	0.1854234183457799	0.34626452226402615	0.4485981308411215	0.20496894409937888	0.35907938374475196	0.4635972305839855	0.2594428862825089	113.0	146.0	66.0	45.0	76.0	33.0
subimage_C3	2304	0.3476391734676159	0.3572077922077922	0.21054736842105262	0.36103896103896105	0.4062880170316302	0.23342557273790504	0.37723011120615907	0.42736699363388336	0.28454429202511045	138.0	155.5	88.0	48.0	64.0	17.0
subimage_B3	5847	0.3333333333333333	0.38442394454021933	0.19223269766445256	0.3495440729483283	0.43506493506493504	0.21935483870967742	0.37037037037037035	0.4554140127388535	0.2653412224840796	119.0	149.0	72.0	45.0	72.0	30.0
subimage_A3	2284	0.34164537757003094	0.37158655763861187	0.21813803759979397	0.3574386787678397	0.4044453658450518	0.23529411764705882	0.38258575197889183	0.42212592300190405	0.2692307692307692	127.0	146.0	82.0	41.0	59.0	15.0
subimage_H4	8625	0.3391812865497076	0.38864983454746005	0.17120622568093385	0.3557422969187675	0.4349112426035503	0.2096317280453258	0.367601246105919	0.46417445482866043	0.26600481271969056	122.0	149.0	71.0	50.0	76.0	27.0
subimage_G4	2034	0.35170603674540685	0.349099668298847	0.24369747899159663	0.36470588235294116	0.36855036855036855	0.26605504587155965	0.38742393509127787	0.3856099937832888	0.28712697982807217	148.0	150.0	108.0	40.0	42.0	1.0
subimage_F4	2902	0.334384858044164	0.349269419306184	0.23694277811703007	0.34219269102990035	0.3896551724137931	0.2682926829268293	0.375739355481189	0.40417760488759485	0.2844007386346982	104.0	119.0	82.0	23.0	37.0	15.0
subimage_E4	1566	0.342599040544723	0.35866459131545336	0.22122252747252746	0.35988200589970504	0.3977745794450377	0.24324324324324326	0.3760624241125634	0.41823899371069184	0.2775626167977443	124.0	136.0	84.0	40.0	53.0	13.0
subimage_D4	7461	0.33098591549295775	0.40963855421686746	0.1796875	0.3424242424242424	0.43973941368078173	0.21782178217821782	0.3503184713375796	0.47863247863247865	0.24929178470254956	107.0	137.0	68.0	38.0	69.0	30.0
subimage_C4	2669	0.3279742765273312	0.3833045148895293	0.23913986490673608	0.3464788732394366	0.40061162079510704	0.254071661237785	0.3581081081081081	0.41756699440909967	0.27759830349324244	110.0	127.0	80.0	29.0	46.0	17.0
subimage_B4	2675	0.34365325077399383	0.34660543455818404	0.23012243908352528	0.3622350674373796	0.36771300448430494	0.2628992628992629	0.38240677489006597	0.4148606811145511	0.2929815395332636	170.0	167.0	117.0	45.0	45.0	-1.0
subimage_A4	2392	0.35119047619047616	0.3679140461215933	0.22118589743589745	0.36272848122299767	0.3971221532091097	0.23891347099311702	0.37735849056603776	0.4179566563467492	0.27383863080684595	128.0	140.0	84.0	43.0	55.0	12.0
subimage_H5	7049	0.3333333333333333	0.38305388225965287	0.18466898954703834	0.34375	0.4350282485875706	0.22321428571428573	0.3575358923529765	0.462406015037594	0.2743142144638404	111.0	141.0	72.0	39.0	68.0	30.0
subimage_G5	6518	0.334375	0.38629289267346767	0.17006802721088435	0.3467048710601719	0.43655533941569175	0.21806853582554517	0.36188239936858724	0.4726027397260274	0.2698470070759227	115.0	145.0	72.0	42.0	72.0	30.0
subimage_F5	6160	0.33630952380952384	0.39716142386915065	0.20238095238095238	0.345565749235474	0.43026706231454004	0.22448979591836735	0.35530138438447895	0.44762076671823964	0.25862268057657084	117.0	146.0	76.0	40.0	69.0	29.0
subimage_E5	1878	0.328125	0.3659707423832287	0.22603982463896258	0.3471337579617834	0.39104477611940297	0.26456047001441085	0.37837199119813175	0.41079432830298385	0.28576411960132886	107.0	120.0	79.0	26.0	38.0	14.0
subimage_D5	7168	0.3368799557440531	0.39906496248539003	0.1975811295342446	0.352112676056338	0.4304812834224599	0.21643835616438356	0.3620689655172414	0.44879518072289154	0.2581912527798369	126.0	154.0	77.0	48.0	76.0	28.0
subimage_C5	5915	0.3364247658331185	0.3886255924170616	0.18674698795180722	0.34492753623188405	0.4298507462686567	0.22615803814713897	0.36507936507936506	0.45151515151515154	0.2662037037037037	121.0	149.0	78.0	41.0	70.0	29.0
subimage_B5	10714	0.3365695792880259	0.3945758165113004	0.1829652996845426	0.34704370179948585	0.45	0.2034383954154728	0.3568904593639576	0.4666666666666667	0.2599695550351288	111.0	143.0	64.0	45.0	76.0	32.0
subimage_A5	2395	0.3312181119214501	0.3782179854529425	0.24179289409286622	0.3432203389830508	0.3957597173144876	0.26101694915254237	0.36039455468389475	0.4120231282784931	0.28340318263864395	99.0	115.0	76.0	24.0	38.0	15.0
subimage_H6	10641	0.32967032967032966	0.4049382716049383	0.19345238095238096	0.3476923076923077	0.44477611940298506	0.20728291316526612	0.3549222797927461	0.4567901234567901	0.2550335570469799	116.0	149.0	68.0	47.0	79.0	32.0
subimage_G6	7873	0.3345070422535211	0.3914117306718739	0.1848184818481848	0.3432343234323432	0.44011976047904194	0.21700879765395895	0.3536742216296761	0.4672559734276224	0.2682193288098294	111.0	143.0	69.0	41.0	72.0	31.0
subimage_F6	2019	0.3539631216671547	0.3460768591114279	0.23325062034739455	0.3694390715667311	0.3538767395626243	0.2718253968253968	0.39254448801085806	0.4039950628479307	0.2962334032145353	178.0	171.0	131.0	47.0	39.0	-8.0
subimage_E6	3893	0.3353115727002967	0.3789954337899543	0.209375	0.3464788732394366	0.42142857142857143	0.23225806451612904	0.36619718309859156	0.44039735099337746	0.2711864406779661	117.0	141.0	78.0	37.0	62.0	25.0
subimage_D6	7419	0.34173669467787116	0.3942237507018529	0.17586206896551723	0.3488372093023256	0.4379310344827586	0.21220930232558138	0.3652710123793863	0.4669260700389105	0.2556459642256325	117.0	147.0	71.0	45.0	74.0	29.0
subimage_C6	6625	0.33865814696485624	0.39666189655675943	0.1949503893921849	0.346875	0.4386503067484663	0.2147239263803681	0.35645459282770375	0.45454545454545453	0.25796862529601855	112.0	142.0	69.0	42.0	72.0	29.0
subimage_B6	2587	0.33031122031122034	0.3691931540342298	0.21568627450980393	0.34545454545454546	0.40988372093023256	0.24571428571428572	0.37142857142857144	0.43	0.27871658182692693	112.0	132.0	78.0	31.0	51.0	21.0
subimage_A6	1136	0.3425076452599388	0.3493282149712092	0.23665457784564484	0.3612554626429959	0.3651705257202893	0.27115293472024743	0.3739711415709198	0.40776731765213636	0.28788486140724945	157.5	159.0	120.0	40.0	42.0	3.0
subimage_H7	10581	0.337468982630273	0.3988439306358382	0.19005847953216373	0.35119047619047616	0.4438202247191011	0.20454545454545456	0.3584905660377358	0.45535714285714285	0.25824175824175827	121.0	154.0	70.0	50.0	81.0	31.0
subimage_G7	6265	0.3323615160349854	0.38917525773195877	0.19469610677881946	0.3459715639810427	0.436241610738255	0.21666666666666667	0.3624161073825503	0.4577830620084141	0.26486218892159485	110.0	140.0	68.0	41.0	68.0	28.0
subimage_F7	2144	0.3572625315697102	0.3415443812299082	0.24609375	0.3766891891891892	0.3469750889679715	0.2765957446808511	0.4026936342643663	0.3528296369855456	0.300706333557757	216.0	200.0	161.0	58.0	41.0	-17.0
subimage_E7	2339	0.33121019108280253	0.36999731903485256	0.23015873015873015	0.3563218390804598	0.3977272727272727	0.24495677233429394	0.3746397694524496	0.41210374639769454	0.2802547770700637	123.0	139.0	85.0	39.0	53.0	15.0
subimage_D7	7685	0.33229034833232735	0.39067258883248734	0.18275862068965518	0.34375	0.44108761329305135	0.2159090909090909	0.3601376115845569	0.46440677966101696	0.26585955345958295	106.0	137.0	66.0	40.0	69.0	30.0
subimage_C7	3333	0.3384615384615385	0.36017897091722595	0.21180555555555555	0.34935897435897434	0.42201834862385323	0.23372781065088757	0.3814281753333501	0.43973941368078173	0.2720613906625271	113.0	138.0	75.0	39.0	59.0	24.0
subimage_B7	2004	0.3272159090909091	0.3783783783783784	0.23296711584875301	0.3516819571865443	0.3971273852501289	0.2545454545454545	0.3623534440644846	0.4077919199594731	0.28347725282455455	117.0	133.0	83.0	32.0	46.0	15.0
subimage_A7	1379	0.342175128085701	0.3573023750443105	0.24915084915084915	0.35106382978723405	0.38387096774193546	0.26479750778816197	0.3691226391111244	0.39322033898305087	0.2852261209939538	107.0	118.0	81.0	27.0	37.0	10.0
subimage_H8	3646	0.328719723183391	0.3975992992742483	0.18050474254742546	0.3377926421404682	0.43788819875776397	0.2237525186677729	0.34494773519163763	0.4788732394366197	0.26909374563405203	101.0	128.0	68.0	33.0	63.0	29.0
subimage_G8	2580	0.3538445241199479	0.34525939177101966	0.23035154227946775	0.37047353760445684	0.35633256133127467	0.26534691874089555	0.3820863541891131	0.40782490443987063	0.29422535128771327	190.0	181.0	136.0	50.0	47.0	-7.0
subimage_F8	3604	0.3448395593869732	0.38150320779375074	0.17244458128078818	0.35774647887323946	0.42710997442455245	0.21351351351351353	0.3764705882352941	0.45555555555555555	0.2689655172413793	134.0	160.0	79.0	52.0	79.0	25.0
subimage_E8	3301	0.3538135593220339	0.34868421052631576	0.2328767123287671	0.3649851632047478	0.3813813813813814	0.253125	0.3864864864864865	0.4012738853503185	0.28212290502793297	124.0	126.0	86.0	36.0	43.0	6.0
subimage_D8	8002	0.3383233532934132	0.39013684661823156	0.19814241486068113	0.351123595505618	0.4322766570605187	0.21883304081819654	0.36052507836990594	0.44647286460276014	0.26401869158878505	133.0	162.0	80.0	48.0	76.0	30.0
subimage_C8	3055	0.35795454545454547	0.3436928702010969	0.2361111111111111	0.3790322580645161	0.3522727272727273	0.26522593320235754	0.39473684210526316	0.3793103448275862	0.29505089393409095	193.0	178.0	134.0	58.0	45.0	-14.0
subimage_B8	7526	0.3357142857142857	0.39623896025692495	0.1715366643251993	0.34492753623188405	0.43597560975609756	0.2202797202797203	0.3622641509433962	0.4693140794223827	0.2594594594594595	107.0	137.0	67.0	39.0	68.0	28.0
subimage_A8	1264	0.3429520474499028	0.37467900302114804	0.22914860681114552	0.35310353754549473	0.404320987654321	0.2429464312037501	0.36507936507936506	0.4151967038809144	0.2709689255069494	118.0	135.0	81.0	36.0	54.0	17.0
subimage_H9	5463	0.33746517027863776	0.3875635176736768	0.18446601941747573	0.34877384196185285	0.4277456647398844	0.22395833333333334	0.3601036269430052	0.4602649006622517	0.26865671641791045	120.0	147.0	78.0	43.0	70.0	27.0
subimage_G9	12034	0.3340025476295968	0.4020013217452025	0.1873015873015873	0.3464052287581699	0.44776119402985076	0.20414201183431951	0.3575418994413408	0.46357615894039733	0.2577336316963046	113.0	146.0	67.0	46.0	79.0	33.0
subimage_F9	1907	0.3344262295081967	0.34503982300884956	0.22796273232420003	0.3516483516483517	0.38461538461538464	0.2672955974842767	0.3870967741935484	0.4103448275862069	0.2912621359223301	108.0	122.0	82.0	26.0	37.0	12.0
subimage_E9	3088	0.3345070422535211	0.3612955861342958	0.2249559620596206	0.36235955056179775	0.3935018050541516	0.24074074074074073	0.38285087374055415	0.4136870831394447	0.2834213365422519	131.0	141.0	85.0	43.0	54.0	11.0
subimage_D9	9927	0.33509234828496043	0.3859223300970874	0.1678913825035407	0.34593023255813954	0.4389438943894389	0.21700879765395895	0.3605229274903998	0.47580645161290325	0.26666666666666666	111.0	141.0	70.0	42.0	72.0	30.0
subimage_C9	9879	0.3384223918575064	0.3979328165374677	0.18397626112759644	0.3511450381679389	0.44477611940298506	0.20364741641337386	0.3611940298507463	0.4617737003058104	0.25715801439939373	120.0	153.0	69.0	49.0	81.0	32.0
subimage_B9	12571	0.33962264150943394	0.4010997311097012	0.18601516956058423	0.3537234042553192	0.444743935309973	0.20059880239520958	0.3633720930232558	0.4581005586592179	0.25067351375557045	124.0	156.0	71.0	54.0	87.0	32.0
subimage_A9	2564	0.3480825958702065	0.3428063943161634	0.23548566297333495	0.3706357862321165	0.35150119850033806	0.2700939676147328	0.39090206508135167	0.407514450867052	0.29838490929242256	185.0	174.0	136.0	48.0	42.0	-11.0
subimage_H10	13134	0.3344594594594595	0.4025205696202532	0.18473000281380297	0.3476923076923077	0.4501510574018127	0.20058997050147492	0.35633295230837614	0.4642857142857143	0.2564102564102564	113.0	147.0	65.0	48.0	82.0	33.0
subimage_G10	7753	0.3352601156069364	0.3835487510072522	0.18538415227156949	0.34494773519163763	0.4341317365269461	0.2208955223880597	0.35714285714285715	0.4644118580587825	0.27411167512690354	114.0	144.0	73.0	41.0	71.0	29.0
subimage_F10	10683	0.33452085306843493	0.4028985507246377	0.18373493975903615	0.3495440729483283	0.45110410094637227	0.1986754966887417	0.35890326918228427	0.4634843205574913	0.25535311296960034	117.0	149.0	66.0	49.0	81.0	33.0
subimage_E10	2082	0.3567898414632083	0.34338358458961477	0.27134982351752746	0.3685121107266436	0.34673366834170855	0.28471611989845735	0.3779064585665133	0.3517110266159696	0.2991445559271646	209.0	197.0	162.0	48.0	35.0	-12.0
subimage_D10	17571	0.3381473094571241	0.4045372673471138	0.18497109826589594	0.35327635327635326	0.44680851063829785	0.19939577039274925	0.36182336182336183	0.46	0.25	126.0	160.0	71.0	55.0	89.0	34.0
subimage_C10	3015	0.33972602739726027	0.3716064568308957	0.20294117647058824	0.35714285714285715	0.41624365482233505	0.2263681592039801	0.36968973605648486	0.4414651493598862	0.2724959370455906	133.0	154.0	85.0	48.0	69.0	22.0
subimage_B10	2152	0.3274647887323944	0.36483876580443103	0.23015911383891036	0.3446153846153846	0.39814814814814814	0.2578506782372406	0.36757624398073835	0.4163934426229508	0.28708133971291866	107.0	125.0	80.0	27.0	43.0	17.0
subimage_A10	1136	0.35621966955594825	0.34047931625763583	0.27627118644067794	0.3674496644295302	0.34476843910806176	0.2878661826249181	0.37647917004376724	0.34837266935771755	0.30155979202772965	219.0	207.0	173.0	47.0	34.0	-14.0
subimage_H11	7508	0.33762057877813506	0.397661518748314	0.19207317073170732	0.3470790378006873	0.4440993788819876	0.20833333333333334	0.3554817275747508	0.4565671746120508	0.2590180099296331	113.0	145.0	67.0	45.0	75.0	31.0
subimage_G11	5362	0.3367003367003367	0.38461538461538464	0.17751479289940827	0.3488372093023256	0.4382716049382716	0.215625	0.37087821119278075	0.4612794612794613	0.26903553299492383	115.0	143.0	69.0	42.0	71.0	29.0
subimage_F11	2442	0.3576183110165805	0.3536600881275988	0.21714285714285714	0.3689839572192513	0.4	0.23118279569892472	0.38480038948393375	0.41359773371104813	0.27623847060727247	137.0	148.0	85.0	51.0	62.0	11.0
subimage_E11	2518	0.356650836918097	0.3501810929202457	0.22355769230769232	0.38032753972351285	0.3760108991825613	0.24312411505712125	0.3980114280084725	0.4072289156626506	0.2801087559795967	167.0	165.0	105.5	61.0	57.0	-1.0
subimage_D11	5569	0.3304546017589496	0.38978228801435105	0.2028985507246377	0.34564643799472294	0.4253246753246753	0.22839506172839505	0.36656514318582567	0.449685534591195	0.26711598607990833	111.0	137.0	73.0	38.0	63.0	26.0
subimage_C11	7706	0.3367089259946403	0.39657244694960214	0.20437956204379562	0.34705882352941175	0.4297752808988764	0.2231638418079096	0.35443037974683544	0.4463986097794823	0.25917290998407394	116.0	145.0	74.0	41.0	68.0	27.0
subimage_B11	2186	0.32727272727272727	0.3798557879693387	0.22916666666666666	0.34718100890207715	0.4006260164194604	0.2543352601156069	0.36136417183695907	0.4177088099232372	0.2777777777777778	112.0	128.0	80.0	30.0	46.0	17.0
subimage_A11	2808	0.338368580060423	0.3774859943977591	0.23185146181234642	0.34615384615384615	0.4084084084084084	0.24606504038185212	0.36	0.41880275974025977	0.2737358806018839	112.0	132.0	79.0	32.0	52.0	20.0
subimage_H12	10332	0.33647798742138363	0.40114613180515757	0.1901840490797546	0.3485714285714286	0.4428969359331476	0.20891364902506965	0.3560830860534125	0.456597100042468	0.2566138239850597	118.0	151.0	70.0	47.0	79.0	31.0
subimage_G12	5415	0.3353979933110368	0.3842446393762183	0.207910145853295	0.3438485804416404	0.43492063492063493	0.22142857142857142	0.36074774200047005	0.4461138118387189	0.2647058823529412	107.0	136.0	69.0	38.0	66.0	28.0
subimage_F12	2284	0.3539325842696629	0.34532374100719426	0.22465753424657534	0.3634614601948357	0.36043956043956044	0.2602882400758705	0.3854389721627409	0.41619609942126917	0.29528209109730846	174.0	168.0	121.5	48.0	48.0	-3.0
subimage_E12	1698	0.35665529010238906	0.3436426116838488	0.2712130214522484	0.36660929432013767	0.34683098591549294	0.28646748681898065	0.37943262411347517	0.3502824858757062	0.29866057269001917	211.0	198.0	164.0	46.0	35.0	-12.0
subimage_D12	10463	0.3333333333333333	0.3982832305376135	0.1937984496124031	0.34662576687116564	0.4427710843373494	0.2116564417177914	0.3543956043956044	0.4567901234567901	0.25925925925925924	115.0	147.0	69.0	44.0	73.0	31.0
subimage_C12	1894	0.35687732342007433	0.3466666666666667	0.22443890274314215	0.37254901960784315	0.3615492157805059	0.2608695652173913	0.3875	0.405	0.2911392405063291	170.0	167.0	120.0	54.0	45.0	-3.0
subimage_B12	1888	0.3570057447106627	0.3401136088953348	0.25502008032128515	0.3817204301075269	0.34686346863468637	0.27124773960216997	0.3954219364632215	0.35067437379576105	0.30199143537896833	205.0	186.0	144.0	59.5	40.0	-19.0
subimage_A12	1490	0.32967032967032966	0.35968204200969456	0.22701149425287356	0.3501577287066246	0.39588688946015427	0.2539894745777099	0.3693402035128654	0.41460340233654436	0.2891433682596473	121.0	139.0	85.0	35.0	51.0	17.0