subimage	all_plant_pixels	ratio_r_q5	ratio_g_q5	ratio_b_q5	ratio_r_median	ratio_g_median	ratio_b_median	ratio_r_q95	ratio_g_q95	ratio_b_q95	pix_r_median	pix_g_median	pix_b_	diff_rb_median	diff_gb_median	diff_gr_median
subimage_H1	2807	0.34210526315789475	0.3944868176498933	0.20906873614190688	0.3492537313432836	0.42378048780487804	0.22701149425287356	0.35843373493975905	0.43790849673202614	0.25826648553886783	118.0	142.0	76.0	41.0	66.0	25.0
subimage_G1	1916	0.34442148760330576	0.3783783783783784	0.19755900784269578	0.3582089552238806	0.40555555555555556	0.23582089552238805	0.3831119871402327	0.4243539093230281	0.2676333592103804	127.0	143.0	82.0	43.0	59.0	17.0
subimage_F1	1387	0.3394495412844037	0.3860103626943005	0.2171601813772013	0.3483483483483483	0.41194029850746267	0.24096385542168675	0.36017964314351203	0.425654633872627	0.2675565018015067	114.0	135.0	79.0	35.0	56.0	21.0
subimage_E1	892	0.35028204577199956	0.3615875116333178	0.19145805926801523	0.3629807692307692	0.39383770591824285	0.245862514182871	0.3762135922330097	0.43766207031540016	0.27931405000068293	152.0	165.0	102.0	48.0	62.0	13.0
subimage_D1	3127	0.34001511335012596	0.3919089130048034	0.19850187265917604	0.3487544483985765	0.42901234567901236	0.22153846153846155	0.35602212269680483	0.45161290322580644	0.2666117216117216	114.0	140.0	72.0	41.0	68.0	26.0
subimage_C1	2771	0.3387845885037798	0.3965998844153342	0.20477954884414618	0.348780487804878	0.430635838150289	0.22054380664652568	0.35646687697160884	0.44299674267100975	0.2588370491383176	117.0	144.0	74.0	43.0	70.0	27.0
subimage_B1	3267	0.3421828908554572	0.38689839572192514	0.18896847278830017	0.35119047619047616	0.43023255813953487	0.21764705882352942	0.3722344900105153	0.4509463901167403	0.2632429804302905	123.0	150.0	75.0	46.0	73.0	27.0
subimage_A1	3683	0.3413897280966767	0.34844800510379353	0.1919191919191919	0.3482758620689655	0.4276923076923077	0.22492401215805471	0.36363636363636365	0.4507042253521127	0.2877647355799571	113.0	139.0	73.0	40.0	65.0	26.0
subimage_H2	4234	0.34173669467787116	0.38586289949050484	0.2036648924373475	0.34946236559139787	0.4227405247813411	0.228125	0.3575757575757576	0.44404332129963897	0.26585623756539684	120.0	145.0	79.0	42.0	67.0	25.0
subimage_G2	1940	0.35	0.3538175046554935	0.1931102785163699	0.3694690265486726	0.4090909090909091	0.23204419889502761	0.3857493857493858	0.42786069651741293	0.2802554911313587	149.0	164.0	89.0	53.0	67.0	16.0
subimage_F2	1692	0.348717504970911	0.3474973291369503	0.21160070353196608	0.35696512023768995	0.4149396038996873	0.22965116279069767	0.37695058102413487	0.43110875024145257	0.28812972972972967	129.0	149.0	82.0	46.0	66.0	21.0
subimage_E2	713	0.3546207630338957	0.34169179229480734	0.2783236500341763	0.36084452975047987	0.34507042253521125	0.29365079365079366	0.37252293378548756	0.3522057189147003	0.30246497274967027	201.0	191.0	162.0	36.0	28.0	-9.0
subimage_D2	4758	0.3438395415472779	0.3836838457622649	0.17586206896551723	0.3551519574377928	0.4309859154929577	0.2111111111111111	0.3698630136986301	0.4620938628158845	0.2660332541567696	124.0	150.0	74.0	48.0	75.0	26.0
subimage_C2	3987	0.3426183844011142	0.3814978656938367	0.17652941176470588	0.34971098265895956	0.4281767955801105	0.2222222222222222	0.36558165221063577	0.46545454545454545	0.2707317073170732	118.0	144.0	75.0	42.0	69.0	27.0
subimage_B2	1298	0.35019800554415526	0.37870776666824624	0.1930936565447435	0.3681710213776722	0.41032608695652173	0.22060586824657918	0.3803191489361702	0.43081564913060383	0.26879271070615035	148.0	164.0	87.0	58.0	74.0	16.0
subimage_A2	2677	0.3433735712681899	0.38407154736449106	0.18342376282221903	0.35260115606936415	0.4297752808988764	0.21791044776119403	0.3682949889694295	0.45087404453306745	0.269549712733139	122.0	149.0	76.0	46.0	72.0	26.0
subimage_H3	6155	0.3441081593927894	0.3918483313760031	0.18677122282232378	0.3516819571865443	0.4397590361445783	0.2082018927444795	0.3613295699959373	0.4570552147239264	0.2592852197992384	120.0	150.0	70.0	47.0	75.0	29.0
subimage_G3	1372	0.3538767395626243	0.34838853875597436	0.2136150234741784	0.36373539314715786	0.39033083836500737	0.24235749566146042	0.38256434911242604	0.4224343675417661	0.29012471519366834	158.0	173.0	103.0	54.0	63.0	10.0
subimage_F3	1497	0.34815860479245214	0.35205412963003213	0.20547117493688696	0.3590504451038576	0.4129032258064516	0.22888283378746593	0.38379173740803624	0.4358666937614306	0.2807972775887215	125.0	146.0	79.0	46.0	62.0	19.0
subimage_E3	1627	0.35382886953463494	0.34899066620092445	0.20107131925313743	0.3713527851458886	0.3954659949622166	0.23822714681440443	0.3969873708381171	0.41895071313924803	0.2754940309880619	138.0	147.0	87.0	49.0	57.0	9.0
subimage_D3	5008	0.3449041435687314	0.3828854860823263	0.18207282913165265	0.35777126099706746	0.43601895734597157	0.20574162679425836	0.36944444444444446	0.4532830837717523	0.2665613243039878	134.0	161.0	78.0	54.0	82.0	29.0
subimage_C3	3701	0.34872979214780603	0.3793103448275862	0.15774647887323945	0.35827664399092973	0.40652173913043477	0.23658536585365852	0.38392857142857145	0.4604519774011299	0.2681912681912682	153.0	175.0	103.0	53.0	74.0	22.0
subimage_B3	2638	0.3404255319148936	0.3926585223967423	0.19620421753607103	0.34810126582278483	0.4298507462686567	0.22157434402332363	0.35802942755201916	0.45353159851301117	0.2617188063404151	116.0	143.0	74.0	41.0	68.0	27.0
subimage_A3	2647	0.34444444444444444	0.3907850686307332	0.20257234726688103	0.3504531722054381	0.4323529411764706	0.21739130434782608	0.35646687697160884	0.4444444444444444	0.2622127926060292	119.0	146.0	74.0	45.0	73.0	28.0
subimage_H4	2909	0.34375	0.3877089942553374	0.2	0.35103244837758113	0.43059490084985835	0.21842105263157896	0.35792349726775957	0.4462025316455696	0.26494644001586964	124.0	152.0	77.0	46.0	74.0	28.0
subimage_G4	932	0.3556182379147182	0.3459413477749962	0.21750663129973474	0.3661067923363005	0.39245405322961946	0.23915449994465013	0.37842940101086137	0.4168897787811033	0.29427875162189565	147.0	161.0	95.0	51.0	59.0	10.0
subimage_F4	3041	0.347953216374269	0.3819444444444444	0.1945288753799392	0.35410764872521244	0.43641618497109824	0.20909090909090908	0.3614457831325301	0.45	0.2715736040609137	120.0	148.0	71.0	48.0	77.0	28.0
subimage_E4	3183	0.3485714285714286	0.3617161254199328	0.17888563049853373	0.36141304347826086	0.4230769230769231	0.2184873949579832	0.38670292044310167	0.45012820512820506	0.27810538179768945	135.0	157.0	81.0	53.0	75.0	24.0
subimage_D4	3096	0.3419271913093955	0.39351851851851855	0.19121104554674534	0.35367814289075367	0.43768115942028984	0.20821114369501467	0.36056338028169016	0.45143424791100956	0.26269315673289184	124.0	153.0	73.0	51.0	80.0	29.0
subimage_C4	2820	0.3464722122390303	0.3754863813229572	0.19889502762430938	0.3569620253164557	0.4173128168139288	0.22395833333333334	0.37129073344227626	0.44077134986225897	0.270512617463837	141.0	164.0	88.0	52.0	75.0	23.0
subimage_B4	2636	0.34315696788098615	0.3930232558139535	0.1897716638592551	0.3509841539227804	0.43452380952380953	0.21487603305785125	0.3573721574077066	0.45629262478121796	0.26017589171870403	116.0	143.0	71.0	45.0	72.0	28.0
subimage_A4	2352	0.3430267011638531	0.3909258763202204	0.2012323644399116	0.34971098265895956	0.4297994269340974	0.21987951807228914	0.35618452860596295	0.44673539518900346	0.26412433478471214	119.0	145.0	75.0	43.0	71.0	27.0
subimage_H5	4013	0.34611712869469435	0.3859094443747648	0.17346938775510204	0.35714285714285715	0.43089430894308944	0.21148036253776434	0.37466591754439615	0.45819397993311034	0.2626809493291014	127.0	153.0	75.0	50.0	77.0	25.0
subimage_G5	2013	0.3546439716312057	0.3499449035812672	0.2035623409669211	0.37249283667621774	0.3816568047337278	0.2471264367816092	0.387775012444002	0.42120343839541546	0.2821344450234497	137.0	147.0	88.0	44.0	47.0	4.0
subimage_F5	1536	0.3506849315068493	0.34774436090225563	0.19696000930016275	0.3624249849082064	0.41106820475442923	0.2267600711653323	0.39663461538461536	0.42696629213483145	0.2841648360932748	145.0	159.0	86.0	50.0	70.0	17.0
subimage_E5	1636	0.34662790697674417	0.3663415003024803	0.19372846467087304	0.3616471605266658	0.410958904109589	0.22191011235955055	0.3874658683834766	0.432625336750115	0.2773765164276113	141.0	158.0	84.0	52.0	71.0	16.0
subimage_D5	1942	0.354639175257732	0.3507636678871665	0.19241192411924118	0.3707865168539326	0.4	0.23283947907521219	0.39311677988148575	0.4244031830238727	0.2847613003757367	154.0	165.0	95.0	55.5	68.0	13.0
subimage_C5	3669	0.3506172839506173	0.3866497542413192	0.18018018018018017	0.36009732360097324	0.4180929095354523	0.2222222222222222	0.3753351206434316	0.4478021978021978	0.25820568927789933	139.0	162.0	86.0	53.0	76.0	23.0
subimage_B5	4385	0.34444444444444444	0.3869006767452484	0.16191817572099262	0.3545816733067729	0.4319526627218935	0.21388888888888888	0.37539238049017226	0.4728325835126383	0.2642111920689851	122.0	149.0	73.0	48.0	75.0	27.0
subimage_A5	2396	0.3392857142857143	0.3883024783517468	0.20502772498383526	0.3493975903614458	0.4289855072463768	0.22115295641713706	0.3575306361506578	0.44329896907216493	0.26692966512447674	116.0	142.0	73.0	42.0	69.0	26.0
subimage_H6	2966	0.34411764705882353	0.3947990543735225	0.19419096804255814	0.3502824858757062	0.4293785310734463	0.22	0.35714285714285715	0.4529458920365601	0.25691539759203197	123.0	151.0	77.0	45.0	73.0	28.0
subimage_G6	864	0.3575069020579325	0.34267305074293425	0.24573726926668102	0.37791314866933295	0.3486238532110092	0.2727272727272727	0.39207235817921415	0.36512027942644043	0.2989811708561709	195.0	181.0	140.5	54.0	39.0	-13.0
subimage_F6	1593	0.35359116022099446	0.3486394557823129	0.1892955578178929	0.36553524804177545	0.40930232558139534	0.22395833333333334	0.38414634146341464	0.43765281173594134	0.2906930655029663	153.0	172.0	89.0	53.0	71.0	17.0
subimage_E6	2003	0.34816972684449243	0.3750302663438257	0.18950437317784258	0.3617021276595745	0.41946308724832215	0.21963824289405684	0.38613586358635865	0.43351706365539827	0.2705017986708127	131.0	150.0	78.0	51.0	70.0	19.0
subimage_D6	2756	0.3415727341964966	0.3888576779026217	0.1897810218978102	0.35311572700296734	0.4378531073446328	0.20821516088860323	0.3593314763231198	0.45614035087719296	0.2662531753920919	125.0	154.0	74.0	50.0	79.0	29.0
subimage_C6	3157	0.33762057877813506	0.3864168618266979	0.17857142857142858	0.3467741935483871	0.4338461538461538	0.21782178217821782	0.3600221606648199	0.4713656387665198	0.26306636155606405	109.0	136.0	68.0	40.0	67.0	27.0
subimage_B6	2974	0.3436619718309859	0.3804347826086957	0.1653928127405127	0.35294117647058826	0.4306784660766962	0.21813031161473087	0.3714832162373146	0.47278911564625853	0.27080445984363893	120.0	147.0	75.0	46.0	73.0	27.0
subimage_A6	2980	0.34593023255813954	0.397498417721519	0.19607843137254902	0.35311572700296734	0.4297994269340974	0.21726190476190477	0.3602693602693603	0.4470198675496689	0.2518891687657431	121.0	147.0	74.0	46.0	73.0	26.0
subimage_H7	2238	0.3408360128617363	0.3876213560855795	0.2098291872062364	0.3496932515337423	0.4253521126760563	0.22492401215805471	0.3597733711048159	0.4392857142857143	0.2617283950617284	119.0	144.0	76.0	42.0	67.0	26.0
subimage_G7	1568	0.34910959104972217	0.37431703179385184	0.22184971531315553	0.35694050991501414	0.4	0.24302736723004031	0.37943272224143887	0.41593611960584437	0.26801273458445035	127.0	143.0	86.0	41.0	55.0	16.0
subimage_F7	1537	0.3552879256965944	0.38355608063206087	0.19728989263235838	0.36829268292682926	0.4224343675417661	0.20854271356783918	0.37566137566137564	0.4311317254174397	0.2602281297134238	152.0	174.0	86.0	66.0	88.0	22.0
subimage_E7	3268	0.3413173652694611	0.38334680523479603	0.1853146853146853	0.35172413793103446	0.41850879335613095	0.22922636103151864	0.3824291071010077	0.44634646199577344	0.26463243592336244	112.0	134.0	74.0	40.0	60.0	21.0
subimage_D7	2799	0.3411764705882353	0.38823240352652116	0.1873015873015873	0.3496932515337423	0.4319526627218935	0.21921921921921922	0.3630573248407643	0.45302556417106493	0.26487002515642133	115.0	143.0	71.0	42.0	69.0	27.0
subimage_C7	5898	0.34146341463414637	0.3856561312397722	0.1864951768488746	0.3553299492385787	0.4274299940420461	0.21621621621621623	0.367816091954023	0.45535714285714285	0.26295474711623773	131.0	159.0	78.0	52.0	78.0	26.0
subimage_B7	2175	0.34436538777297354	0.38631346578366443	0.17989477475904075	0.3611111111111111	0.42587601078167114	0.21388888888888888	0.3777355072463768	0.44805194805194803	0.2669868198799117	132.0	156.0	79.0	53.0	78.0	23.0
subimage_A7	3914	0.34818941504178275	0.3800282558438222	0.18333333333333332	0.3587570621468927	0.42783505154639173	0.21447374801698638	0.3718075117370892	0.4490358126721763	0.2688961802832495	131.0	157.0	78.0	52.0	78.0	26.0
subimage_H8	3080	0.345732103782432	0.3824879869234708	0.19577658459926664	0.3535592453163467	0.42777777777777776	0.21896613636008805	0.3597733711048159	0.45	0.26694961614063717	127.0	154.0	78.0	48.0	74.0	27.0
subimage_G8	1541	0.3473389355742297	0.35040983606557374	0.21804511278195488	0.35650224215246634	0.3951367781155015	0.24719101123595505	0.4012738853503185	0.41346153846153844	0.2836734693877551	123.0	136.0	83.0	39.0	50.0	14.0
subimage_F8	2029	0.3542386631954955	0.3841714413274797	0.1994459833795014	0.3634020618556701	0.42493638676844786	0.2119700748129676	0.37142857142857144	0.43315508021390375	0.25869565217391305	141.0	164.0	82.0	59.0	82.0	23.0
subimage_E8	1741	0.35523613963039014	0.3834080717488789	0.1984126984126984	0.36523929471032746	0.4236453201970443	0.21105527638190955	0.373015873015873	0.43213296398891965	0.26282051282051283	146.0	169.0	84.0	61.0	84.0	23.0
subimage_D8	5100	0.3455056179775281	0.38390695647436945	0.16937850579138525	0.3597560975609756	0.4326424870466321	0.20588235294117646	0.37333333333333335	0.46454437996991194	0.26558891454965355	128.0	155.0	74.0	53.0	80.0	26.0
subimage_C8	2766	0.3468771172086721	0.38901224633490084	0.19309136444824104	0.356353591160221	0.43230994569197556	0.2111111111111111	0.36363636363636365	0.44839570657789	0.2609135576282478	126.0	152.5	74.0	51.0	78.0	27.0
subimage_B8	4052	0.34605285964875787	0.3877068557919622	0.1815068493150685	0.3542168674698795	0.4304812834224599	0.21450151057401812	0.3707165109034268	0.45846613851265017	0.262425788646064	127.0	153.0	77.0	50.0	78.0	27.0
subimage_A8	2926	0.34513274336283184	0.3936907951238896	0.2	0.35353535353535354	0.4319526627218935	0.21406727828746178	0.36085626911314983	0.4444444444444444	0.2567074361964752	119.0	144.0	72.0	46.0	72.0	26.0
subimage_H9	3506	0.3436754176610978	0.38750695991091316	0.2039638707973948	0.351123595505618	0.4281842818428184	0.22038567493112948	0.35764705882352943	0.4437299035369775	0.26366533346340193	123.0	150.0	77.0	45.0	72.0	27.0
subimage_G9	943	0.35659253241257916	0.36434512928998336	0.19665054841372803	0.3764705882352941	0.4139433551198257	0.20941176470588235	0.38372093023255816	0.4224343675417661	0.27623783214943437	165.0	181.0	92.0	72.0	89.0	16.0
subimage_F9	992	0.3575406706909415	0.3693558165971959	0.19830235022153728	0.3762135922330097	0.40823802940806836	0.21479713603818615	0.38622754727409103	0.4193086357526882	0.2705542189016926	146.0	158.0	83.0	62.0	73.0	11.0
subimage_E9	1905	0.35297149787750154	0.381789040656777	0.19908315133584992	0.36325678496868474	0.4264705882352941	0.21025641025641026	0.3746756390064975	0.43360433604336046	0.2638537271448664	142.0	166.0	82.0	59.0	83.0	24.0
subimage_D9	3080	0.34271099744245526	0.389574091469341	0.19133008159523782	0.3517915309446254	0.4350453172205438	0.2125748502994012	0.3584905660377358	0.453875847269111	0.2646439229104035	120.0	149.0	73.0	47.0	76.0	28.0
subimage_C9	2586	0.34422581115921586	0.39125862204621153	0.18892508143322476	0.35347432024169184	0.43358631119076957	0.21279697289250046	0.3618086978381096	0.45514950166112955	0.25955113542516506	121.0	149.0	73.0	48.0	76.0	28.0
subimage_B9	4730	0.3476190476190476	0.382687338501292	0.16360549943883276	0.3577023498694517	0.43503678290405723	0.206266318537859	0.37765234299672173	0.46646830334921424	0.2659695108576442	129.0	157.0	74.0	54.0	82.0	28.0
subimage_A9	3980	0.344	0.38401390042507455	0.16981132075471697	0.3515625	0.4301512441047325	0.21935483870967742	0.3712417617548691	0.4646863286492156	0.2663316582914573	114.0	139.0	71.0	43.0	69.0	26.0
subimage_H10	5568	0.34772544815119827	0.39039473684210524	0.18405497876356772	0.35972036850157885	0.43703703703703706	0.20275875190258752	0.36826347305389223	0.4521452145214521	0.25862078324549453	133.0	161.0	75.0	55.0	81.0	28.0
subimage_G10	1245	0.3557692307692308	0.375	0.20145631067961164	0.37054631828978624	0.4178743961352657	0.21103117505995203	0.3762135922330097	0.42610837438423643	0.2674414436433256	155.0	174.0	88.0	67.0	86.0	19.0
subimage_F10	1489	0.3546774901272488	0.3566706445629826	0.21428571428571427	0.3629441624365482	0.41232227488151657	0.22439024390243903	0.38166153530377667	0.42159383033419023	0.28370894858566087	154.0	173.0	95.0	56.0	77.0	20.0
subimage_E10	2380	0.3459293184145093	0.3641818181818182	0.22131032740965237	0.3569230769230769	0.4051836094939543	0.23723723723723725	0.3786709776751347	0.4209043334696536	0.2755798682510033	126.0	143.0	82.0	42.0	57.0	17.0
subimage_D10	3072	0.3424657534246575	0.3856150860049528	0.1963435582822086	0.35276073619631904	0.43059490084985835	0.21580547112462006	0.3609625668449198	0.44982698961937717	0.2686294951125459	124.0	151.0	75.0	47.0	75.0	27.0
subimage_C10	4162	0.3460559796437659	0.35927167994949893	0.17197637926872295	0.35990888382687924	0.4278282869280515	0.20997237569060773	0.38133333333333336	0.4588588979895756	0.2800534453139911	136.0	160.0	78.0	54.0	80.0	24.0
subimage_B10	2695	0.34818117480537863	0.38201548364648574	0.18181818181818182	0.36079545454545453	0.4273972602739726	0.21311475409836064	0.3759919180996151	0.44694658321461156	0.2689411551192194	138.0	163.0	81.0	56.0	82.0	25.0
subimage_A10	2371	0.3433039163853756	0.38161143153186966	0.16822484345420124	0.35774647887323946	0.42727272727272725	0.21580547112462006	0.37936578334626897	0.4580741742321808	0.26986024675182885	125.0	150.0	76.0	49.0	72.0	24.0
subimage_H11	3080	0.346232423490488	0.3849552764297269	0.19601328903654486	0.35410764872521244	0.428169014084507	0.21727019498607242	0.3607602599074386	0.44850964076132516	0.2663755458515284	125.0	152.0	77.0	48.0	74.0	26.0
subimage_G11	1787	0.35402371326483933	0.3796095444685466	0.1977715877437326	0.3643835616438356	0.4198473282442748	0.21649484536082475	0.3743718592964824	0.43462348062800704	0.2645416666666666	142.0	162.0	84.0	57.0	79.0	22.0
subimage_F11	1196	0.3537610703924263	0.36225223664788986	0.21102063404221677	0.3619791666666667	0.41644562334217505	0.21994884910485935	0.3782800143781452	0.42359249329758714	0.2752149024747514	148.0	169.0	90.0	56.0	78.0	21.0
subimage_E11	1307	0.35470941883767537	0.37662337662337664	0.1914090726615817	0.36476426799007444	0.4215686274509804	0.2135678391959799	0.3753351206434316	0.43571286446774316	0.2664911790794704	146.0	168.0	85.0	60.0	83.0	22.0
subimage_D11	4242	0.34710743801652894	0.3839090722495895	0.17096774193548386	0.3620689655172414	0.4301675977653631	0.20718232044198895	0.37822349570200575	0.456247167673716	0.2663750529833312	130.0	154.0	75.0	55.0	80.0	24.0
subimage_C11	7789	0.3472822843059861	0.38304232021308077	0.16338461538461538	0.3592814371257485	0.43670886075949367	0.20364741641337386	0.3743613354731774	0.4666666666666667	0.26298422446209635	126.0	153.0	71.0	54.0	81.0	27.0
subimage_B11	2433	0.34289506953223764	0.38864376529466965	0.1993196805052475	0.35428571428571426	0.4305177111716621	0.21492537313432836	0.3624122370716376	0.4448051948051948	0.2647058823529412	120.0	146.0	73.0	47.0	73.0	26.0
subimage_A11	2443	0.3431372549019608	0.38945467657192573	0.19445392491467578	0.35313531353135313	0.43558282208588955	0.21036585365853658	0.3612661816743225	0.45017182130584193	0.26460721731969844	113.0	140.0	68.0	45.0	71.0	26.0
subimage_H12	0	0	0	0	0	0	0	0	0	0	0	0	0	0	0	0
subimage_G12	1569	0.3495702005730659	0.3645812370523823	0.21542191344622955	0.35714285714285715	0.4136986301369863	0.22916666666666666	0.37567567567567567	0.42209631728045327	0.2729268327585467	136.0	157.0	86.0	48.0	69.0	21.0
subimage_F12	1812	0.35070265555340185	0.3617092055092989	0.2185080529191832	0.3582474226804124	0.403125	0.23641304347826086	0.3734803566096488	0.41878172588832485	0.27492338519566234	134.0	149.0	85.0	44.0	59.0	15.0
subimage_E12	1013	0.35443037974683544	0.37687366167023556	0.19411739404714112	0.3696808510638298	0.41818181818181815	0.21212121212121213	0.3770228806872973	0.4320652173913043	0.2694704562582836	146.0	163.0	83.0	61.0	80.0	19.0
subimage_D12	3888	0.3474654947623972	0.385953141506112	0.1771858888801654	0.36	0.4298507462686567	0.20679012345679013	0.37979849726775955	0.45229681978798586	0.2645833210436588	122.0	145.0	71.0	49.0	73.0	23.0
subimage_C12	3289	0.34649656055031197	0.3541147132169576	0.19784172661870503	0.35398230088495575	0.4277456647398844	0.2185430463576159	0.3630218164938883	0.44543994022043715	0.289076324171287	116.0	141.0	72.0	44.0	68.0	24.0
subimage_B12	2345	0.3426394112025418	0.39026104633268194	0.1891891891891892	0.3536977491961415	0.4340836012861736	0.2125748502994012	0.3604942771743092	0.45422535211267606	0.2610940333637732	111.0	136.0	67.0	44.0	69.0	26.0
subimage_A12	3603	0.34098360655737703	0.38461538461538464	0.17279865649963688	0.35034013605442177	0.4290322580645161	0.2222222222222222	0.36985150224473345	0.46311475409836067	0.2677054452700455	108.0	132.0	69.0	39.0	64.0	24.0