subimage	all_plant_pixels	ratio_r_q5	ratio_g_q5	ratio_b_q5	ratio_r_median	ratio_g_median	ratio_b_median	ratio_r_q95	ratio_g_q95	ratio_b_q95	pix_r_median	pix_g_median	pix_b_	diff_rb_median	diff_gb_median	diff_gr_median
subimage_H1	24856	0.3410548175936914	0.40280217278168096	0.15714285714285714	0.358600583090379	0.46153846153846156	0.17875647668393782	0.3687002652519894	0.48148148148148145	0.2523475745438362	130.0	167.0	64.0	65.0	101.0	37.0
subimage_G1	36842	0.3384615384615385	0.41005386167256674	0.14803625377643503	0.3562874251497006	0.4722222222222222	0.17034700315457413	0.3710144927536232	0.4909090909090909	0.24480369515011546	119.0	157.0	57.0	62.0	100.0	38.0
subimage_F1	17392	0.34080215514356466	0.40380047505938244	0.1526479750778816	0.35919540229885055	0.4584450402144772	0.18204488778054864	0.36923076923076925	0.48297213622291024	0.2518225419664269	132.0	169.0	67.0	65.0	101.0	36.0
subimage_E1	19781	0.3402985074626866	0.4044665012406948	0.14457831325301204	0.3588235294117647	0.4678362573099415	0.17073170731707318	0.37142857142857144	0.49240121580547114	0.2542372881355932	126.0	163.0	60.0	65.0	104.0	38.0
subimage_D1	15241	0.345088161209068	0.40045766590389015	0.1564245810055866	0.3617021276595745	0.4585492227979275	0.17886178861788618	0.37383177570093457	0.4757834757834758	0.25	132.0	167.0	65.0	66.0	101.0	35.0
subimage_C1	18605	0.3436619718309859	0.4017278617710583	0.1641025641025641	0.36622807017543857	0.44419642857142855	0.18973214285714285	0.374601106457784	0.46706586826347307	0.24943206878479843	154.0	186.0	80.0	73.0	106.0	33.0
subimage_B1	1954	0.3351544401544401	0.36132864792503344	0.2012317828286642	0.35190244626749323	0.4047308218326495	0.24489795918367346	0.36827750748502996	0.43832999666333	0.2844663262210537	120.0	141.0	81.0	37.0	55.0	19.0
subimage_A1	5508	0.3280757097791798	0.38235294117647056	0.19188101949729858	0.35410300469047506	0.4214659685863874	0.22807017543859648	0.36856871854432827	0.44787644787644787	0.27869059873048546	123.0	145.0	77.0	44.0	65.0	24.0
subimage_H2	17947	0.3440955091714105	0.3883986051502146	0.14512567416302027	0.3594936708860759	0.4610951008645533	0.17777777777777778	0.3726541554959786	0.49117335273331947	0.2636363636363636	135.0	169.0	66.0	65.0	103.0	37.0
subimage_G2	27812	0.3411764705882353	0.4060246323465276	0.13649851632047477	0.35877862595419846	0.4679144385026738	0.1714662646061063	0.375	0.4984984984984985	0.25	126.0	164.0	60.0	65.0	104.0	38.0
subimage_F2	17495	0.34120734908136485	0.4069324890904424	0.15112540192926044	0.3575418994413408	0.46055979643765904	0.18004866180048662	0.37092731829573933	0.4878048780487805	0.2488072291888705	132.0	170.0	67.0	64.0	102.0	38.0
subimage_E2	13605	0.34498834498834496	0.39954541748206135	0.14894836310431017	0.36077481840193704	0.45698924731182794	0.18110236220472442	0.3728729859803306	0.4857142857142857	0.25270943480010544	139.0	174.0	70.0	69.0	106.0	37.0
subimage_D2	17926	0.34408602150537637	0.3995584988962472	0.15029345012234477	0.36384439359267734	0.46153846153846156	0.17424242424242425	0.375	0.48214285714285715	0.25112868534788874	140.0	176.0	66.0	72.0	108.0	37.0
subimage_C2	18948	0.34360189573459715	0.39618138424821003	0.15281501340482573	0.35945945945945945	0.4603174603174603	0.1797752808988764	0.3720316622691293	0.4815950920245399	0.2579185520361991	135.0	172.0	67.0	66.0	103.0	37.0
subimage_B2	21097	0.34210526315789475	0.4046404704624432	0.14857142857142858	0.3594936708860759	0.4650537634408602	0.17403314917127072	0.37283236994219654	0.486849777504987	0.24944018652181463	130.0	168.0	63.0	66.0	104.0	38.0
subimage_A2	4001	0.33994334277620397	0.37636761487964987	0.20270270270270271	0.3645833333333333	0.4076923076923077	0.2275449101796407	0.38443935926773454	0.43278688524590164	0.271523178807947	144.0	159.0	90.0	52.0	67.0	17.0
subimage_H3	10505	0.3474425276509003	0.39740393013100433	0.14929577464788732	0.36	0.45482866043613707	0.18449197860962566	0.37359550561797755	0.4863054571818967	0.2531914893617021	134.0	169.0	67.0	64.0	99.0	35.0
subimage_G3	11673	0.34841147588331567	0.38981667243168455	0.08670520231213873	0.36033519553072624	0.4574468085106383	0.1820580474934037	0.3907833775419982	0.5192878338278932	0.2595936794582393	135.0	171.0	68.0	66.0	102.0	36.0
subimage_F3	11873	0.34490238611713664	0.39609371021135725	0.13885383806519452	0.3593314763231198	0.4595375722543353	0.17914438502673796	0.37383177570093457	0.4954682779456193	0.255088220389736	134.0	170.0	67.0	67.0	104.0	37.0
subimage_E3	4305	0.33933933933933935	0.3844282238442822	0.1924311901742062	0.3548387096774194	0.42265193370165743	0.2231638418079096	0.37538709065107156	0.4434979120609187	0.26649746192893403	129.0	152.0	80.0	47.0	71.0	25.0
subimage_D3	9371	0.3431952662721893	0.3532995991488098	0.134683578832515	0.3588235294117647	0.45217391304347826	0.1880108991825613	0.3742857142857143	0.49815488105450934	0.286928866361279	128.0	160.0	67.0	59.0	92.0	32.0
subimage_C3	6580	0.3484020753400767	0.3795297030704434	0.1791767554479419	0.3634020618556701	0.43636363636363634	0.20045050758202232	0.37772666128598326	0.45169082125603865	0.26666666666666666	148.0	170.0	79.0	63.0	91.5	30.0
subimage_B3	11650	0.34475105844162196	0.4022687338501292	0.1411208754767037	0.3619631901840491	0.4701086956521739	0.1671309192200557	0.3732590529247911	0.49101796407185627	0.2520221904080171	131.0	169.0	60.0	70.0	108.0	39.0
subimage_A3	5317	0.34175627951271775	0.38227195027195027	0.17549668874172186	0.375	0.4151376146788991	0.20681818181818182	0.3900709219858156	0.4503105590062112	0.2646003692957003	151.0	165.0	83.0	67.0	83.0	16.0
subimage_H4	10449	0.34536082474226804	0.4024098727043047	0.12131147540983607	0.3604336043360434	0.47109826589595377	0.1695906432748538	0.3774193548387097	0.5034246575342466	0.24785924834193077	125.0	162.0	58.0	65.0	103.0	37.0
subimage_G4	24068	0.34269662921348315	0.4073523179930503	0.14534883720930233	0.36253776435045315	0.4639032073310424	0.17279932511248125	0.37393767705382436	0.49019607843137253	0.24708624708624707	136.0	173.0	65.0	70.0	108.0	37.0
subimage_F4	18167	0.3434343434343434	0.3961021934020765	0.13268608414239483	0.3602150537634409	0.47058823529411764	0.1687344913151365	0.37057220708446864	0.5031446540880503	0.25355450236966826	126.0	164.0	59.0	66.0	105.0	39.0
subimage_E4	4537	0.35723399407609935	0.34822222868273395	0.2068230277185501	0.37318255250403876	0.3540268456375839	0.2719449225473322	0.39374339307225215	0.4004158076498169	0.29411764705882354	220.0	209.0	161.0	61.0	49.0	-9.0
subimage_D4	15827	0.33916849015317285	0.40099307986750554	0.14	0.35798816568047337	0.4696969696969697	0.17008797653958943	0.3793103448275862	0.49683544303797467	0.2534153598214839	128.0	165.0	59.0	65.0	103.0	39.0
subimage_C4	14710	0.34292035398230086	0.4022222222222222	0.132105795148248	0.35792349726775957	0.4575757575757576	0.18412698412698414	0.38	0.49328859060402686	0.25	121.0	154.0	62.0	58.0	92.0	33.0
subimage_B4	16695	0.34464751958224543	0.40080728258135706	0.15267175572519084	0.36239782016348776	0.4605911330049261	0.17681159420289855	0.3733031674208145	0.48097826086956524	0.2517482517482518	142.0	180.0	69.0	71.0	109.0	38.0
subimage_A4	5157	0.3389830508474576	0.39182144734536534	0.1743119266055046	0.3498542274052478	0.43567251461988304	0.2147239263803681	0.36875886524822693	0.46200607902735563	0.2619756345669444	126.0	157.0	77.0	49.0	80.0	31.0
subimage_H5	9892	0.3412969283276451	0.4027777777777778	0.101703125	0.3602394973777006	0.4820359281437126	0.15789473684210525	0.3795379537953795	0.5225563909774437	0.25	116.0	155.0	51.0	65.0	103.0	38.0
subimage_G5	19808	0.34354955632224027	0.40759273172869653	0.15363881401617252	0.36283185840707965	0.4613466334164589	0.17402597402597403	0.3743016759776536	0.4828545043347154	0.2460008378498677	139.0	176.0	67.0	72.0	110.0	38.0
subimage_F5	4063	0.3351816029341216	0.39225565932587725	0.16279069767441862	0.35356200527704484	0.42857142857142855	0.21772151898734177	0.37462845905323783	0.47457087336715964	0.2652961914692884	135.0	162.0	82.0	52.0	80.0	28.0
subimage_E5	4600	0.33641833729754217	0.3923732321490169	0.1968503937007874	0.3598014888337469	0.42	0.21961038140944683	0.371571072319202	0.44610194814361676	0.2599626634174152	139.0	161.0	83.0	53.0	75.0	22.0
subimage_D5	2755	0.3419588835032592	0.35152596557748783	0.20265400453819649	0.35873015873015873	0.40947075208913647	0.23268698060941828	0.3827641039823009	0.43205574912891986	0.28287675516025534	129.0	147.0	83.0	45.0	63.0	18.0
subimage_C5	10496	0.34743875278396436	0.3872340425531915	0.10781837987720341	0.3634020618556701	0.45938375350140054	0.17746478873239438	0.38781385396690105	0.5066225165562914	0.2609641529609451	130.0	163.0	63.0	66.0	99.0	34.0
subimage_B5	16158	0.3440346912028245	0.39993723849372387	0.14673913043478262	0.36159600997506236	0.4661458333333333	0.17121588089330025	0.37317073170731707	0.4889589905362776	0.25395458474110155	136.0	174.0	64.0	70.0	109.0	39.0
subimage_A5	4574	0.3343078667394121	0.3760330578512397	0.19059826021766668	0.36610107635212236	0.4172661870503597	0.22142857142857142	0.3810623556581986	0.4450453701794184	0.269692268749548	145.0	167.0	83.0	59.0	73.0	21.0
subimage_H6	14094	0.3516260162601626	0.401805316157126	0.12658227848101267	0.36613272311212813	0.46551724137931033	0.16717325227963525	0.3803680981595092	0.49709302325581395	0.24468649982490553	132.0	169.0	61.0	72.0	110.0	36.0
subimage_G6	8686	0.3492063492063492	0.3896862907275574	0.1632256529554827	0.3681710213776722	0.44930875576036866	0.18403547671840353	0.3780656652833376	0.46551724137931033	0.2589712466421251	155.0	188.0	76.0	77.0	109.0	34.0
subimage_F6	5045	0.33980548507913494	0.37185870080606925	0.18486938349007315	0.35320088300220753	0.43717277486910994	0.20967741935483872	0.36971046770601335	0.45535714285714285	0.2789994096812279	130.0	160.0	77.0	52.0	84.0	31.0
subimage_E6	3150	0.3570219966159052	0.34609250398724084	0.2539602095675102	0.3707865168539326	0.35073409461663946	0.278564821779806	0.39119747393055027	0.3549587373633175	0.2965964343598055	229.0	215.0	170.0	56.0	44.0	-12.0
subimage_D6	17580	0.34338677214659097	0.4025270145106514	0.14626814905066504	0.3633720930232558	0.46078431372549017	0.17571059431524547	0.37270341207349084	0.48909657320872274	0.24940158727521447	141.0	179.0	68.0	73.0	111.0	38.0
subimage_C6	4123	0.35842293906810035	0.348993288590604	0.24725274725274726	0.3772954924874791	0.35384615384615387	0.2689655172413793	0.38869257950530034	0.3648623103254483	0.2918019758033074	218.0	205.0	158.0	64.0	50.0	-13.0
subimage_B6	18909	0.3426750993662047	0.4045526482989661	0.1388101983002833	0.36176470588235293	0.4697986577181208	0.16666666666666666	0.373134328358209	0.4942528735632184	0.24880382775119617	130.0	169.0	60.0	69.0	109.0	38.0
subimage_A6	4865	0.3324565671795223	0.3730740354769669	0.19559363360207993	0.36941176470588233	0.4079601990049751	0.2225	0.38618925831202044	0.4323230309072782	0.27879905041195363	143.0	156.0	84.0	59.0	71.0	17.0
subimage_H7	12484	0.34579439252336447	0.3975303458750602	0.13157894736842105	0.3659624063879383	0.4605083895023663	0.1728395061728395	0.38308457711442784	0.49279538904899134	0.25263157894736843	141.0	176.0	66.0	73.0	109.0	36.0
subimage_G7	8513	0.3518005540166205	0.39914872673581364	0.15075139353400224	0.3708133971291866	0.4503464203233256	0.1773049645390071	0.3839541547277937	0.4738372093023256	0.24715431263726934	153.0	184.0	73.0	77.0	109.0	32.0
subimage_F7	10231	0.33766233766233766	0.39149888143176736	0.1464968152866242	0.353125	0.45084745762711864	0.19642857142857142	0.3709090909090909	0.492406771061553	0.2570034006325652	121.0	154.0	67.0	53.0	87.0	34.0
subimage_E7	4814	0.33229813664596275	0.387468684104415	0.18309345931297152	0.3556317544134428	0.4207385007162184	0.22448979591836735	0.3720572026892979	0.4526627218934911	0.2693391124871001	131.0	153.0	82.0	46.0	69.0	24.0
subimage_D7	14254	0.3426183844011142	0.4031890660592255	0.1450381679389313	0.36363636363636365	0.4640954809463097	0.171875	0.3746958637469586	0.4876543209876543	0.2494244824834453	139.0	177.0	65.0	72.0	110.0	38.0
subimage_C7	14319	0.3463302752293578	0.40236547163243996	0.1401098901098901	0.36338028169014086	0.4666666666666667	0.16758241758241757	0.374640581239599	0.49570200573065903	0.2463935083149667	138.0	175.0	64.0	73.0	113.0	39.0
subimage_B7	18206	0.34536082474226804	0.404484311802917	0.1478494623655914	0.3638392857142857	0.46130952380952384	0.17391304347826086	0.37317073170731707	0.488559718969555	0.24765804090989244	139.0	175.0	67.0	72.0	109.0	37.0
subimage_A7	24011	0.3440514469453376	0.407544540953962	0.13183279742765272	0.3611111111111111	0.4691689008042895	0.16842105263157894	0.375	0.5	0.24511930585683298	129.0	167.0	60.0	68.0	107.0	38.0
subimage_H8	9888	0.344578313253012	0.37956788601853675	0.1573876745598057	0.3592233009708738	0.43567251461988304	0.2032258064516129	0.38936401179941	0.467479436495869	0.26942526072694645	124.0	152.0	68.0	53.0	79.0	26.0
subimage_G8	11579	0.3445107363753063	0.396300067310232	0.14319818112921562	0.35978835978835977	0.45569620253164556	0.18295739348370926	0.3737864077669903	0.5	0.25427350427350426	138.0	174.0	69.0	67.0	103.0	36.0
subimage_F8	15292	0.344654490608127	0.3971631205673759	0.13651877133105803	0.36142941330539546	0.4604904632152589	0.17679558011049723	0.3767021197609236	0.49833275925288056	0.25227272727272726	136.0	171.0	66.0	67.0	104.0	37.0
subimage_E8	5590	0.3443007439484788	0.3893701751082659	0.1783783783783784	0.35733333333333334	0.44	0.20277777777777778	0.37317784256559766	0.45558739255014324	0.26269429040068737	134.0	164.0	75.0	57.0	88.0	31.0
subimage_D8	16580	0.34341223031827783	0.4057245463142252	0.14207650273224043	0.363395225464191	0.4651741293532338	0.17066666666666666	0.3739612188365651	0.4927536231884058	0.24634146341463414	137.0	175.0	64.0	72.0	110.0	38.0
subimage_C8	14473	0.34433573234779224	0.3951965065502183	0.13685974713319612	0.3621621621621622	0.46875	0.16802168021680217	0.37595555468305225	0.4965373563218391	0.2570194384449244	132.0	170.0	61.0	69.0	107.0	38.0
subimage_B8	21640	0.34256846561980814	0.4049382716049383	0.13595166163141995	0.36141304347826086	0.46808510638297873	0.16879795396419436	0.3762639279391856	0.4954954954954955	0.2488589640281824	131.0	168.0	61.0	69.0	107.0	38.0
subimage_A8	18562	0.3459607233044733	0.41037797108551827	0.11728395061728394	0.3631578947368421	0.4704225352112676	0.16489361702127658	0.3764705882352941	0.5098684210526315	0.24153451046409305	131.0	170.0	60.0	72.0	112.0	39.0
subimage_H9	9716	0.35082872928176795	0.3874927494199536	0.11181612525549184	0.36455696202531646	0.46504559270516715	0.17054263565891473	0.38380281690140844	0.5067114093959731	0.25835674157303373	127.0	162.0	59.0	66.0	101.0	34.0
subimage_G9	10947	0.34375	0.39081893564652187	0.14285714285714285	0.3586626139817629	0.46	0.1782477341389728	0.3790322580645161	0.4921135646687697	0.2589222090261282	127.0	163.0	63.0	63.0	98.0	36.0
subimage_F9	4207	0.3399140373156198	0.3881578947368421	0.16	0.356353591160221	0.44155844155844154	0.20212765957446807	0.3753280839895013	0.47147147147147145	0.2641156395873377	135.0	166.0	76.0	58.0	90.0	33.0
subimage_E9	4739	0.33211678832116787	0.3832599118942731	0.1875	0.3629441624365482	0.4228395061728395	0.2169576059850374	0.37644016227180527	0.44642857142857145	0.27087412381772197	137.0	159.0	80.0	55.0	76.0	22.0
subimage_D9	13897	0.3462670029354612	0.40186915887850466	0.14402173913043478	0.36159600997506236	0.4543147208121827	0.1836734693877551	0.3736322816967978	0.4889502762430939	0.24787043022337138	139.0	175.0	71.0	68.0	104.0	36.0
subimage_C9	14610	0.34365325077399383	0.3973901207962343	0.12618296529968454	0.36024844720496896	0.4743202416918429	0.16417910447761194	0.3758620689655172	0.5044776119402985	0.2537489969507302	121.0	160.0	55.0	65.0	104.0	38.0
subimage_B9	5477	0.34195402298850575	0.3923259612822503	0.1595809841245793	0.35294117647058826	0.4406779661016949	0.20630372492836677	0.3761755485893417	0.4698793250212808	0.25954212454212455	125.0	154.0	73.0	52.0	83.0	31.0
subimage_A9	5368	0.3280430589322671	0.3917184736668565	0.1741942042955689	0.36649214659685864	0.4318181818181818	0.20256410256410257	0.37746478873239436	0.4588472113118616	0.26588372945881283	140.0	164.0	76.0	64.0	88.0	25.0
subimage_H10	12791	0.34595959595959597	0.38453458306399485	0.16094986807387862	0.3626666666666667	0.4486873508353222	0.18877551020408162	0.3786127167630058	0.47058823529411764	0.26185789276340454	142.0	174.0	73.0	66.0	99.0	34.0
subimage_G10	4945	0.34316353887399464	0.38513827052110117	0.18422642709492765	0.3557422969187675	0.4327956989247312	0.21153846153846154	0.37014537701104866	0.45454545454545453	0.26292698721062	127.0	154.0	75.0	51.0	78.0	27.0
subimage_F10	2675	0.3466062907780699	0.3780250332050156	0.18949704142011833	0.3621621621621622	0.42005420054200543	0.21763085399449036	0.37762078900709223	0.4369230769230769	0.2701205520452278	131.0	152.0	79.0	52.0	73.0	20.0
subimage_E10	6105	0.34545454545454546	0.38016528925619836	0.17106670419363917	0.3595505617977528	0.4435695538057743	0.19662921348314608	0.37755102040816324	0.45989304812834225	0.27437359339834966	140.0	171.0	76.0	63.0	95.0	33.0
subimage_D10	17849	0.34490238611713664	0.4052332252432028	0.14049586776859505	0.36338028169014086	0.46419098143236076	0.1724137931034483	0.37623762376237624	0.4897058229280316	0.24530655474051696	136.0	173.0	64.0	70.0	108.0	37.0
subimage_C10	15109	0.34097421203438394	0.38618492901346924	0.1415929203539823	0.36065573770491804	0.4644808743169399	0.1726027397260274	0.3763440860215054	0.4931786413195414	0.26333158027119097	131.0	169.0	63.0	67.0	105.0	38.0
subimage_B10	4422	0.34139784946236557	0.38666830870279145	0.17415730337078653	0.3561643835616438	0.43304843304843305	0.21005917159763313	0.3760660471832134	0.4574119049326068	0.2625513956899936	127.0	154.0	75.0	52.0	79.0	28.0
subimage_A10	4194	0.3309608540925267	0.39070332583547557	0.18625700280112045	0.36246786632390743	0.42943094865980685	0.21038961038961038	0.37721518987341773	0.4552238805970149	0.2633114687881422	139.0	163.0	78.0	57.0	80.0	25.0
subimage_H11	9171	0.3459868520192887	0.391304347826087	0.15313907657657658	0.36074270557029176	0.44642857142857145	0.19287833827893175	0.375	0.4764307092327227	0.2571428571428571	134.0	166.0	72.0	61.0	93.0	31.0
subimage_G11	19956	0.34830860462882934	0.3916657740508944	0.11986301369863013	0.36577181208053694	0.4607329842931937	0.1717948717948718	0.3841642228739003	0.5028986242098503	0.25721153846153844	136.0	171.0	64.0	72.0	106.0	35.0
subimage_F11	14381	0.3448275862068966	0.3927765237020316	0.14106583072100312	0.3590504451038576	0.4609375	0.17737789203084833	0.3753351206434316	0.49458483754512633	0.2595936794582393	128.0	164.0	63.0	63.0	99.0	35.0
subimage_E11	7819	0.34966173786358995	0.3942966714451641	0.16708229426433915	0.363855421686747	0.4444444444444444	0.1918158567774936	0.3770491803278688	0.45979899497487436	0.2526813247307012	148.0	178.0	76.0	68.0	100.0	32.0
subimage_D11	11802	0.34545454545454546	0.3993294128070525	0.14285714285714285	0.3640719318781703	0.4584450402144772	0.17630057803468208	0.37823834196891193	0.488135593220339	0.2474680313776057	135.0	169.0	64.0	68.0	102.0	34.0
subimage_C11	12520	0.34736725663716816	0.39824648256878914	0.12461009425417774	0.3641791044776119	0.47019867549668876	0.16410441235554085	0.3780826758313568	0.503448275862069	0.25240741622239143	126.0	162.0	57.0	68.0	105.0	36.0
subimage_B11	1150	0.3431332699126524	0.3558914131690412	0.21597076411960134	0.3569317934190455	0.3987538940809969	0.2454147912028064	0.3904217846820809	0.4154243737092574	0.28169077923827956	118.0	133.0	82.0	37.0	50.0	15.0
subimage_A11	4042	0.3333333333333333	0.38051146746606984	0.1994878706199461	0.35543766578249336	0.41400345397485655	0.2320220994475138	0.3687002652519894	0.4375	0.27639751552795033	127.0	149.0	80.0	43.0	63.0	21.0
subimage_H12	16064	0.3413793103448276	0.4015544041450777	0.13868966329173535	0.3639344262295082	0.46194225721784776	0.17232375979112272	0.37555933393863583	0.4952076677316294	0.25129139159937924	134.0	164.0	64.0	66.0	102.0	35.0
subimage_G12	4428	0.3368799557440531	0.3785517251552566	0.19230769230769232	0.36258966585491115	0.41895261845386533	0.2181372549019608	0.3759721007258619	0.4371584699453552	0.27395985135529	137.0	160.0	82.0	56.0	78.0	21.0
subimage_F12	18379	0.34579439252336447	0.4024067699368904	0.14730878186968838	0.3661616161616162	0.4591549295774648	0.1742627345844504	0.37531486146095716	0.48424068767908307	0.24887078934137755	137.0	172.0	65.0	72.0	107.0	35.0
subimage_E12	5061	0.34120734908136485	0.3919239904988123	0.15028901734104047	0.35714285714285715	0.4461538461538462	0.19578313253012047	0.3870967741935484	0.47586206896551725	0.2627906976744186	127.0	156.0	69.0	55.0	86.0	31.0
subimage_D12	14208	0.34375	0.39364303178484106	0.12828947368421054	0.360313315926893	0.4633431085043988	0.17445482866043613	0.3819121461858084	0.5	0.2560386473429952	126.0	159.0	61.0	62.0	98.0	35.0
subimage_C12	19462	0.3490304709141274	0.3909967796816138	0.1503957783641161	0.3660477453580902	0.4577114427860697	0.17480719794344474	0.3756345177664975	0.4836795252225519	0.259825327510917	142.0	174.0	67.0	70.0	105.0	35.0
subimage_B12	8795	0.344887481817404	0.3887624661210957	0.12810946736860682	0.3611111111111111	0.4565916398713826	0.18241042345276873	0.3786514848657909	0.5	0.26159544159544146	124.0	155.0	63.0	59.0	91.0	32.0
subimage_A12	3872	0.3343204797128726	0.3799206969236892	0.19211609423786546	0.3553061074551046	0.401840490797546	0.24290220820189273	0.37322090437361005	0.448559670781893	0.2708339684560689	114.0	128.0	78.0	35.0	51.0	15.0