subimage	all_plant_pixels	ratio_r_q5	ratio_g_q5	ratio_b_q5	ratio_r_median	ratio_g_median	ratio_b_median	ratio_r_q95	ratio_g_q95	ratio_b_q95	pix_r_median	pix_g_median	pix_b_	diff_rb_median	diff_gb_median	diff_gr_median
subimage_H1	7724	0.3357664233576642	0.38461538461538464	0.19328199681359534	0.35014836795252224	0.43896103896103894	0.21182178089304257	0.3587570621468927	0.45519342479297986	0.27125076388358416	128.0	160.0	77.0	49.0	81.0	32.0
subimage_G1	1188	0.3312108118971061	0.3488843813387424	0.23454713983050848	0.34014611607447315	0.39668738006031257	0.2609379272627837	0.3822162916920028	0.413230042937259	0.29259147869674185	110.0	129.0	84.0	26.0	44.0	19.0
subimage_F1	12416	0.3333333333333333	0.3925881159482852	0.16666666666666666	0.34935897435897434	0.44729710925083677	0.20242914979757085	0.3646112600536193	0.4806930630022542	0.25992065810537635	118.0	151.0	68.0	48.0	80.0	33.0
subimage_E1	12652	0.33472803347280333	0.40253164556962023	0.1746031746031746	0.347953216374269	0.455497733144835	0.1951219512195122	0.36187845303867405	0.47249190938511326	0.2536772479110247	116.0	152.0	64.0	49.0	85.0	34.0
subimage_D1	14868	0.3343405537041784	0.4056689093657062	0.1830601092896175	0.3472222222222222	0.452991452991453	0.19883040935672514	0.3562005277044855	0.4670487106017192	0.252864399235462	120.0	156.0	68.0	50.0	87.0	36.0
subimage_C1	6897	0.33601720430107523	0.3785328185328185	0.20527859237536658	0.3455056179775281	0.4297994269340974	0.22551928783382788	0.3608856852875991	0.44482758620689655	0.2789432051890523	119.0	149.0	76.0	41.0	68.0	28.0
subimage_B1	18014	0.3333333333333333	0.40575916230366493	0.18333333333333332	0.34674922600619196	0.45180722891566266	0.19946091644204852	0.35967302452316074	0.46646341463414637	0.2536443148688047	116.0	151.0	67.0	49.0	83.0	34.0
subimage_A1	8290	0.3359883597883598	0.38232039294591075	0.18823529411764706	0.3475177304964539	0.44321329639889195	0.21067041198501874	0.36538461538461536	0.45857988165680474	0.2690659061085669	121.0	155.0	71.0	47.0	78.0	32.0
subimage_H2	13742	0.336986301369863	0.39921318835416986	0.18944099378881987	0.3481781376518219	0.44385026737967914	0.20634920634920634	0.3603591021188786	0.4594594594594595	0.25342372438505467	126.0	160.0	75.0	50.0	85.0	34.0
subimage_G2	11298	0.3374233128834356	0.38051654482493263	0.18207282913165265	0.34988179669030733	0.4488778054862843	0.20303030303030303	0.3601108033240997	0.4653222114118926	0.2765957446808511	127.0	163.0	73.0	51.0	84.0	35.0
subimage_F2	3613	0.33444816053511706	0.37703164723415444	0.22145733461169703	0.3438395415472779	0.40372670807453415	0.2523076923076923	0.3733396913473209	0.4236971329003643	0.27321534692930965	110.0	130.0	80.0	30.0	48.0	19.0
subimage_E2	10980	0.33469942925512136	0.40102636870370845	0.18064374023021174	0.34705882352941175	0.44662921348314605	0.20448179271708683	0.36059479553903345	0.46835443037974683	0.25527372262773707	120.0	155.0	70.0	48.0	80.0	34.0
subimage_D2	14091	0.3350125944584383	0.3855140186915888	0.16577517162471395	0.3469387755102041	0.4476744186046512	0.20606060606060606	0.36363636363636365	0.48059701492537316	0.2682665131372344	120.0	154.0	70.0	47.0	80.0	34.0
subimage_C2	7787	0.33791208791208793	0.38308457711442784	0.1755485893416928	0.35	0.44805194805194803	0.20202020202020202	0.37037037037037035	0.47058823529411764	0.2743142144638404	116.0	150.0	66.0	48.0	80.0	32.0
subimage_B2	13795	0.3333333333333333	0.3995401783809158	0.1864406779661017	0.3463687150837989	0.44931506849315067	0.2026578073089701	0.35962877030162416	0.4658385093167702	0.25679854096520766	123.0	158.0	72.0	49.0	85.0	36.0
subimage_A2	13076	0.3344798164057903	0.39947607995910867	0.18553459119496854	0.34674922600619196	0.45179063360881544	0.2	0.35911602209944754	0.46504559270516715	0.25518139367816095	120.0	156.0	69.0	50.0	87.0	36.0
subimage_H3	13733	0.3359294250645995	0.40428972873774155	0.18003324099722992	0.3488372093023256	0.4524421593830334	0.1975	0.359375	0.46987951807228917	0.25063330504246867	127.0	163.0	71.0	53.0	91.0	37.0
subimage_G3	15927	0.3333333333333333	0.4045862320280925	0.18313953488372092	0.3472222222222222	0.45144356955380577	0.20057306590257878	0.3558897243107769	0.4666666666666667	0.2541436464088398	124.0	160.0	71.0	52.0	89.0	36.0
subimage_F3	11895	0.3366902356902357	0.38951825636496024	0.15750050474459923	0.34782608695652173	0.4519774011299435	0.2	0.36329588014981273	0.4855072463768116	0.2639593908629442	117.0	150.0	67.0	48.0	81.0	34.0
subimage_E3	9915	0.33621884988983025	0.39764427975914773	0.18406593406593408	0.34770114942528735	0.44808743169398907	0.20461095100864554	0.3606060606060606	0.46356264360048655	0.2587094144817279	125.0	160.0	73.0	50.0	85.0	35.0
subimage_D3	7370	0.3343558282208589	0.38566420530452883	0.16878980891719744	0.3472222222222222	0.4382716049382716	0.21714285714285714	0.3646907993966817	0.4713804713804714	0.2654462242562929	117.0	148.0	73.0	44.0	75.0	31.0
subimage_C3	3034	0.3312232514215676	0.38103154305200343	0.22883082726741405	0.34285714285714286	0.40924092409240925	0.24838709677419354	0.36092336456113544	0.42291358325642947	0.2754139576377719	107.0	128.0	77.0	29.0	50.0	21.0
subimage_B3	2964	0.33052569932478987	0.38561473581338035	0.23263979935016815	0.34069400630914826	0.40599455040871935	0.25382262996941896	0.3545596447258497	0.42355497880635584	0.2735448958000974	111.0	133.0	83.0	29.0	50.0	22.0
subimage_A3	3304	0.3367902633851468	0.3764705882352941	0.21522846088380643	0.35714285714285715	0.40353103571110516	0.23918941710480968	0.3727729962345347	0.43314907971829314	0.2704225352112676	132.0	149.0	87.0	42.0	59.0	17.0
subimage_H4	14000	0.3377049180327869	0.4045443124714481	0.17464788732394365	0.349862258953168	0.4506172839506173	0.19794344473007713	0.3629242819843342	0.47214076246334313	0.2517655442224396	129.0	164.0	72.0	54.0	91.0	36.0
subimage_G4	12405	0.3323000477783087	0.4040777317617075	0.16239860634765094	0.34870317002881845	0.45219638242894056	0.19851116625310175	0.3641456582633053	0.4807692307692308	0.2556154582556558	119.0	155.0	68.0	51.0	85.0	36.0
subimage_F4	10815	0.3368421052631579	0.3932420639249482	0.1814371981893884	0.34794520547945207	0.44481605351170567	0.20783132530120482	0.36082474226804123	0.46567164179104475	0.26179548951332093	124.0	158.0	73.0	49.0	83.0	34.0
subimage_E4	12823	0.3378016085790885	0.39778021978021977	0.13750358166189114	0.35279187817258884	0.44768856447688565	0.19951923076923078	0.37631307650569723	0.4894831387278517	0.25462962962962965	132.0	168.0	74.0	56.0	91.0	36.0
subimage_D4	6904	0.3392405063291139	0.38820075601563286	0.17295597484276728	0.3467741935483871	0.43478260869565216	0.21777822701144373	0.36437719018795794	0.4702194357366771	0.2653958568650512	122.0	155.0	77.0	46.0	77.0	31.0
subimage_C4	12772	0.33557046979865773	0.4031642756954185	0.1813031161473088	0.3467048710601719	0.45287958115183247	0.2	0.35777126099706746	0.46846846846846846	0.25392670157068065	123.0	159.0	70.0	50.0	85.5	36.0
subimage_B4	9844	0.3370473537604457	0.3977777777777778	0.1837837837837838	0.3486238532110092	0.44854881266490765	0.20262297901616788	0.358695652173913	0.4629080118694362	0.2577739018087855	126.0	161.0	72.0	51.0	85.0	35.0
subimage_A4	10833	0.3333333333333333	0.40622422680412373	0.17478510028653296	0.3482849604221636	0.4553072625698324	0.19602272727272727	0.3588850174216028	0.4745438842707546	0.25217391304347825	119.0	156.0	67.0	52.0	87.0	36.0
subimage_H5	15729	0.33589743589743587	0.4063198873095146	0.18208955223880596	0.3485714285714286	0.45118733509234826	0.19799498746867167	0.36231884057971014	0.4661399260864023	0.2518446074436294	128.0	164.0	72.0	53.0	90.0	37.0
subimage_G5	6987	0.33156526761648053	0.38069262275624843	0.17541425525434054	0.34492753623188405	0.4483870967741935	0.20723684210526316	0.35653458081086037	0.47368421052631576	0.277321052930809	112.0	147.0	66.0	44.0	77.0	33.0
subimage_F5	7092	0.3388888888888889	0.35577097842219435	0.19428571428571428	0.3482849604221636	0.4355300859598854	0.21823204419889503	0.36187845303867405	0.45327530118606607	0.2857142857142857	127.0	161.0	79.0	48.0	80.0	33.0
subimage_E5	7064	0.3407858807024576	0.3873696219035202	0.17253988532967718	0.3512658227848101	0.4434250764525994	0.2056338028169014	0.3652694610778443	0.46968970858747217	0.26469465648854956	120.0	151.0	70.0	49.0	80.0	31.0
subimage_D5	4979	0.32583761248665416	0.3829212999938564	0.20797459421312633	0.3416666666666667	0.42567567567567566	0.23333333333333334	0.35832246632266596	0.4463729609490855	0.2780373831775701	117.0	145.0	80.0	36.0	64.0	28.0
subimage_C5	7537	0.33707865168539325	0.3816091954022989	0.1602787456445993	0.3486238532110092	0.44	0.2125748502994012	0.3650404128931736	0.4827586206896552	0.271461716937355	121.0	153.0	74.0	47.0	79.0	32.0
subimage_B5	7732	0.34293948126801155	0.38534278959810875	0.2	0.35410764872521244	0.42686567164179107	0.21904761904761905	0.3693521047179584	0.44166666666666665	0.26119402985074625	124.0	150.0	75.0	47.0	70.0	25.0
subimage_A5	5353	0.3316142094116707	0.39844130474594897	0.18944099378881987	0.34076433121019106	0.44107744107744107	0.21895424836601307	0.3521652462805142	0.4630559110020108	0.264309978513726	107.0	138.0	68.0	38.0	68.0	31.0
subimage_H6	17945	0.3362118940529735	0.4072164948453608	0.18075801749271136	0.3525835866261398	0.4516971279373368	0.19458128078817735	0.3602941176470588	0.46537396121883656	0.24936386768447838	133.0	170.0	73.0	59.0	97.0	37.0
subimage_G6	9580	0.3479976608187134	0.3826920886630454	0.1698084090379688	0.35917312661498707	0.44554455445544555	0.1935483870967742	0.36745485880529993	0.47058823529411764	0.26358324237363173	136.0	167.0	73.0	60.0	93.0	31.0
subimage_F6	7861	0.33653846153846156	0.39592760180995473	0.19090909090909092	0.34626865671641793	0.43478260869565216	0.21818181818181817	0.36175710594315247	0.461038961038961	0.2572944297082228	126.0	157.0	79.0	46.0	79.0	32.0
subimage_E6	9216	0.3396825396825397	0.3985462953120017	0.176	0.35816618911174786	0.44591029023746703	0.19724124809741247	0.3670886075949367	0.4642857142857143	0.25462457749879286	136.0	169.0	73.0	60.0	91.0	33.0
subimage_D6	3506	0.3261538461538461	0.3716212603267118	0.24401694915254238	0.3493975903614458	0.3881578947368421	0.2633333333333333	0.3633760521084465	0.4125533999074855	0.28484848484848485	111.0	123.0	84.0	27.0	40.0	13.0
subimage_C6	6706	0.3376708370163868	0.3853169645282199	0.16774193548387098	0.3502824858757062	0.43787901062148554	0.21180135605644126	0.371875	0.4681942859246714	0.2681576402321083	123.0	154.0	74.0	48.0	79.0	31.0
subimage_B6	7289	0.33994615454909705	0.38821795057089176	0.1793694929943666	0.34864864864864864	0.43636363636363634	0.21657754010695188	0.36764705882352944	0.46145641025641015	0.2631578947368421	128.0	158.0	77.0	47.0	78.0	32.0
subimage_A6	5283	0.3299336993680721	0.35359116022099446	0.19753086419753085	0.3392330383480826	0.4353312302839117	0.2260061919504644	0.36410553146607283	0.4621212121212121	0.2865138171879745	110.0	140.0	73.0	36.0	67.0	31.0
subimage_H7	12673	0.34065934065934067	0.3590032774243301	0.17765161635052099	0.3702928870292887	0.43157894736842106	0.19760479041916168	0.37791932059447986	0.45478311067128485	0.28433268858800775	173.0	197.0	90.0	79.0	107.0	28.0
subimage_G7	12956	0.336283185840708	0.3972286374133949	0.16109422492401215	0.35172413793103446	0.44662921348314605	0.20114942528735633	0.36879432624113473	0.47904191616766467	0.25773195876288657	128.0	163.0	74.0	55.0	89.0	35.0
subimage_F7	5403	0.32984474985456663	0.34818175245806826	0.1875	0.34097421203438394	0.44072948328267475	0.2181208053691275	0.3683246137118283	0.46340521706375365	0.2815921469011689	108.0	140.0	70.0	39.0	70.0	32.0
subimage_E7	7125	0.32752613240418116	0.39344262295081966	0.20754716981132076	0.33980582524271846	0.43197278911564624	0.22695035460992907	0.352112676056338	0.45161290322580644	0.2683374356679346	109.0	138.0	73.0	36.0	65.0	30.0
subimage_D7	10940	0.3374220659384508	0.396324854554471	0.1725341816983774	0.3492957746478873	0.446064139941691	0.20468817457514032	0.36180904522613067	0.47583979038831903	0.25980392156862747	125.0	159.0	73.0	49.0	82.0	34.0
subimage_C7	4306	0.3376372339001205	0.3829634961160302	0.20202885014528849	0.35054347826086957	0.4212775991425509	0.2276657060518732	0.3761683586897127	0.43915249562504755	0.2688041865187846	124.0	148.0	80.0	43.0	68.0	25.0
subimage_B7	9407	0.3410920514385156	0.3880597014925373	0.16485075473839517	0.35	0.4423076923076923	0.2084507042253521	0.3629032258064516	0.4745762711864407	0.26341122292341806	122.0	154.0	72.0	48.0	80.0	32.0
subimage_A7	5422	0.32944774937225096	0.3949579831932773	0.19003115264797507	0.3416149068322981	0.43243243243243246	0.22551928783382788	0.3595890410958904	0.4630840113079695	0.2668136117556071	111.0	142.0	72.0	38.0	68.0	30.0
subimage_H8	4887	0.33440514469453375	0.3863965744400527	0.19155844155844157	0.34516129032258064	0.4273255813953488	0.228125	0.3642611683848797	0.4565916398713826	0.26762608848109404	114.0	143.0	75.0	40.0	67.0	27.0
subimage_G8	13291	0.3344155844155844	0.40181617654637847	0.16333333333333333	0.351123595505618	0.4523809523809524	0.1940700808625337	0.36939313984168864	0.4823529411764706	0.2559241706161137	123.0	157.0	69.0	54.0	90.0	35.0
subimage_F8	6675	0.34448160535117056	0.38054968287526425	0.15824915824915825	0.3567251461988304	0.437125748502994	0.2079207920792079	0.38079470198675497	0.46688741721854304	0.26778633064805046	123.0	149.0	71.0	51.0	79.0	27.0
subimage_E8	11576	0.3333333333333333	0.4024691358024691	0.13911113969642397	0.3501577287066246	0.44868035190615835	0.2	0.36397410975884603	0.5069808098877866	0.25318091126157066	122.0	155.0	69.0	51.0	84.0	34.0
subimage_D8	7247	0.3396825396825397	0.38906904280999066	0.1684705975028556	0.34911242603550297	0.4409221902017291	0.21052631578947367	0.3613936710936219	0.4753521126760563	0.2628527353450222	113.0	144.0	69.0	45.0	74.0	30.0
subimage_C8	8723	0.33875338753387535	0.3757740120010112	0.1594251047233858	0.34988713318284426	0.43729903536977494	0.21525885558583105	0.3669724770642202	0.4796966997883145	0.2720746174364734	122.0	153.0	74.0	46.0	77.0	31.0
subimage_B8	14728	0.3359173126614987	0.40476190476190477	0.18181818181818182	0.3484848484848485	0.44722222222222224	0.20298507462686566	0.3638968481375358	0.4662756598240469	0.25506632653061223	126.0	162.0	73.0	52.0	87.0	35.0
subimage_A8	8982	0.33666666666666667	0.398584216476375	0.18429054576575277	0.34560906515580736	0.4378698224852071	0.21551724137931033	0.3569553805774278	0.46551724137931033	0.255707184555806	117.0	148.0	73.0	44.0	76.0	31.0
subimage_H9	4159	0.337575599268621	0.36819893495625716	0.21444602778767366	0.3615023474178404	0.4025641025641026	0.23529411764705882	0.3772609819121447	0.4325239917687559	0.27546768707482994	140.0	155.0	90.0	48.0	64.0	15.0
subimage_G9	3385	0.3395756186445659	0.3805970149253731	0.21455833818675984	0.35174418604651164	0.41284403669724773	0.23626373626373626	0.36940899709270064	0.42724458204334365	0.26721325812234903	120.0	142.0	81.0	40.0	61.0	21.0
subimage_F9	1678	0.3395061728395062	0.3488773055332799	0.25	0.3504823151125402	0.3860182370820669	0.2633333333333333	0.379589762542733	0.4	0.2903225806451613	112.0	125.0	84.0	28.0	39.0	12.0
subimage_E9	3972	0.3310104529616725	0.37001729552592055	0.23611289012091957	0.3519061583577713	0.39556962025316456	0.2536443148688047	0.3675193926390493	0.40853658536585363	0.28135593220338984	115.0	130.0	82.0	33.0	45.0	15.0
subimage_D9	8265	0.3352305287835374	0.39603960396039606	0.19817073170731708	0.34365325077399383	0.430635838150289	0.22527472527472528	0.3611940298507463	0.4520123839009288	0.26037098683459414	121.0	151.0	78.0	42.0	72.0	30.0
subimage_C9	10964	0.3341902313624679	0.39886039886039887	0.1794871794871795	0.3460410557184751	0.44936708860759494	0.20634920634920634	0.35795454545454547	0.46846846846846846	0.2565597667638484	118.0	153.0	68.0	46.0	79.0	35.0
subimage_B9	11720	0.33505154639175255	0.3972286374133949	0.1752873563218391	0.3473053892215569	0.4489795918367347	0.20241691842900303	0.361323155216285	0.476	0.2583030548975566	119.0	153.0	68.0	48.0	82.0	34.0
subimage_A9	4495	0.32995143992313486	0.39611172442752746	0.20821114369501467	0.3421828908554572	0.430635838150289	0.226775956284153	0.35942028985507246	0.44454669393319707	0.26226201162186424	115.0	144.0	76.0	39.0	68.0	30.0
subimage_H10	11691	0.3398945591409752	0.3961116426301926	0.18489583333333334	0.3515625	0.44554455445544555	0.20245398773006135	0.3640897755610973	0.46005509641873277	0.25667900163612206	133.0	167.0	76.0	55.0	89.0	35.0
subimage_G10	4738	0.33723326037168183	0.36728395061728397	0.20689655172413793	0.3561253561253561	0.4135135135135135	0.2315112540192926	0.37334191702432046	0.43	0.2763257074847924	125.0	145.0	81.0	42.0	62.0	20.0
subimage_F10	6823	0.3406986797523075	0.38426029962546815	0.17153284671532848	0.35233160621761656	0.4336283185840708	0.21508379888268156	0.364195688225539	0.47077016373559727	0.2666533066132264	121.0	148.0	74.0	47.0	75.0	28.0
subimage_E10	10343	0.3392330383480826	0.39018087855297157	0.17766497461928935	0.35714285714285715	0.4430992736077482	0.20137299771167047	0.3690205011389522	0.4595300261096606	0.2619636881601617	137.0	168.0	75.0	56.0	86.0	33.0
subimage_D10	10313	0.3391812865497076	0.3840749414519906	0.1564625850340136	0.3501577287066246	0.4421965317919075	0.20972644376899696	0.36454849498327757	0.4847457627118644	0.26712976456491466	117.0	148.0	70.0	45.0	77.0	31.0
subimage_C10	9871	0.34067667348424446	0.39480431848852904	0.18518518518518517	0.351123595505618	0.44200626959247646	0.20652173913043478	0.36532920536635705	0.45904036046400154	0.25576085802272486	126.0	159.0	73.0	51.0	82.0	32.0
subimage_B10	16595	0.3353658536585366	0.40283818711621094	0.18258426966292135	0.35014005602240894	0.4477211796246649	0.20198675496688742	0.3617021276595745	0.4648318042813456	0.25533630748112557	126.0	161.0	72.0	53.0	87.0	35.0
subimage_A10	11913	0.33527696793002915	0.4	0.17901234567901234	0.347953216374269	0.45375722543352603	0.19767441860465115	0.36231884057971014	0.4691358024691358	0.2562065704535175	116.0	151.0	65.0	49.0	83.0	35.0
subimage_H11	11672	0.33906274602424813	0.39136473429951696	0.18478260869565216	0.35276967930029157	0.44686648501362397	0.19943019943019943	0.36419753086419754	0.4584527220630373	0.2611190567261479	127.0	161.0	71.0	54.0	87.0	33.0
subimage_G11	13339	0.3394495412844037	0.3958333333333333	0.16494483631759813	0.3515850144092219	0.44986449864498645	0.19662921348314608	0.36797752808988765	0.48	0.25610578240613857	122.0	156.0	68.0	52.0	86.0	34.0
subimage_F11	11339	0.3310344827586207	0.3951546980750637	0.16877116216075427	0.3448275862068966	0.4476744186046512	0.20833333333333334	0.36393554142968665	0.4772727272727273	0.2603482360097324	108.0	139.0	64.0	42.0	74.0	31.0
subimage_E11	3446	0.329153605015674	0.3835634956056029	0.2217573221757322	0.34122422185218393	0.4101694915254237	0.2484076433121019	0.35668789808917195	0.4340425531914894	0.2751993385508372	98.0	119.0	72.0	27.0	47.0	20.0
subimage_D11	5972	0.33186209063064476	0.36396638373609014	0.22021660649819494	0.34076433121019106	0.413334328935116	0.2448377581120944	0.3585982142857143	0.4365481031375629	0.2840455300667502	113.0	137.0	81.0	32.0	56.0	24.0
subimage_C11	11194	0.3422563343519226	0.38235294117647056	0.16283993636845692	0.35306785727532364	0.4367816091954023	0.21194029850746268	0.36826347305389223	0.4745762711864407	0.26576576576576577	126.0	155.0	74.0	48.0	78.0	30.0
subimage_B11	8719	0.33865814696485624	0.39643652561247217	0.18769140536882473	0.3498542274052478	0.4410958904109589	0.2099125364431487	0.36070770164207316	0.45715128529287824	0.2572843922102992	122.0	154.0	72.0	48.0	79.0	32.0
subimage_A11	11564	0.3368421052631579	0.39950372208436724	0.17751479289940827	0.3512601515357742	0.45	0.19943420083869523	0.3619631901840491	0.46835443037974683	0.25515742128935537	118.0	151.0	66.0	50.0	82.0	33.0
subimage_H12	3731	0.3301282051282051	0.373774392002307	0.21686746987951808	0.34516129032258064	0.4143302180685358	0.24148606811145512	0.3631958133859007	0.4319001512468167	0.27784670526606015	108.0	129.0	75.0	32.0	52.0	22.0
subimage_G12	5521	0.34430379746835443	0.35157894736842105	0.20353982300884957	0.35600907029478457	0.41621621621621624	0.22777777777777777	0.37084398976982097	0.4336283185840708	0.29082774049217003	130.0	152.0	82.0	46.0	68.0	21.0
subimage_F12	4819	0.3376929353369144	0.3677565613065735	0.21498066912234773	0.3551912568306011	0.4064327485380117	0.2388888888888889	0.3706689655172413	0.432258064516129	0.2767155144950621	129.0	148.0	87.0	41.0	61.0	19.0
subimage_E12	13139	0.3370165745856354	0.36292217636654595	0.17737003058103976	0.35082872928176795	0.44868035190615835	0.20114942528735633	0.3654327982373308	0.4670846394984326	0.2787286063569682	119.0	152.0	67.0	49.0	80.0	32.0
subimage_D12	4962	0.3311897106109325	0.3884308366412876	0.2049469964664311	0.343042071197411	0.42218895542248835	0.23390821686985824	0.36640992137175343	0.44565217391304346	0.2689075630252101	110.0	135.0	74.0	35.0	60.0	25.0
subimage_C12	11439	0.33225806451612905	0.3919207806381203	0.17701863354037267	0.34782608695652173	0.44483985765124556	0.20869565217391303	0.3630952380952381	0.4698880326961557	0.26406090398365684	113.0	145.0	66.0	45.0	75.0	31.0
subimage_B12	13879	0.3342857142857143	0.40149816551161843	0.17378048780487804	0.3514285714285714	0.4526627218934911	0.1956521739130435	0.3638888888888889	0.47266881028938906	0.2530210170707643	115.0	147.0	63.0	49.0	81.0	32.0
subimage_A12	18075	0.33876221498371334	0.3968951037657129	0.17445482866043613	0.3512658227848101	0.453781512605042	0.19291338582677164	0.3630952380952381	0.4713804713804714	0.2568022667476219	112.0	144.0	62.0	48.0	80.0	32.0