subimage	all_plant_pixels	ratio_r_q5	ratio_g_q5	ratio_b_q5	ratio_r_median	ratio_g_median	ratio_b_median	ratio_r_q95	ratio_g_q95	ratio_b_q95	pix_r_median	pix_g_median	pix_b_median	diff_rb_median	diff_gb_median	diff_gr_median
subimage_H1	362	0.31945160366552117	0.3654496878371052	0.2716128017614217	0.3284402187087564	0.38666666666666666	0.28391079251294304	0.35423322866769036	0.3958333333333333	0.29676881720430104	93.0	110.0	81.0	13.0	29.0	16.0
subimage_G1	4957	0.32792207792207795	0.3821174524400331	0.1927710843373494	0.34110787172011664	0.42996742671009774	0.23178807947019867	0.3588957055214724	0.45247354222867814	0.27957530944448955	110.0	138.0	73.0	33.0	62.0	28.0
subimage_F1	7265	0.3284132841328413	0.3856812933025404	0.19230769230769232	0.3375796178343949	0.4371069182389937	0.22614840989399293	0.3498233215547703	0.4635819559806471	0.2761394101876676	105.0	135.0	69.0	34.0	65.0	31.0
subimage_E1	1523	0.33010019915359723	0.368965830607052	0.24590607000443065	0.351123595505618	0.3877551020408163	0.2626865671641791	0.3684210526315789	0.3994073955612417	0.2861428372449335	121.0	135.0	90.0	31.0	43.0	13.0
subimage_D1	7948	0.3259493670886076	0.3924825268817204	0.21003134796238246	0.3353846153846154	0.43448275862068964	0.22988505747126436	0.3463855421686747	0.45161290322580644	0.2727272727272727	105.0	137.0	71.0	33.0	64.0	31.0
subimage_C1	10028	0.32627566695683347	0.39762611275964393	0.20382165605095542	0.33543311773342327	0.4401294498381877	0.22483221476510068	0.345679012345679	0.45484949832775917	0.26848983939691906	101.0	133.0	67.0	33.0	63.0	31.0
subimage_B1	2629	0.31444134121314055	0.3860663877937946	0.2330508474576271	0.32413793103448274	0.40860215053763443	0.2661596958174905	0.3416666666666667	0.4393305439330544	0.286190855927698	91.0	115.0	75.0	17.0	40.0	24.0
subimage_A1	1552	0.33229375571954284	0.2744641151932452	0.2443399981147292	0.3541666666666667	0.3816568047337278	0.2693498452012384	0.47732412060301505	0.3973509933774834	0.3018675751222921	118.0	126.0	89.0	29.0	34.0	10.0
subimage_H2	7566	0.3236363636363636	0.39221556886227543	0.2087912087912088	0.3324022346368715	0.4356060606060606	0.2323943661971831	0.34701492537313433	0.45229681978798586	0.27296420536718624	96.0	126.0	66.0	29.0	57.0	29.0
subimage_G2	5576	0.3258892914194432	0.38609112709832133	0.1845537711728987	0.3400673400673401	0.43652022212393726	0.22297297297297297	0.35906040268456374	0.4603324348607367	0.27884615384615385	108.0	138.0	70.0	36.0	66.0	30.0
subimage_F2	5294	0.32802547770700635	0.3862854296839627	0.21911671683462025	0.3355048859934853	0.43154761904761907	0.23333333333333334	0.3432343234323432	0.4426229508196721	0.2785469205695659	107.0	137.0	74.0	32.0	62.0	31.0
subimage_E2	2774	0.3339631782945736	0.36182281104098357	0.22974490767180658	0.35347432024169184	0.39233038348082594	0.2551928783382789	0.37913908083402675	0.4140792753067485	0.2756892230576441	118.0	132.0	86.0	32.0	45.0	13.0
subimage_D2	5377	0.3302180685358255	0.3924050632911392	0.1925087929221509	0.34523809523809523	0.43059490084985835	0.22392638036809817	0.3592814371257485	0.4539055503110401	0.2705125095617455	115.0	143.0	74.0	40.0	68.0	28.0
subimage_C2	11495	0.32116788321167883	0.3955860295693165	0.2111111111111111	0.3295774647887324	0.4343065693430657	0.23622047244094488	0.34648257968865825	0.4528301886792453	0.27344378351206433	94.0	123.0	66.0	26.0	55.0	29.0
subimage_B2	8133	0.3285024154589372	0.39480968599124217	0.203125	0.33753943217665616	0.4384858044164038	0.2238372093023256	0.34908518253400145	0.4554140127388535	0.2699291876291261	108.0	141.0	70.0	36.0	68.0	32.0
subimage_A2	700	0.33037521021145205	0.3788279733265806	0.25678665129591355	0.3383233532934132	0.3922953252535246	0.2692307692307692	0.3527379679144385	0.40244091218001965	0.28364596459645963	110.0	128.0	87.0	22.0	40.0	18.0
subimage_H3	4907	0.32596675476422315	0.38504632725188653	0.19855595667870035	0.33860759493670883	0.4343065693430657	0.22875816993464052	0.35035751526888126	0.45674740484429066	0.28023112580634707	101.0	131.0	68.0	32.0	60.0	29.0
subimage_G3	3053	0.3413607829657905	0.3583959899749373	0.2131578947368421	0.3574766355140187	0.3903133903133903	0.2430939226519337	0.3793103448275862	0.4384858044164038	0.28052888288182404	135.0	148.0	89.0	43.0	55.0	10.0
subimage_F3	1562	0.3563477463731558	0.3518182140075065	0.25183651222801823	0.36948160288211673	0.35551330798479086	0.2732502978685848	0.38315708812260535	0.38144203866609533	0.2897196261682243	194.0	187.0	144.0	50.0	44.0	-8.0
subimage_E3	1800	0.3320870358616312	0.36081419569172357	0.21522969234638276	0.3496317260534041	0.4074074074074074	0.24561403508771928	0.37993501490637455	0.43	0.28232189973614774	113.0	132.0	80.0	35.0	53.0	19.0
subimage_D3	9395	0.32517482517482516	0.39777122049221497	0.2	0.3333333333333333	0.4359861591695502	0.23049645390070922	0.35064935064935066	0.4573643410852713	0.2684573966886525	102.0	132.0	70.0	31.0	63.0	31.0
subimage_C3	6521	0.33236994219653176	0.38063063063063063	0.19607843137254902	0.34068627450980393	0.4365781710914454	0.22291021671826625	0.35331230283911674	0.4554140127388535	0.2828054298642534	114.0	146.0	74.0	39.0	70.0	31.0
subimage_B3	3339	0.3237704918032787	0.38006146560193466	0.23960932470025145	0.3344594594594595	0.40445859872611467	0.2604501607717042	0.36083249360514685	0.41914191419141916	0.28318893495884645	101.0	123.0	77.0	23.0	44.0	21.0
subimage_A3	1307	0.3290028370284753	0.3591881789217531	0.24655813953488373	0.33860759493670883	0.391812865497076	0.26875	0.3676997286704854	0.40520353907908285	0.2857142857142857	108.0	126.0	86.0	23.0	39.0	17.0
subimage_H4	6906	0.3300532856820889	0.3870967741935484	0.199207077938247	0.3404255319148936	0.4401294498381877	0.21846153846153846	0.34890965732087226	0.46	0.2780188741941916	105.0	135.0	68.0	37.0	67.0	30.0
subimage_G4	2823	0.33710795087265677	0.3627064665317752	0.22251530123147262	0.354978354978355	0.38860103626943004	0.25669642857142855	0.3700961093098657	0.4269005847953216	0.27499003984063747	143.0	159.0	104.0	41.0	54.0	14.0
subimage_F4	3045	0.3568642418799581	0.352165725047081	0.25590256514935017	0.3702290076335878	0.3562152133580705	0.2732447817836812	0.3776091081593928	0.3681247194633927	0.289516913433481	196.0	189.0	145.0	51.0	44.0	-7.0
subimage_E4	1119	0.35714285714285715	0.3489700707869355	0.24010169491525424	0.37545787545787546	0.35403726708074534	0.2698744769874477	0.407637299771167	0.35730115914558574	0.29242217832572714	199.0	189.0	143.0	54.0	43.0	-11.0
subimage_D4	12390	0.3310810810810811	0.3817072292626728	0.17736368357278864	0.34277620396600567	0.44021739130434784	0.21864951768488747	0.3665594855305466	0.4640417078102224	0.2769857433808554	115.0	144.0	71.0	39.0	71.0	31.0
subimage_C4	1606	0.3305080706659888	0.3578590923340771	0.24337907092081335	0.3413793103448276	0.38620689655172413	0.27137546468401486	0.3766999771910817	0.3976719970814459	0.2866017504903274	98.0	112.0	78.0	20.0	33.0	13.0
subimage_B4	4187	0.3304093567251462	0.38917515673981196	0.2070063694267516	0.3397790055248619	0.42857142857142855	0.23225806451612904	0.35542168674698793	0.44761904761904764	0.2727272727272727	113.0	143.0	75.0	35.0	64.0	29.0
subimage_A4	2332	0.32495938628158844	0.3743455497382199	0.23948300581934723	0.34002881844380406	0.3973509933774834	0.2624113475177305	0.36623376623376624	0.4118479467258601	0.28189295039164486	104.0	123.0	81.0	24.0	41.0	18.0
subimage_H5	7197	0.3254136099165191	0.3900234604105572	0.20676691729323307	0.33447098976109213	0.43609022556390975	0.22939068100358423	0.34969679775878576	0.45517241379310347	0.27323943661971833	99.0	128.0	67.0	31.0	61.0	30.0
subimage_G5	11945	0.3349282296650718	0.381201044386423	0.18187838651414812	0.3432098765432099	0.438953488372093	0.2185430463576159	0.35592223330009964	0.4671280276816609	0.27722772277227725	111.0	142.0	70.0	40.0	70.0	31.0
subimage_F5	8789	0.3299848866498741	0.3850540540540541	0.18181818181818182	0.33980582524271846	0.4405594405594406	0.22082018927444794	0.3539518900343643	0.472	0.2727272727272727	106.0	137.0	68.0	36.0	68.0	31.0
subimage_E5	1751	0.3201581027667984	0.3714471435610866	0.24340579710144927	0.3392857142857143	0.3898809523809524	0.2691029900332226	0.36534913426057336	0.4069400630914827	0.29259259259259257	101.0	115.0	79.0	22.0	33.0	16.0
subimage_D5	6581	0.32753623188405795	0.38480392156862747	0.20270270270270271	0.33647798742138363	0.4318936877076412	0.2305194805194805	0.35625	0.45051194539249145	0.2753246753246753	108.0	138.0	72.0	33.0	63.0	30.0
subimage_C5	8119	0.32550335570469796	0.3967391304347826	0.19798657718120805	0.3333333333333333	0.4414715719063545	0.2247557003257329	0.35077427490542246	0.458041958041958	0.2699228791773779	100.0	131.0	66.0	32.0	64.0	32.0
subimage_B5	7057	0.3264705882352941	0.3903061224489796	0.20474777448071216	0.3355048859934853	0.43573667711598746	0.22727272727272727	0.34904255854948374	0.45514950166112955	0.2745995423340961	106.0	138.0	70.0	33.0	65.0	32.0
subimage_A5	1235	0.3247232472324723	0.36232702409418727	0.2434835070784168	0.340625	0.39384615384615385	0.2626582278481013	0.36894624077734356	0.4108354317878833	0.28821176918682156	107.0	124.0	82.0	25.0	40.0	17.0
subimage_H6	6450	0.3294612312307252	0.38461538461538464	0.18715410466975638	0.3377926421404682	0.43333333333333335	0.22895622895622897	0.36177474402730375	0.46	0.2782271534240038	103.0	131.0	69.0	32.0	61.0	29.0
subimage_G6	8196	0.3273381294964029	0.3894736842105263	0.1875	0.339036217460875	0.43944636678200694	0.221875	0.3559902912621359	0.46551724137931033	0.2730251622678461	103.0	133.0	66.0	35.0	65.0	30.0
subimage_F6	6853	0.32903225806451614	0.38333333333333336	0.18050541516245489	0.34191176470588236	0.43973941368078173	0.2197452229299363	0.36038961038961037	0.4657039711191336	0.27763080398284357	105.0	135.0	66.0	37.0	66.0	30.0
subimage_E6	2435	0.33401759530791786	0.35693528001743297	0.23181691007777966	0.35843373493975905	0.3863013698630137	0.2542857142857143	0.3797814207650273	0.4139072847682119	0.27962198929527204	119.0	129.0	84.0	34.0	44.0	9.0
subimage_D6	6864	0.321892821447469	0.3930904731086441	0.20802919708029197	0.33088235294117646	0.43333333333333335	0.23595505617977527	0.3471698113207547	0.45454545454545453	0.2729719089167908	95.0	125.0	67.0	27.0	56.0	29.0
subimage_C6	9550	0.3277591973244147	0.39888340751346135	0.19933554817275748	0.33559322033898303	0.4423076923076923	0.2214765100671141	0.35135135135135137	0.4581818181818182	0.26731744421906684	102.0	135.0	66.0	34.0	66.0	32.0
subimage_B6	8090	0.32649759903961584	0.39487179487179486	0.20771513353115728	0.3342070908341349	0.4368766360714404	0.22756410256410256	0.3519061583577713	0.4523809523809524	0.2736606441476826	105.0	137.0	70.0	32.0	64.0	31.0
subimage_A6	1625	0.33131065294613105	0.3780487804878049	0.22184526365752774	0.3486238532110092	0.39762611275964393	0.254601226993865	0.36733209647495363	0.4196303223676972	0.27913660395547457	116.0	133.0	85.0	32.0	48.0	18.0
subimage_H7	5913	0.3260389142445352	0.393776512204788	0.20065789473684212	0.3367003367003367	0.4382716049382716	0.22413793103448276	0.35374149659863946	0.45527718550106605	0.2727272727272727	102.0	132.0	67.0	33.0	64.0	30.0
subimage_G7	2795	0.32362459546925565	0.36175295911698496	0.23809523809523808	0.3371757925072046	0.39322033898305087	0.2692307692307692	0.3764578296117195	0.40797546012269936	0.28422173158807756	109.0	127.0	86.0	22.0	40.0	17.0
subimage_F7	4695	0.3292850939376619	0.3935044849984534	0.21428571428571427	0.3366013071895425	0.43389830508474575	0.22945205479452055	0.34563758389261745	0.44750774339815436	0.2690198835107452	102.0	131.0	69.0	32.0	61.0	29.0
subimage_E7	2658	0.3374556021956732	0.36590561770279356	0.21949675825872184	0.3485342019543974	0.41220921478581646	0.23987989123584175	0.3671913422131148	0.42857142857142855	0.2754082743603702	113.0	135.0	78.0	35.0	55.0	21.0
subimage_D7	9560	0.32507739938080493	0.39606602514184003	0.203125	0.33447098976109213	0.439873417721519	0.2253968253968254	0.35117156394330307	0.4557377049180328	0.2688217222372819	103.0	135.0	68.0	33.0	65.0	32.0
subimage_C7	5642	0.3258068558493007	0.38957093272846294	0.20748299319727892	0.3354632587859425	0.4332344213649852	0.2310126582278481	0.35451505016722407	0.45364238410596025	0.2735030929782311	106.0	137.0	71.0	32.0	63.0	30.0
subimage_B7	2152	0.34433405915441845	0.36388838700935	0.24485985265475485	0.3536231884057971	0.3875739644970414	0.25873109448690845	0.3699421965317919	0.4	0.2763109263109263	117.0	128.0	85.0	32.0	42.0	12.0
subimage_A7	746	0.3389830508474576	0.3508083034812161	0.24927309280320337	0.36167298163800643	0.37483509234828494	0.2649080086580087	0.37815556436690456	0.3871951219512195	0.2857142857142857	125.0	131.0	89.5	34.0	38.0	3.0
subimage_H8	6710	0.3271604938271605	0.39184832813548615	0.2135593220338983	0.33666666666666667	0.42996742671009774	0.23244411343196	0.34967320261437906	0.44333333333333336	0.2741745978270024	104.0	133.0	71.0	32.0	60.0	28.0
subimage_G8	1467	0.3553381577771822	0.3503978948779834	0.26544555531406216	0.3695652173913043	0.3533834586466165	0.2768670309653916	0.3780718336483932	0.35736613415767743	0.2929623926311031	201.0	192.0	150.0	51.0	42.0	-8.0
subimage_F8	2722	0.33746480960142244	0.3669064748201439	0.2312556233933162	0.34776749091761394	0.404320987654321	0.24769222029710003	0.37165071770334923	0.41547065375426184	0.2755344418052256	116.0	136.0	83.0	33.0	52.0	19.0
subimage_E8	2965	0.3341890440386681	0.36363636363636365	0.2206896551724138	0.343042071197411	0.4180602006688963	0.24067796610169492	0.3683912330401073	0.431493104870115	0.27173304104250395	106.0	130.0	75.0	32.0	55.0	24.0
subimage_D8	7652	0.329620318642665	0.38742879746835446	0.18711656441717792	0.3413897280966767	0.4331395348837209	0.22629969418960244	0.35522388059701493	0.460765910459747	0.27418754513638127	117.0	148.0	76.0	38.0	69.0	32.0
subimage_C8	959	0.3289942615524011	0.3561096577283628	0.2428496974627549	0.3443223443223443	0.382262996941896	0.27241379310344827	0.38147147796024194	0.3992735452466996	0.2888082654652573	96.0	108.0	76.0	20.0	30.0	11.0
subimage_B8	2344	0.3299371263656978	0.3798449612403101	0.23250713639211862	0.3375796178343949	0.41009463722397477	0.2523364485981308	0.3605171358629131	0.42451812135197503	0.2782540225950017	107.0	130.0	80.0	27.0	50.0	23.0
subimage_A8	1431	0.34012616674576807	0.36741377867068475	0.2481747934985345	0.35081967213114756	0.3887147335423197	0.2601880877742947	0.3628048780487805	0.39816221997073065	0.27960526315789475	112.0	124.0	82.0	29.0	41.0	12.0
subimage_H9	855	0.31888052036973635	0.3729292768397579	0.276961815163254	0.32432432432432434	0.38076923076923075	0.29411764705882354	0.3533490800263041	0.38661710037174724	0.3008130081300813	84.0	99.0	76.0	8.0	22.0	15.0
subimage_G9	8298	0.32170542635658916	0.39039039039039036	0.20258412795210112	0.33214285714285713	0.4312267657992565	0.23741007194244604	0.35294117647058826	0.4555160142348754	0.27553502482073905	97.0	126.0	67.0	27.0	55.0	28.0
subimage_F9	7805	0.326977206868215	0.3811881188118812	0.19616835994194484	0.33766233766233766	0.43154761904761907	0.23102310231023102	0.35315725167026285	0.4580366198686809	0.2795118937287612	107.0	137.0	73.0	34.0	64.0	30.0
subimage_E9	1542	0.3275862068965517	0.3542074363992172	0.23746800033031917	0.3603108005453347	0.3797284901852871	0.2635135135135135	0.38115587811984414	0.4097411254377587	0.2865642980471683	138.0	146.0	100.0	39.0	43.0	4.0
subimage_D9	10593	0.3222591362126246	0.39825581395348836	0.20618556701030927	0.3333333333333333	0.43478260869565216	0.23202614379084968	0.34782608695652173	0.45454545454545453	0.27075001634734847	102.0	133.0	70.0	31.0	62.0	31.0
subimage_C9	5465	0.33093525179856115	0.3907766990291262	0.21241830065359477	0.33860759493670883	0.43636363636363634	0.225	0.3465346534653465	0.4459016393442623	0.27460345332162717	108.0	138.0	71.0	36.0	67.0	31.0
subimage_B9	9348	0.32679738562091504	0.39090393407653484	0.19852080206600956	0.3384615384615385	0.43521594684385384	0.22611464968152867	0.35014836795252224	0.4584717607973422	0.2732509698026939	110.0	140.0	72.0	35.0	66.0	31.0
subimage_A9	885	0.35511337868480725	0.34792738852074856	0.24685766691583386	0.3729166666666667	0.3538812785388128	0.2736842105263158	0.39040379375931733	0.36227528232136524	0.29517370452684527	170.0	162.0	126.0	45.0	37.0	-8.0
subimage_H10	5583	0.32342007434944237	0.39080769588251696	0.21052631578947367	0.3309608540925267	0.4312267657992565	0.23826714801444043	0.3480896740390411	0.4510420951597422	0.2750577313695657	95.0	123.0	67.0	26.0	55.0	28.0
subimage_G10	7975	0.32608695652173914	0.3903999706981174	0.19540229885057472	0.33714285714285713	0.4370629370629371	0.2261904761904762	0.35443037974683544	0.4618320610687023	0.2689141452925818	102.0	130.0	68.0	33.0	63.0	30.0
subimage_F10	7163	0.33077118809943235	0.38734177215189874	0.18861209964412812	0.33875338753387535	0.43478260869565216	0.22727272727272727	0.35737704918032787	0.4575645756457565	0.27341772151898736	104.0	133.0	69.0	33.0	62.0	29.0
subimage_E10	2337	0.32943890734588405	0.3582793676911324	0.22498507159998649	0.35735735735735735	0.3915343915343915	0.2542857142857143	0.3804763746388516	0.41946560088480006	0.2781243048449526	122.0	133.0	87.0	35.0	47.0	12.0
subimage_D10	5745	0.3268765133171913	0.3895801313399469	0.20649608823906632	0.3355048859934853	0.4364820846905538	0.22727272727272727	0.35261389512571856	0.4527027027027027	0.27486910994764396	106.0	138.0	70.0	34.0	64.0	31.0
subimage_C10	8526	0.32707774798927614	0.396628828685047	0.20481927710843373	0.33666666666666667	0.44041528199488367	0.22185962820212518	0.3476923076923077	0.4551282051282051	0.26857142857142857	108.0	141.0	70.0	36.0	70.0	33.0
subimage_B10	6283	0.330647311827957	0.3875	0.19318181818181818	0.3390804597701149	0.4377104377104377	0.22297297297297297	0.35231316725978645	0.4610169491525424	0.27595628415300544	107.0	138.0	70.0	37.0	68.0	31.0
subimage_A10	1490	0.3430232558139535	0.3696172525439408	0.2359864610231	0.3595505617977528	0.3882665832290363	0.2515432686811721	0.37429449321628094	0.40773809523809523	0.27101756780817854	131.0	141.0	90.0	39.0	48.0	11.0
subimage_H11	4114	0.31942993366500827	0.3945492981098707	0.2222222222222222	0.3300812234278825	0.4271186440677966	0.24333333333333335	0.3373493975903614	0.4448818897637795	0.2787025532085454	98.0	127.0	72.0	26.0	54.0	29.0
subimage_G11	5952	0.32222732734855447	0.38929440389294406	0.2145214521452145	0.3333333333333333	0.42810457516339867	0.23920265780730898	0.34782608695652173	0.44785879629629627	0.27861643145161286	103.0	132.0	73.0	29.0	58.0	29.0
subimage_F11	3231	0.3258785942492013	0.3790322580645161	0.22336769759450173	0.33653846153846156	0.40062111801242234	0.26334519572953735	0.3613138686131387	0.4280936454849498	0.28363104731525784	103.0	123.0	80.0	23.0	42.0	20.0
subimage_E11	496	0.3560160178804247	0.34681773459599063	0.23847233360064152	0.38401520912547527	0.3546110867750494	0.2606060606060606	0.40565537352056935	0.359375	0.29490675217820184	191.0	176.0	131.0	57.0	43.0	-13.0
subimage_D11	7116	0.32558139534883723	0.3935278776080663	0.2099236641221374	0.3354632587859425	0.4364820846905538	0.22875816993464052	0.34459459459459457	0.4509090909090909	0.2708046289069128	102.0	133.0	70.0	32.0	63.0	31.0
subimage_C11	5015	0.32508249861285515	0.38855222294867603	0.21509433962264152	0.33447098976109213	0.43260188087774293	0.2328767123287671	0.34307062630877594	0.44866920152091255	0.27798921879010874	100.0	129.0	69.0	30.0	59.0	29.0
subimage_B11	1965	0.3287368500718989	0.3710740959119497	0.22583034647550776	0.34097421203438394	0.4108761329305136	0.24770642201834864	0.36484022015936907	0.4264617558735206	0.28237732398658943	116.0	141.0	84.0	32.0	55.0	24.0
subimage_A11	622	0.32452814569536426	0.34601491664229306	0.2576518113902287	0.3413793103448276	0.38543560606060606	0.2746478873239437	0.36764308426073133	0.4033878900949796	0.2950117889773062	97.0	112.0	77.0	19.0	31.0	13.0
subimage_H12	2761	0.31875	0.38857142857142857	0.21993127147766323	0.3321554770318021	0.4236111111111111	0.24482758620689654	0.3466135458167331	0.4409448818897638	0.28199052132701424	98.0	124.0	71.0	25.0	52.0	26.0
subimage_G12	912	0.35470116434241483	0.3507621774846697	0.2651017430892673	0.3643724696356275	0.3543307086614173	0.28078865578865575	0.37731958762886597	0.3587378881474289	0.29309906500854166	184.0	179.0	141.0	42.0	37.0	-5.0
subimage_F12	2006	0.346875	0.3528490728232838	0.2317565436770735	0.36182619383414616	0.3810810810810811	0.2573099415204678	0.3889769790932582	0.40786280020439447	0.2840288805081382	131.0	140.0	94.5	38.0	45.0	7.0
subimage_E12	1221	0.3353115727002967	0.3808353808353808	0.22916666666666666	0.3463855421686747	0.3993808049535604	0.25609756097560976	0.3597560975609756	0.414985590778098	0.2773109243697479	116.0	134.0	85.0	30.0	48.0	18.0
subimage_D12	6474	0.33	0.39161144412164894	0.20260451881902186	0.33797909407665505	0.4418604651162791	0.22006472491909385	0.3482772587556591	0.4578313253012048	0.2700800915331807	104.0	136.0	67.0	36.0	67.0	31.0
subimage_C12	3249	0.32783628270546084	0.3835423045930701	0.18682564084230094	0.345679012345679	0.42901234567901236	0.22884012539184953	0.3664383561643836	0.45364777181252264	0.2788965711866798	113.0	140.0	72.0	37.0	63.0	27.0
subimage_B12	1871	0.3392631103074141	0.37615750664494557	0.2256182485223181	0.3494318181818182	0.4022038567493113	0.2454308093994778	0.3653091537132988	0.4246781647136491	0.27141110723017814	126.0	148.0	89.0	38.0	57.0	21.0
subimage_A12	632	0.3541494648318043	0.35036496350364965	0.2683547215496368	0.36091954022988504	0.3534798534798535	0.28544947912371843	0.3749721174016307	0.35796903460837887	0.29438299817184643	193.0	189.0	152.0	40.0	36.0	-4.0