subimage	all_plant_pixels	ratio_r_q5	ratio_g_q5	ratio_b_q5	ratio_r_median	ratio_g_median	ratio_b_median	ratio_r_q95	ratio_g_q95	ratio_b_q95	pix_r_median	pix_g_median	pix_b_median	diff_rb_median	diff_gb_median	diff_gr_median
subimage_H1	7280	0.34139784946236557	0.3844086021505376	0.1875	0.35	0.427737139154603	0.22158262655711636	0.36951185260083136	0.44891640866873067	0.2702702702702703	117.0	142.0	72.0	41.0	67.0	25.0
subimage_G1	17552	0.3333333333333333	0.3931769468921172	0.19029850746268656	0.34797297297297297	0.4343065693430657	0.21933085501858737	0.36827195467422097	0.4522058823529412	0.2631578947368421	114.0	138.0	68.0	39.0	65.0	27.0
subimage_F1	2663	0.33974358974358976	0.3583629086647429	0.22388059701492538	0.3472803347280335	0.4107142857142857	0.24324324324324326	0.3758640099065631	0.42578125	0.2725	106.0	126.0	75.0	32.0	51.0	19.0
subimage_E1	3033	0.3392226148409894	0.3561162125545687	0.23148148148148148	0.3469387755102041	0.4061302681992337	0.24734982332155478	0.372960372960373	0.4180835071609197	0.27281283422459895	105.0	123.0	75.0	30.0	47.0	18.0
subimage_D1	13665	0.33518315046658104	0.3910481113983157	0.1746031746031746	0.3464285714285714	0.4375	0.21686746987951808	0.3653227925468109	0.46551724137931033	0.26287262872628725	105.0	133.0	65.0	39.0	66.0	27.0
subimage_C1	11239	0.340625	0.3922518159806295	0.18831168831168832	0.35014005602240894	0.43613707165109034	0.21301775147928995	0.3663663663663664	0.45357511045655374	0.25944878131173305	115.0	143.0	68.0	43.0	71.0	28.0
subimage_B1	10744	0.34163834186775055	0.3858267716535433	0.19626168224299065	0.35294117647058826	0.42038216560509556	0.2257142857142857	0.36944444444444446	0.4477124183006536	0.26552580231813155	120.0	143.0	76.0	43.0	65.0	23.0
subimage_A1	1598	0.34451877427708244	0.34405399359177896	0.25396825396825395	0.3558282208588957	0.3794077793719114	0.26625386996904027	0.3694314580653258	0.3892795628674942	0.2967673572253113	115.0	122.0	85.5	29.0	36.0	7.0
subimage_H2	6590	0.3367003367003367	0.3874804131054131	0.20622568093385213	0.34551495016611294	0.428125	0.22635135135135134	0.355454762102122	0.44649446494464945	0.2713555601289702	107.0	133.0	70.0	37.0	62.0	26.0
subimage_G2	9972	0.33821600068598867	0.38618925831202044	0.14937759336099585	0.35294117647058826	0.43333333333333335	0.21451104100946372	0.37216828478964403	0.48249027237354086	0.26370757180156656	108.0	133.0	65.0	40.0	63.0	24.0
subimage_F2	2266	0.3555655836341757	0.34265734265734266	0.25100401606425704	0.38277585600375236	0.35030549898167007	0.26614481409001955	0.398	0.35368421052631577	0.3003731343283582	197.0	180.0	136.0	60.0	44.0	-16.0
subimage_E2	3828	0.3538215838215838	0.3383928113623545	0.20552147239263804	0.3713295171488791	0.36633663366336633	0.2585669781931464	0.40354949874686713	0.42667896966126	0.29340627095908783	119.0	120.0	81.0	37.0	34.0	-2.0
subimage_D2	10882	0.341551720793078	0.3965565401656714	0.16606498194945848	0.35060975609756095	0.43853820598006643	0.21148036253776434	0.3685897435897436	0.47247525825326875	0.2523103500384657	106.0	133.0	64.0	41.0	68.0	26.0
subimage_C2	6139	0.3440797517163548	0.3816091954022989	0.16613418530351437	0.3604060913705584	0.4224137931034483	0.21818181818181817	0.38235294117647056	0.4560260586319218	0.267637964583685	126.0	147.0	76.0	49.0	69.0	21.0
subimage_B2	2852	0.3489364291277258	0.375	0.20733950566930417	0.359375	0.41063641617484803	0.2310126582278481	0.3786407766990291	0.4226401750279841	0.2691785375118708	118.0	136.0	77.0	42.0	59.0	17.0
subimage_A2	4398	0.3361275088547816	0.36808006479630523	0.1802022708376637	0.35	0.42071197411003236	0.23272727272727273	0.3718438764218203	0.4612676056338028	0.26976744186046514	102.0	126.0	70.0	35.0	56.0	23.0
subimage_H3	15	0.35453615860932797	0.32811764128728416	0.2952257586972613	0.3555194805194805	0.332220367278798	0.3117744610281924	0.36105988509393394	0.34728854213792454	0.317134271978022	215.0	200.0	186.0	26.0	13.0	-15.0
subimage_G3	8722	0.3388171487603306	0.38992042440318303	0.1643224644671683	0.34868421052631576	0.42735042735042733	0.22429906542056074	0.36245954692556637	0.4822975158348681	0.26034063260340634	109.0	134.0	70.0	39.0	64.0	25.0
subimage_F3	4707	0.3540983606557377	0.348906895289874	0.19148936170212766	0.3669064748201439	0.39882697947214074	0.234375	0.39823008849557523	0.4370629370629371	0.28697453048623617	119.0	131.0	77.0	43.0	54.0	11.0
subimage_E3	2572	0.3419900595304953	0.37526340996168583	0.2112026730623373	0.3507692307692308	0.415979868945484	0.23397435897435898	0.37040824915824916	0.4315068493150685	0.26699547555697245	110.0	131.0	74.0	37.0	57.0	21.0
subimage_D3	8548	0.3398805499211179	0.3844282238442822	0.15673053650665592	0.3486590038314176	0.43042071197411	0.221875	0.3721419432528035	0.47870575778965413	0.26677472984206146	108.0	134.0	69.0	39.0	65.0	25.0
subimage_C3	6448	0.33724340175953077	0.3896921877633575	0.17986943778310685	0.34626865671641793	0.425531914893617	0.2289855072463768	0.36721311475409835	0.45977011494252873	0.2622035780124015	112.0	137.0	74.0	37.0	63.0	26.0
subimage_B3	2767	0.3445369149637442	0.37609189994511094	0.2047244094488189	0.3547619047619048	0.4158730158730159	0.23076923076923078	0.37574189095928223	0.43014705882352944	0.2680373427411302	112.0	132.0	74.0	39.0	58.0	19.0
subimage_A3	9610	0.34247878594804365	0.3934010152284264	0.1871345029239766	0.35555555555555557	0.4298507462686567	0.21448467966573817	0.3736842105263158	0.4485981308411215	0.2584581939799331	123.0	148.0	73.0	48.0	73.0	25.0
subimage_H4	20953	0.33976833976833976	0.38610177296799447	0.1353135313531353	0.3602941176470588	0.45112781954887216	0.18789808917197454	0.38591549295774646	0.4908424908424908	0.26169254138667897	112.0	138.0	56.0	49.0	74.0	26.0
subimage_G4	14598	0.34129570650093266	0.3943298969072165	0.18575851393188855	0.35109338353055475	0.43909348441926344	0.20940518267904057	0.364741641337386	0.4563106796116505	0.2579721708294789	117.0	145.0	69.0	45.0	74.0	29.0
subimage_F4	83	0.3543483068830509	0.3323748668796592	0.2262843623253718	0.3755186721991701	0.3477272727272727	0.2748917748917749	0.417442676321181	0.35962954440865164	0.3120880267000417	149.0	135.0	100.0	42.0	30.0	-13.0
subimage_E4	3696	0.35103244837758113	0.35243189668993863	0.20965327409696735	0.363905325443787	0.40828402366863903	0.23003194888178913	0.38728637141993755	0.4192546583850932	0.2751004016064257	123.0	139.0	78.0	46.0	60.0	14.0
subimage_D4	17	0.35408405765210693	0.3308679561325079	0.3025716549993396	0.35567970204841715	0.33583489681050654	0.308411214953271	0.3576594901598204	0.34051512349755647	0.3147268711239487	203.0	192.0	176.0	27.0	15.0	-11.0
subimage_C4	8184	0.3424242424242424	0.3815165876777251	0.16226415094339622	0.35514018691588783	0.43492063492063493	0.20915032679738563	0.3783783783783784	0.4659498207885305	0.2688679245283019	115.0	140.0	67.0	45.0	71.0	24.0
subimage_B4	3883	0.3465045592705167	0.3734281952299728	0.17457631987131614	0.3577586206896552	0.42382271468144045	0.2215568862275449	0.3885350318471338	0.4450704225352113	0.2694063926940639	123.0	145.0	74.0	46.0	68.0	22.0
subimage_A4	4119	0.3378839590443686	0.36423698332952725	0.21158420789605198	0.36623376623376624	0.39892183288409705	0.23880597014925373	0.38366336633663367	0.42105263157894735	0.27196127933772696	131.0	142.0	84.0	46.0	53.0	11.0
subimage_H5	13388	0.32936507936507936	0.3859787731178963	0.194047034564022	0.3443708609271523	0.4274083075563412	0.22727272727272727	0.37213596723044395	0.453125	0.26953465003700255	103.0	127.0	67.0	34.0	59.0	24.0
subimage_G5	8780	0.3387452286505501	0.3851851851851852	0.2	0.34810126582278483	0.4294478527607362	0.22158262655711636	0.3565217391304348	0.44982698961937717	0.27100271002710025	115.0	141.0	73.0	41.0	68.0	27.0
subimage_F5	0	0	0	0	0	0	0	0	0	0	0	0	0	0	0	0
subimage_E5	3034	0.3488372093023256	0.35625441541472075	0.1896551724137931	0.36328856507490637	0.408955223880597	0.22992700729927007	0.3888888888888889	0.4365079365079365	0.27730684133915573	117.0	130.0	74.0	42.0	55.0	14.0
subimage_D5	48	0.35423046871958075	0.3394313881557818	0.2882426953725709	0.359375	0.3426463597765846	0.2976294314381271	0.36651276306777947	0.345355635551142	0.3058556845379405	218.5	207.5	179.5	36.0	26.0	-10.0
subimage_C5	8108	0.34406872138826783	0.38284494497595073	0.16271186440677965	0.35327635327635326	0.42857142857142855	0.21933799376737134	0.3824451410658307	0.45901639344262296	0.2657738775385834	122.0	147.0	75.0	46.0	72.0	25.0
subimage_B5	7225	0.3464237279479774	0.37173514012935016	0.17220543806646527	0.358974358974359	0.4241645244215938	0.21994134897360704	0.3816568047337278	0.4507042253521127	0.2716627634660422	126.0	148.0	77.0	48.0	72.0	22.0
subimage_A5	2930	0.3402985074626866	0.36993179234558543	0.21621621621621623	0.34890965732087226	0.4140864647239264	0.23708206686930092	0.36720899225954595	0.43327918170878454	0.2701656838982744	107.0	127.0	73.0	34.0	53.0	20.0
subimage_H6	0	0	0	0	0	0	0	0	0	0	0	0	0	0	0	0
subimage_G6	0	0	0	0	0	0	0	0	0	0	0	0	0	0	0	0
subimage_F6	0	0	0	0	0	0	0	0	0	0	0	0	0	0	0	0
subimage_E6	3216	0.35046281450152106	0.3526279541829781	0.2334343020190948	0.3656379847645429	0.37626078862751733	0.2554945054945055	0.38220368026995677	0.4025974025974026	0.28694576437817465	132.0	134.0	91.0	39.0	43.0	3.0
subimage_D6	0	0	0	0	0	0	0	0	0	0	0	0	0	0	0	0
subimage_C6	11843	0.3389135379517565	0.3914297637715615	0.1781818181818182	0.3496932515337423	0.43909348441926344	0.21153846153846154	0.36942675159235666	0.46096363847583643	0.2595419847328244	114.0	143.0	68.0	44.0	72.0	28.0
subimage_B6	2374	0.3550421139872405	0.34158815097945533	0.23840752366904933	0.36807817589576547	0.3653250773993808	0.26674979218620115	0.3873015873015873	0.38777252364360376	0.2972972972972973	135.0	132.0	95.0	35.0	34.0	-1.0
subimage_A6	2422	0.3475409836065574	0.3578693561314454	0.20284955387075146	0.3573945190864317	0.4096774193548387	0.23529411764705882	0.3764705882352941	0.42955211144168454	0.27139180007617547	116.0	131.0	77.0	40.0	56.0	17.0
subimage_H7	0	0	0	0	0	0	0	0	0	0	0	0	0	0	0	0
subimage_G7	0	0	0	0	0	0	0	0	0	0	0	0	0	0	0	0
subimage_F7	8	0.35471633085896076	0.333204449827872	0.2564229249011858	0.36519233169027265	0.349154201034531	0.2859691229891022	0.3931818181818182	0.3518681742435719	0.31022312890475584	119.5	110.5	90.0	24.5	20.0	-8.0
subimage_E7	11201	0.33447098976109213	0.3915211970074813	0.17857142857142858	0.34615384615384615	0.43661971830985913	0.2181208053691275	0.36333333333333334	0.4664310954063604	0.26342710997442453	108.0	135.0	66.0	39.0	65.0	27.0
subimage_D7	0	0	0	0	0	0	0	0	0	0	0	0	0	0	0	0
subimage_C7	2853	0.35701959228570657	0.34124087591240876	0.2631578947368421	0.3784722222222222	0.34532374100719426	0.27629233511586454	0.38868199972455586	0.3483917865952268	0.3005464480874317	212.0	193.0	155.0	57.0	39.0	-19.0
subimage_B7	0	0	0	0	0	0	0	0	0	0	0	0	0	0	0	0
subimage_A7	4231	0.33476489779367036	0.38946046019571545	0.1948529411764706	0.34782608695652173	0.43434343434343436	0.21739130434782608	0.3576054153742979	0.45588235294117646	0.26613446085237075	106.0	133.0	67.0	39.0	66.0	26.0
subimage_H8	4	0.3540749136442142	0.3377496791367591	0.30353906032805117	0.3550649847094801	0.33852817357512954	0.3068568425076453	0.3560460105643592	0.34055397727272724	0.3074063579447323	199.0	189.5	172.0	27.0	18.0	-9.0
subimage_G8	0	0	0	0	0	0	0	0	0	0	0	0	0	0	0	0
subimage_F8	0	0	0	0	0	0	0	0	0	0	0	0	0	0	0	0
subimage_E8	13285	0.33568904593639576	0.391304347826087	0.18181818181818182	0.3472222222222222	0.43086816720257237	0.22153846153846155	0.3696369636963696	0.4618443238603268	0.26238778396790113	106.0	131.0	67.0	38.0	62.0	25.0
subimage_D8	85	0.3581460288395514	0.337585520888932	0.2128170426863248	0.4064748201438849	0.3453038674033149	0.24503311258278146	0.4422006069566571	0.3541619406534704	0.3031247162047936	150.0	122.0	87.0	51.0	33.0	-18.0
subimage_C8	2748	0.34441087613293053	0.34252616319058654	0.22955974842767296	0.3609625668449198	0.3840289855072464	0.25867087276551	0.39081852654387866	0.40716612377850164	0.2868923954684968	121.0	130.0	87.0	36.0	42.0	8.0
subimage_B8	6136	0.34017595307917886	0.3811881188118812	0.1624315611387161	0.3515151515151515	0.42394822006472493	0.22662889518413598	0.37751817718705133	0.4636928940374104	0.270286434760119	117.0	141.0	76.0	41.0	66.0	24.0
subimage_A8	10380	0.3413325349301397	0.3979328165374677	0.18571195905072127	0.34915254237288135	0.43731778425655976	0.21359223300970873	0.36363636363636365	0.4583333333333333	0.2551546391752577	112.0	139.0	67.0	42.0	70.0	28.0
subimage_H9	8	0.3544093178036606	0.32037458193979934	0.2991275167785235	0.3556045751633987	0.33963583729015323	0.303484707060049	0.35924837671195503	0.3429572484731598	0.32479515050167224	213.5	204.0	184.0	31.5	22.0	-9.5
subimage_G9	9	0.35481758241758243	0.329579802259887	0.28934453409970157	0.3645083932853717	0.335423197492163	0.3046875	0.37333185954828485	0.3390543401552576	0.31031864406779663	140.0	127.0	117.0	24.0	14.0	-11.0
subimage_F9	1	0.354	0.34	0.306	0.354	0.34	0.306	0.354	0.34	0.306	177.0	170.0	153.0	24.0	17.0	-7.0
subimage_E9	6201	0.33916083916083917	0.39141414141414144	0.16906474820143885	0.34915254237288135	0.4370860927152318	0.21407624633431085	0.3723076923076923	0.4646840148698885	0.2582278481012658	105.0	131.0	65.0	40.0	67.0	26.0
subimage_D9	28	0.35550237897932013	0.3286302578684185	0.2607211759301792	0.35890872478023467	0.3375921118496874	0.301382473814373	0.4063213885778275	0.3443982844167858	0.30861307035876	141.5	135.0	117.5	25.5	16.0	-11.0
subimage_C9	2181	0.3448275862068966	0.3493975903614458	0.24573378839590443	0.36482084690553745	0.36769759450171824	0.2687074829931973	0.3806228373702422	0.38321167883211676	0.2913907284768212	108.0	109.0	79.0	29.0	29.0	1.0
subimage_B9	13697	0.33941605839416056	0.3893092624579781	0.15510204081632653	0.3503184713375796	0.4394904458598726	0.21122112211221122	0.37293729372937295	0.48	0.25937579978178577	108.0	135.0	65.0	42.0	70.0	27.0
subimage_A9	7806	0.3504531722054381	0.3743989971838725	0.19485765460030166	0.36649850048289534	0.41210374639769454	0.22347969457828432	0.38338658146964855	0.43103448275862066	0.2647058823529412	132.0	147.0	80.0	49.0	65.0	17.0
subimage_H10	0	0	0	0	0	0	0	0	0	0	0	0	0	0	0	0
subimage_G10	0	0	0	0	0	0	0	0	0	0	0	0	0	0	0	0
subimage_F10	0	0	0	0	0	0	0	0	0	0	0	0	0	0	0	0
subimage_E10	3886	0.3383553580922002	0.3811949565122258	0.21192952778577598	0.3465346534653465	0.4207650273224044	0.23394771305233547	0.35964912280701755	0.43728813559322033	0.2727272727272727	110.0	133.0	75.0	35.0	59.0	24.0
subimage_D10	4076	0.34470542121449677	0.35365853658536583	0.18297474631876096	0.3598773086823366	0.4169184290030212	0.228486646884273	0.3854166666666667	0.44106463878326996	0.2751196172248804	120.0	141.0	78.0	44.0	63.0	19.0
subimage_C10	2238	0.33584070180324443	0.3552251605440549	0.22841225626740946	0.35555555555555557	0.3908355795148248	0.2558922558922559	0.3821462693357598	0.4115468227424749	0.2845303867403315	117.0	127.5	83.0	33.0	41.0	13.0
subimage_B10	5420	0.3431055455465986	0.3899362727924862	0.20134228187919462	0.35	0.43354430379746833	0.21630094043887146	0.35919540229885055	0.44625407166123776	0.2622316784869977	114.0	141.0	70.0	43.0	70.0	27.0
subimage_A10	13628	0.3412969283276451	0.39681224144086125	0.19148936170212766	0.35135135135135137	0.43304843304843305	0.21428571428571427	0.3670520231213873	0.4507462686567164	0.254957507082153	117.0	143.0	70.0	44.0	70.0	27.0
subimage_H11	0	0	0	0	0	0	0	0	0	0	0	0	0	0	0	0
subimage_G11	3	0.3547430066510172	0.33599007237871675	0.30693111588552024	0.35524256651017216	0.3364632237871675	0.3082942097026604	0.3558632397018647	0.3372056444126151	0.30926692097026603	227.0	215.0	197.0	29.0	18.0	-12.0
subimage_F11	10447	0.34513274336283184	0.3925977247455308	0.17647058823529413	0.3544018058690745	0.4415954415954416	0.20440251572327045	0.36656891495601174	0.4618055555555556	0.25621645492220924	115.0	142.0	66.0	47.0	74.0	28.0
subimage_E11	18266	0.34430379746835443	0.3875598086124402	0.14583333333333334	0.36127167630057805	0.43208199141170156	0.207492795389049	0.38028169014084506	0.4794007490636704	0.26146479883280993	129.0	154.0	74.0	55.0	80.0	25.0
subimage_D11	3615	0.347953216374269	0.35578737300435415	0.19406421838177534	0.3638676844783715	0.4028985507246377	0.23738872403560832	0.3908450704225352	0.43354430379746833	0.28019323671497587	117.0	132.0	76.0	41.0	54.0	12.0
subimage_C11	2876	0.3438485804416404	0.35281263680140085	0.21532846715328466	0.3592814371257485	0.40816326530612246	0.23462612806188227	0.3830592798718273	0.42474916387959866	0.27993227990970654	115.0	132.0	75.0	39.0	55.0	15.0
subimage_B11	4329	0.35294117647058826	0.3409090909090909	0.22478630610148	0.35987261146496813	0.36486486486486486	0.27626459143968873	0.3767412695350183	0.4095125052988554	0.29636282989576396	107.0	107.0	79.0	25.0	25.0	2.0
subimage_A11	5401	0.3396825396825397	0.384180790960452	0.16964285714285715	0.35668789808917195	0.4253246753246753	0.22287390029325513	0.3767605633802817	0.4591194968553459	0.2670157068062827	117.0	139.0	71.0	43.0	65.0	23.0
subimage_H12	0	0	0	0	0	0	0	0	0	0	0	0	0	0	0	0
subimage_G12	0	0	0	0	0	0	0	0	0	0	0	0	0	0	0	0
subimage_F12	16778	0.3346303501945525	0.40211225772583475	0.1894339356295878	0.34812286689419797	0.4394904458598726	0.2120253164556962	0.36253776435045315	0.45723684210526316	0.25440806045340053	110.0	138.0	66.0	42.0	71.0	28.0
subimage_E12	11520	0.34210526315789475	0.38953488372093026	0.16830806974502763	0.3507692307692308	0.4325153374233129	0.2172468877382395	0.37538510070371267	0.46296296296296297	0.25753424657534246	112.0	138.0	70.0	43.0	69.0	26.0
subimage_D12	1527	0.354868578255675	0.3342999961474747	0.2592939814814815	0.36245954692556637	0.36012861736334406	0.2761904761904762	0.38863271262755394	0.3785488958990536	0.30017811704834607	110.0	109.0	83.0	26.0	25.0	-1.0
subimage_C12	3362	0.3346303501945525	0.3491413519430761	0.2392638036809816	0.3651685393258427	0.3778409090909091	0.2567004549445287	0.3916083916083916	0.4	0.28620689655172415	129.0	131.0	89.0	39.0	40.0	4.0
subimage_B12	6116	0.3370090062816923	0.39609477601050636	0.20588235294117646	0.34551495016611294	0.43	0.22442244224422442	0.3553459119496855	0.44573643410852715	0.25880135973987584	106.0	132.0	69.0	37.0	62.0	25.0
subimage_A12	11131	0.33574007220216606	0.4039475392806129	0.17692307692307693	0.34576271186440677	0.4384858044164038	0.21649484536082475	0.3560830860534125	0.47244094488188976	0.25160262995685223	99.0	125.0	62.0	36.0	62.0	26.0