subimage	all_plant_pixels	ratio_r_q5	ratio_g_q5	ratio_b_q5	ratio_r_median	ratio_g_median	ratio_b_median	ratio_r_q95	ratio_g_q95	ratio_b_q95	pix_r_median	pix_g_median	pix_b_	diff_rb_median	diff_gb_median	diff_gr_median
subimage_H1	9956	0.33444816053511706	0.4019917991896529	0.19533527696793002	0.3463687150837989	0.43974922491268	0.2148997134670487	0.35457494517992616	0.4550898203592814	0.25763360428917326	120.0	152.0	73.0	43.0	74.0	31.0
subimage_G1	11808	0.33964058654634943	0.400475922579472	0.1626114721354826	0.3524027459954233	0.4425481515998757	0.20537897310513448	0.36775249857804504	0.47513445658123316	0.2546916890080429	127.0	160.0	74.0	51.0	83.0	32.0
subimage_F1	11543	0.3325254331769406	0.4101804434027388	0.167971875	0.34285714285714286	0.44983818770226536	0.208955223880597	0.35294117647058826	0.4817813765182186	0.25156846857275145	106.0	140.0	65.0	42.0	75.0	33.0
subimage_E1	18558	0.3333333333333333	0.40554154995331465	0.18620378999689347	0.3482142857142857	0.44886363636363635	0.20260589084118497	0.35714285714285715	0.4631268436578171	0.2540983606557377	123.0	158.0	71.0	52.0	87.0	35.0
subimage_D1	3680	0.3301572039072039	0.3800481734243276	0.22535211267605634	0.34121621621621623	0.4031746031746032	0.25559105431309903	0.36338834050818225	0.4223875689138891	0.2790087369908775	103.0	122.0	77.0	26.0	44.0	19.0
subimage_C1	1675	0.3314917127071823	0.37910302693696196	0.2296662740478995	0.34035087719298246	0.40625	0.25	0.36004195804195804	0.42607448816611004	0.27904013113957865	104.0	125.0	76.0	27.0	47.0	20.0
subimage_B1	10623	0.3387129490283321	0.35568559909186986	0.19452054794520549	0.34974093264248707	0.4393939393939394	0.21108179419525067	0.363616339607529	0.454247258225324	0.2826551688526283	131.0	164.0	77.0	50.0	82.0	33.0
subimage_A1	1001	0.3344947735191638	0.34306569343065696	0.24041811846689895	0.3527272727272727	0.3804347826086957	0.26700251889168763	0.3953488372093023	0.40893470790378006	0.29707112970711297	108.0	123.0	82.0	26.0	39.0	10.0
subimage_H2	19599	0.3333333333333333	0.4086514057008981	0.18662952646239556	0.35036496350364965	0.448	0.20057306590257878	0.35844155844155845	0.4606413994169096	0.25	128.0	163.0	73.0	54.0	90.0	35.0
subimage_G2	8082	0.3333333333333333	0.4014607529394844	0.17687074829931973	0.3442622950819672	0.4481707317073171	0.20766773162939298	0.3560346468684561	0.47440273037542663	0.25575156204474087	111.0	145.0	67.0	44.0	77.0	33.0
subimage_F2	8017	0.3371104815864023	0.3989839024321783	0.19444444444444445	0.34402332361516036	0.4327485380116959	0.22343324250681199	0.35454545454545455	0.4554140127388535	0.25728723102254014	123.0	155.0	80.0	43.0	75.0	32.0
subimage_E2	12304	0.3346774193548387	0.39901657617489483	0.1867816091954023	0.3469387755102041	0.4438202247191011	0.20954907161803712	0.36085626911314983	0.46175637393767704	0.25396825396825395	124.0	157.0	74.0	47.0	80.0	34.0
subimage_D2	11124	0.3333333333333333	0.4	0.18584070796460178	0.34584450402144773	0.4472934472934473	0.20689655172413793	0.3557422969187675	0.4629080118694362	0.2570054299587532	121.0	156.0	72.0	47.0	81.0	35.0
subimage_C2	8166	0.3396875947831362	0.39086903066379386	0.1908831908831909	0.35149863760217986	0.43024981022703745	0.21763085399449036	0.3662399702208619	0.45204419186564315	0.26291079812206575	124.0	152.0	76.0	46.0	74.0	27.0
subimage_B2	12524	0.3386243386243386	0.39437075036425445	0.1831976671204967	0.35	0.44761904761904764	0.20266666666666666	0.36103151862464183	0.4624277456647399	0.2559649331018025	125.0	160.0	72.0	52.0	85.0	34.0
subimage_A2	1582	0.33225806451612905	0.36175233167141124	0.24068675072343945	0.34516129032258064	0.39365079365079364	0.26172647771183466	0.3621768251128716	0.4086360875933269	0.2857142857142857	106.0	122.0	81.0	26.0	41.0	16.0
subimage_H3	9073	0.33659109350389005	0.4	0.16083916083916083	0.34770114942528735	0.44510385756676557	0.2077562326869806	0.36385780746749374	0.48223350253807107	0.25507111935683363	117.0	150.0	69.0	46.0	79.0	33.0
subimage_G3	9851	0.3398430849071381	0.3934065934065934	0.16	0.3489010989010989	0.44321329639889195	0.2084507042253521	0.3627605616379044	0.4833023543990087	0.25969491562907754	122.0	155.0	73.0	50.0	84.0	33.0
subimage_F3	9795	0.33741583121352686	0.3842887473460722	0.16374919058925103	0.34782608695652173	0.4418604651162791	0.21066666666666667	0.3598844370968265	0.48500736660047394	0.26879271070615035	120.0	152.0	72.0	47.0	79.0	32.0
subimage_E3	12472	0.33771929824561403	0.4026005182293985	0.1746987951807229	0.34770114942528735	0.45507246376811594	0.19642857142857142	0.3573487031700288	0.47635135135135137	0.2536834776554544	117.0	152.0	66.0	49.0	83.0	35.0
subimage_D3	9966	0.34036343262230984	0.3757932047076097	0.16037735849056603	0.35149863760217986	0.43799472295514513	0.2123556352050976	0.3706070287539936	0.48	0.2670384929548703	126.0	158.0	76.0	50.0	81.0	32.0
subimage_C3	7703	0.33016172506738545	0.386880521439345	0.20333333333333334	0.3419354838709677	0.43376623376623374	0.2230769230769231	0.3549222797927461	0.4545186377044783	0.2725048317790329	115.0	146.0	76.0	39.0	71.0	31.0
subimage_B3	6195	0.3312883435582822	0.38577557714613553	0.19352201810670652	0.3538011695906433	0.42990654205607476	0.21846846846846846	0.36507936507936506	0.44745762711864406	0.2670107550497944	130.0	156.0	81.0	47.0	74.0	29.0
subimage_A3	1492	0.33650793650793653	0.35697940503432496	0.2406886574074074	0.34627831715210355	0.3982168406549732	0.25476496088736045	0.3628491345397325	0.410828025477707	0.28560378137074693	107.0	125.0	78.0	28.0	43.0	16.0
subimage_H4	15332	0.3382352941176471	0.40591397849462363	0.18234539969834088	0.3493975903614458	0.45027624309392267	0.199438202247191	0.35822626557931986	0.4659090909090909	0.2494689794759215	127.0	163.0	72.0	53.0	90.0	36.0
subimage_G4	8492	0.338368580060423	0.3976061388410786	0.19117647058823528	0.34710743801652894	0.4401114206128134	0.21349832979046462	0.35695837070999037	0.4570446735395189	0.25609756097560976	125.0	158.0	76.0	47.0	79.0	33.0
subimage_F4	12040	0.33766233766233766	0.4024691358024691	0.18256022663379612	0.350253807106599	0.4472934472934473	0.20147420147420148	0.36231884057971014	0.46254071661237783	0.25349000982640024	134.0	170.0	76.0	56.0	91.0	36.0
subimage_E4	10179	0.3363886572143453	0.4004848548345789	0.16269154720711815	0.3462532299741602	0.45098039215686275	0.20481927710843373	0.35661764705882354	0.48314606741573035	0.25510730065221965	111.0	145.0	66.0	45.0	79.0	33.0
subimage_D4	9657	0.3342857142857143	0.3926829268292683	0.16610169491525423	0.34527687296416937	0.4431137724550898	0.2138364779874214	0.3605298961689939	0.4802678739860403	0.26079814302294424	117.0	150.0	73.0	44.0	77.0	33.0
subimage_C4	3313	0.3333333333333333	0.38182630471330986	0.23076923076923078	0.34411764705882353	0.3994082840236686	0.25588235294117645	0.3575918121613486	0.42582607629093583	0.27423041474654375	114.0	133.0	85.0	30.0	48.0	19.0
subimage_B4	5403	0.33880692167577414	0.3833724436409116	0.17784256559766765	0.3515151515151515	0.42071197411003236	0.22905027932960895	0.3766787112315567	0.4501598002739433	0.26696733566343556	125.0	151.0	80.0	43.0	67.0	25.0
subimage_A4	3224	0.33652194211017744	0.3800551678968184	0.21905564472980205	0.34580785908588973	0.4057971014492754	0.24799977241855073	0.37424584792678794	0.4206528109398741	0.274691159002206	120.0	141.0	86.0	34.0	54.0	21.0
subimage_H5	8173	0.344311377245509	0.39502600687832196	0.17391304347826086	0.35514018691588783	0.4420485175202156	0.2032258064516129	0.3674418604651163	0.4664429530201342	0.25540536315410983	132.0	164.0	75.0	56.0	87.0	32.0
subimage_G5	13454	0.3373493975903614	0.40787351443123937	0.18156424581005587	0.3490304709141274	0.450402144772118	0.19948186528497408	0.360313315926893	0.4653179190751445	0.24711780945554934	124.0	160.0	71.0	52.0	87.0	35.0
subimage_F5	11015	0.33808712121212126	0.38716356107660455	0.15081967213114755	0.34983498349834985	0.44744744744744747	0.203125	0.36769089394940124	0.49034749034749037	0.2662337662337662	120.0	154.0	70.0	49.0	83.0	33.0
subimage_E5	6572	0.34065934065934067	0.40236834733893556	0.15916955017301038	0.35123699624093013	0.44566731258326264	0.2034383954154728	0.36774193548387096	0.47773885350318473	0.25	122.0	155.0	70.0	51.0	83.0	33.0
subimage_D5	1933	0.35661885881181976	0.34281437125748504	0.2447609383682443	0.37732919254658387	0.34796238244514105	0.2745709828393136	0.39146753955264596	0.36381709741550694	0.29953764565106056	238.0	220.0	175.0	66.0	47.0	-18.0
subimage_C5	18078	0.3405994550408719	0.4079842105263158	0.18181818181818182	0.3533834586466165	0.44871794871794873	0.19696969696969696	0.36272040302267	0.46301369863013697	0.2465437788018433	138.0	174.0	77.0	61.0	98.0	37.0
subimage_B5	3953	0.34605365379097003	0.34416543574593794	0.20881060116354236	0.3620178041543027	0.3675889328063241	0.2622641509433962	0.37880213903743315	0.43139210796538063	0.29699822266001413	183.0	185.0	130.0	49.0	53.0	-2.0
subimage_A5	9187	0.3419051489490398	0.37885148947223785	0.18134715025906736	0.35342465753424657	0.44801980198019803	0.19852941176470587	0.36153846153846153	0.46296296296296297	0.2777777777777778	135.0	171.0	75.0	57.0	92.0	35.0
subimage_H6	8740	0.3417262416481909	0.3945547026149909	0.17856636989073252	0.3518987341772152	0.43892118863049095	0.21038606202540627	0.36227544910179643	0.46552006783493494	0.2580680148345112	129.0	160.0	76.0	50.0	80.0	31.0
subimage_G6	6849	0.3390271697588771	0.3967812028136854	0.1863905325443787	0.34718100890207715	0.4428969359331476	0.21021021021021022	0.36044868107486233	0.4588607594936709	0.2568041997695248	123.0	157.0	73.0	48.0	81.0	33.0
subimage_F6	12165	0.3411764705882353	0.38492063492063494	0.1469836496899079	0.35443037974683544	0.4451219512195122	0.19936708860759494	0.3771024960969095	0.486013986013986	0.26394690237248114	128.0	158.0	70.0	53.0	85.0	31.0
subimage_E6	12415	0.3425531914893617	0.38526315789473686	0.13038885486834048	0.3561253561253561	0.4415204678362573	0.20243902439024392	0.3782991202346041	0.5019157088122606	0.26666666666666666	131.0	162.0	74.0	55.0	87.0	31.0
subimage_D6	5681	0.3354632587859425	0.38313253012048193	0.20679012345679013	0.34534534534534533	0.4221556886227545	0.23275862068965517	0.3633440514469453	0.4408284023668639	0.26879271070615035	118.0	146.0	79.0	39.0	65.0	27.0
subimage_C6	8370	0.3344262295081967	0.3608121139760751	0.19642857142857142	0.35340314136125656	0.42702702702702705	0.2222222222222222	0.37645537525354966	0.4438286901646914	0.2717440104365608	130.0	153.0	80.0	46.0	71.0	27.0
subimage_B6	6183	0.3364485981308411	0.3888888888888889	0.1871508379888268	0.3487179487179487	0.4412532637075718	0.21	0.3611920083555136	0.46017699115044247	0.26393887234307584	126.0	161.0	74.0	50.0	82.0	34.0
subimage_A6	2539	0.3313012917933131	0.3746839705161144	0.22830553901131626	0.35103244837758113	0.3972602739726027	0.25357142857142856	0.36551904204555685	0.4126984126984127	0.2869937010879939	124.0	141.0	89.0	34.0	48.0	18.0
subimage_H7	3912	0.3246753246753247	0.34066295347003156	0.22364217252396165	0.3497021170963509	0.39943342776203966	0.26053639846743293	0.3733528138528138	0.4154351762960377	0.2995352164316987	117.0	136.0	87.0	33.0	44.0	18.0
subimage_G7	7688	0.3351604308347234	0.392444161385521	0.19295146834477497	0.352369136240104	0.4265927977839335	0.22392638036809817	0.3690669160432253	0.44327176781002636	0.2622582988419248	127.0	153.0	79.0	46.0	70.0	27.0
subimage_F7	4309	0.33897388015035074	0.38246175637393764	0.20066229537053337	0.35	0.40797546012269936	0.24188790560471976	0.3769968051118211	0.4408681021608031	0.2714580265095729	116.0	136.0	79.0	36.0	55.0	19.0
subimage_E7	7550	0.3372093023255814	0.3836593129588401	0.1956521739130435	0.3504043126684636	0.4301369863013699	0.21899736147757257	0.3690987992798982	0.44566882645028455	0.2689737452315057	124.0	151.0	77.0	46.0	73.0	28.0
subimage_D7	15498	0.34111945178605485	0.40375586854460094	0.1753828932261768	0.3523035230352303	0.44878048780487806	0.19633507853403143	0.36363636363636365	0.47131851532153646	0.24863826305484935	130.0	166.0	73.0	56.0	90.0	35.0
subimage_C7	15633	0.33855146290491117	0.3987465623016712	0.17784256559766765	0.3501259445843829	0.4525993883792049	0.195906432748538	0.3609943115405595	0.46956521739130436	0.25549121537145486	128.0	165.0	71.0	55.0	93.0	37.0
subimage_B7	6338	0.34223139158576055	0.37891973416782265	0.20218579234972678	0.3522727272727273	0.4154727793696275	0.2320952279882557	0.3746130030959752	0.44108761329305135	0.2671802083011404	127.0	150.0	82.0	43.0	65.0	22.0
subimage_A7	5427	0.33876002433493724	0.3471223021582734	0.19548641334451708	0.35013262599469497	0.42276422764227645	0.2289855072463768	0.37091988130563797	0.44691166201117316	0.2979452054794521	130.0	158.0	85.0	43.0	71.0	27.0
subimage_H8	16532	0.3345070422535211	0.40719018932874357	0.18155619596541786	0.3485714285714286	0.4502923976608187	0.20048316226199298	0.3589041095890411	0.4666666666666667	0.2513717348633549	126.0	161.0	72.0	51.0	88.0	36.0
subimage_G8	15359	0.3377609108159393	0.3940807246146512	0.18205737094919155	0.34986945169712796	0.44857142857142857	0.20116618075801748	0.35945945945945945	0.46551724137931033	0.2618641004789012	129.0	165.0	73.0	54.0	90.0	35.0
subimage_F8	10983	0.334384858044164	0.4042101495686245	0.1839080459770115	0.3477157360406091	0.44727272727272727	0.20569620253164558	0.35988200589970504	0.4632768361581921	0.2537563912858754	120.0	154.0	70.0	48.0	80.0	34.0
subimage_E8	13438	0.33532934131736525	0.3883897425249169	0.18181818181818182	0.34824281150159747	0.4467455621301775	0.206200128137923	0.36271186440677966	0.4628099173553719	0.2632850241545894	125.0	155.0	74.0	46.0	80.0	34.0
subimage_D8	9734	0.33986928104575165	0.3842760414111182	0.16279069767441862	0.3505929224279353	0.4383561643835616	0.21246458923512748	0.37026239067055394	0.47305389221556887	0.2675438596491228	125.0	157.0	75.0	48.0	79.0	31.0
subimage_C8	14155	0.33852140077821014	0.3903261827799001	0.1742857142857143	0.35	0.45408163265306123	0.19631901840490798	0.3611940298507463	0.47126436781609193	0.26265060240963856	124.0	160.0	68.0	52.0	87.0	36.0
subimage_B8	7528	0.3392226148409894	0.3873878509661578	0.18891149870801033	0.34782608695652173	0.43455497382198954	0.21700879765395895	0.3628571428571429	0.4584527220630373	0.26245295698924725	126.0	160.0	78.0	48.0	80.0	32.0
subimage_A8	15548	0.34	0.3888888888888889	0.1796875	0.35294117647058826	0.453125	0.1928374655647383	0.3620253164556962	0.46571067560598245	0.2623160992013451	131.0	168.0	72.0	59.0	97.0	37.0
subimage_H9	2996	0.32730506771053747	0.3786407766990291	0.23996621621621622	0.3426294820717131	0.39076923076923076	0.266025641025641	0.3569253460403903	0.4156378600823045	0.2831458577673526	106.0	121.0	82.0	24.0	39.0	15.0
subimage_G9	2240	0.3395061728395062	0.34899230451297997	0.24381625441696114	0.3503184713375796	0.38650306748466257	0.2633094657981536	0.38342163699403947	0.40060287019638186	0.28717229112636516	115.0	127.0	86.0	29.0	40.0	12.0
subimage_F9	4053	0.3345648293395359	0.35853131749460043	0.23840933542994291	0.35149863760217986	0.391812865497076	0.25824175824175827	0.3832207522283065	0.4086609851220569	0.2811650898267248	120.0	132.0	88.0	31.0	44.0	14.0
subimage_E9	4509	0.3301095344784665	0.3746046429239202	0.2280968581148689	0.34831460674157305	0.39171974522292996	0.26047904191616766	0.3756005954425741	0.41036984138916033	0.2822822822822823	107.0	121.0	82.0	28.0	40.0	14.0
subimage_D9	6587	0.33891217584885985	0.37142857142857144	0.18867924528301888	0.3485714285714286	0.4301994301994302	0.22028985507246376	0.3701041448607913	0.45645645645645644	0.27231836384439356	122.0	152.0	76.0	45.0	73.0	29.0
subimage_C9	17923	0.3387542702788591	0.40239830800255766	0.1793478260869565	0.3524804177545692	0.4509283819628647	0.19572953736654805	0.3626373626373626	0.4657858687815428	0.25129400823701337	133.0	170.0	73.0	58.0	95.0	36.0
subimage_B9	9599	0.3397790055248619	0.3928495602062481	0.1830601092896175	0.3516483516483517	0.4470588235294118	0.20170454545454544	0.363354969876709	0.4605263157894737	0.25727725847258626	130.0	165.0	73.0	55.0	89.0	35.0
subimage_A9	10239	0.3363914373088685	0.3935643564356436	0.18072289156626506	0.34794520547945207	0.4490861618798956	0.20363636363636364	0.36182336182336183	0.46607669616519176	0.2607655502392344	122.0	156.0	70.0	49.0	83.0	34.0
subimage_H10	2328	0.3380025965850972	0.3409090909090909	0.23529411764705882	0.347953216374269	0.40059347181008903	0.25301204819277107	0.38051448846836194	0.410225988700565	0.29671335998660175	116.0	133.0	84.0	32.0	49.0	18.0
subimage_G10	10648	0.339477082928724	0.4	0.17933130699088146	0.3516483516483517	0.44545454545454544	0.2029375809003308	0.36180509288013096	0.463768115942029	0.25327426160337546	125.0	159.0	71.0	53.0	84.0	33.0
subimage_F10	3423	0.33239515304115197	0.3626694300518135	0.23741488414619474	0.34935897435897434	0.3888888888888889	0.2619718309859155	0.37142163661581135	0.41214444781860504	0.2797599908130455	111.0	124.0	83.0	28.0	41.0	12.0
subimage_E10	4177	0.34004610951008646	0.37764849290780145	0.22580645161290322	0.3502994011976048	0.39714285714285713	0.25245901639344265	0.36737152692402264	0.42244224422442245	0.27018806553746605	117.0	133.0	84.0	33.0	49.0	16.0
subimage_D10	6787	0.3427009396821748	0.36625705650909507	0.19402985074626866	0.35359116022099446	0.4269340974212034	0.22010869565217392	0.3695090439276486	0.44846796657381616	0.2778512917454316	128.0	156.0	79.0	48.0	74.0	27.0
subimage_C10	8176	0.3408503653499947	0.3890052660360054	0.18435754189944134	0.3521505376344086	0.44041450777202074	0.20762630620266515	0.36578171091445427	0.4568245125348189	0.26059387290906505	128.0	160.0	75.0	52.0	83.0	32.0
subimage_B10	7483	0.335228900755405	0.3808522474410325	0.21241830065359477	0.34579439252336447	0.42105263157894735	0.23157894736842105	0.3615543522709646	0.43902439024390244	0.27170762644680513	116.0	141.0	77.0	38.0	64.0	25.0
subimage_A10	9803	0.3389261744966443	0.38274653851039503	0.1909814323607427	0.3504273504273504	0.4371859296482412	0.21339950372208435	0.3611111111111111	0.45454545454545453	0.26956521739130435	129.0	161.0	77.0	50.0	80.0	32.0
subimage_H11	7959	0.3397790055248619	0.34814683244523387	0.2056338028169014	0.3504043126684636	0.42441860465116277	0.22580645161290322	0.36948947924178427	0.438953488372093	0.2835501927184347	124.0	151.0	79.0	44.0	68.0	26.0
subimage_G11	9122	0.3347739173321301	0.3764742193173566	0.18315183315183314	0.3457501872164222	0.4395973154362416	0.21606648199445982	0.3633217993079585	0.46089762496664266	0.2752637656058309	114.5	146.0	71.0	43.0	75.0	31.0
subimage_F11	3661	0.33810888252148996	0.375	0.2222222222222222	0.3477088948787062	0.40285714285714286	0.24793388429752067	0.3745583038869258	0.4253246753246753	0.271505376344086	117.0	137.0	84.0	34.0	52.0	19.0
subimage_E11	6038	0.34554973821989526	0.3806405856783345	0.2	0.360381861575179	0.41812865497076024	0.22332506203473945	0.376025213847123	0.4342105263157895	0.2648914742738406	133.0	153.0	82.0	49.0	67.0	23.0
subimage_D11	8654	0.33881578947368424	0.38951291726272663	0.17828277721604316	0.34782608695652173	0.4428770393951452	0.20869565217391303	0.3607648573267539	0.4722222222222222	0.2641509433962264	115.0	147.0	69.0	46.0	78.0	31.0
subimage_C11	4892	0.336283185840708	0.3687161144578313	0.22122791424262012	0.3482142857142857	0.40117994100294985	0.25	0.3717046083145398	0.43001535836177474	0.27358490566037735	113.0	131.0	81.0	32.0	50.0	18.0
subimage_B11	15181	0.3418013856812933	0.40054495912806537	0.17507418397626112	0.3542234332425068	0.44974874371859297	0.19505494505494506	0.36432160804020103	0.4659090909090909	0.25	131.0	165.0	72.0	57.0	93.0	35.0
subimage_A11	2170	0.3363914373088685	0.34010008245549084	0.23560041407867494	0.34797297297297297	0.3980263157894737	0.25668582375478927	0.366506520247083	0.4111111111111111	0.3025527468152866	105.0	121.0	77.0	29.0	42.0	16.0
subimage_H12	2774	0.33447098976109213	0.37790697674418605	0.23541745730550284	0.3485342019543974	0.39285714285714285	0.25835866261398177	0.3605015673981191	0.4169419753768012	0.2813718854965659	112.0	127.0	83.0	29.0	43.0	14.0
subimage_G12	8872	0.33554817275747506	0.39413222045574986	0.18787878787878787	0.3484848484848485	0.4420485175202156	0.21069182389937108	0.35833333333333334	0.4588235294117647	0.2610724199532774	119.0	152.0	70.0	48.0	79.0	32.0
subimage_F12	1700	0.3571369539551358	0.34369632204374734	0.25982905982905985	0.3743801381933231	0.3481848184818482	0.27763717679779387	0.3870492079541624	0.3540418257450567	0.2980793801598742	229.0	213.0	170.0	59.0	43.0	-16.0
subimage_E12	5229	0.33629372102823435	0.37978608576194683	0.19622619188453802	0.35294117647058826	0.4132231404958678	0.23480662983425415	0.3823169634826407	0.43309859154929575	0.2726218708827403	119.0	136.0	79.0	40.0	59.0	21.0
subimage_D12	17535	0.3411764705882353	0.39180461934972244	0.1753846153846154	0.35398230088495575	0.4517133956386293	0.19327731092436976	0.36615384615384616	0.46706586826347307	0.2595936794582393	123.0	156.0	67.0	54.0	87.0	33.0
subimage_C12	12953	0.3394495412844037	0.4	0.1691842900302115	0.3515151515151515	0.45251396648044695	0.19536423841059603	0.3633879781420765	0.47058823529411764	0.25459639630935704	119.0	153.0	66.0	51.0	86.0	33.0
subimage_B12	8956	0.3378956472953387	0.3842696629213483	0.14553990610328638	0.3475609756097561	0.45454545454545453	0.19852941176470587	0.36216831866034604	0.497737556561086	0.2647814910025707	106.0	139.0	61.0	44.0	75.0	31.0
subimage_A12	17258	0.34017595307917886	0.38916081884933545	0.17218543046357615	0.3539325842696629	0.45098039215686275	0.19428571428571428	0.3630978111705777	0.46855345911949686	0.26221741267200954	122.0	155.0	68.0	55.0	90.0	33.0