subimage	all_plant_pixels	ratio_r_q5	ratio_g_q5	ratio_b_q5	ratio_r_median	ratio_g_median	ratio_b_median	ratio_r_q95	ratio_g_q95	ratio_b_q95	pix_r_median	pix_g_median	pix_b_median	diff_rb_median	diff_gb_median	diff_gr_median
subimage_H1	2996	0.34410974067046174	0.3836141961251445	0.2121942901685667	0.3504531722054381	0.41714285714285715	0.23249299719887956	0.36274826686877243	0.4319856341328072	0.26536790991767295	118.0	140.0	78.0	39.0	61.0	22.0
subimage_G1	11527	0.3355048859934853	0.394119488855404	0.18354430379746836	0.3471337579617834	0.44694533762057875	0.20512820512820512	0.3614278897769294	0.46394984326018807	0.25833333333333336	110.0	142.0	65.0	45.0	76.0	31.0
subimage_F1	6471	0.34096692111959287	0.391304347826087	0.2022792022792023	0.3502415458937198	0.4327485380116959	0.21637426900584794	0.36096908830050867	0.44410407010564634	0.26281337445034547	121.0	149.0	75.0	46.0	74.0	28.0
subimage_E1	1925	0.3365695792880259	0.3473752563226248	0.2534439513795099	0.34519572953736655	0.38412698412698415	0.2706270627062706	0.374934036939314	0.3939186384391864	0.29196165191740414	104.0	117.0	82.0	23.0	34.0	12.0
subimage_D1	9997	0.34	0.38875305623471884	0.16544117647058823	0.35014005602240894	0.43283582089552236	0.2177650429799427	0.3663003663003663	0.4763636363636364	0.2624737532808399	117.0	144.0	74.0	45.0	74.0	28.0
subimage_C1	5093	0.34419756660474615	0.390051623486274	0.20359281437125748	0.35054347826086957	0.42857142857142855	0.22157434402332363	0.3590504451038576	0.4413913913913914	0.26080715623049716	124.0	151.0	78.0	46.0	73.0	27.0
subimage_B1	3396	0.3302107212131899	0.3805774278215223	0.21794871794871795	0.34191176470588236	0.4105263157894737	0.24496644295302014	0.358695652173913	0.4359861591695502	0.2798853625301052	105.0	128.0	75.0	31.0	51.0	21.0
subimage_A1	2069	0.3343199971725454	0.3633862591997609	0.2560893583439568	0.34560906515580736	0.38461538461538464	0.2691029900332226	0.36244217110835997	0.4013605442176871	0.2825873304134174	109.0	122.0	85.0	24.0	37.0	12.0
subimage_H2	11702	0.3344262295081967	0.4	0.18446601941747573	0.3458904109589041	0.4490566037735849	0.20440251572327045	0.3581656810746002	0.46474358974358976	0.2576661625002124	108.0	141.0	63.0	42.0	74.0	31.0
subimage_G2	15467	0.33557729496075533	0.403184836528643	0.18119168440006547	0.3492537313432836	0.4424778761061947	0.20666666666666667	0.36282376429958985	0.4646153846153846	0.2558139534883721	116.0	148.0	68.0	47.0	78.0	31.0
subimage_F2	8359	0.33915211970074816	0.3916256157635468	0.18787878787878787	0.35051546391752575	0.4378531073446328	0.21203438395415472	0.3638814016172507	0.45645645645645644	0.26340440047757124	122.0	152.0	73.0	48.0	78.0	30.0
subimage_E2	1759	0.35563380281690143	0.34210526315789475	0.2693239970092721	0.3684210526315789	0.34557595993322204	0.28596187175043325	0.38240574506283664	0.3514528626775721	0.3008849557522124	212.0	198.0	166.0	47.0	34.0	-13.0
subimage_D2	13203	0.3374620685416651	0.39851485148514854	0.1858463807578852	0.3515151515151515	0.4444444444444444	0.20277777777777778	0.36363636363636365	0.4590643274853801	0.2560646900269542	123.0	155.0	71.0	51.0	84.0	32.0
subimage_C2	6849	0.34210526315789475	0.3911301492843585	0.1821561338289963	0.3495440729483283	0.4289940828402367	0.2225609756097561	0.37050359712230213	0.45054945054945056	0.25703627032388837	113.0	139.0	72.0	41.0	67.0	25.0
subimage_B2	2414	0.3310580204778157	0.36909955257270693	0.2190924014541781	0.3605701516793066	0.4024729579941138	0.24169184290030213	0.37589872270723335	0.4203713558730106	0.27330645741847237	140.0	156.0	90.0	48.0	58.0	17.0
subimage_A2	2983	0.33788220731090596	0.3593487346180636	0.2236842105263158	0.35751295336787564	0.39634146341463417	0.24664879356568364	0.3794037940379404	0.4114249547920434	0.27860142186005904	131.0	145.0	89.0	41.0	54.0	15.0
subimage_H3	8502	0.3398876404494382	0.3937007874015748	0.1672473867595819	0.35034013605442177	0.43731778425655976	0.21282798833819241	0.36462093862815886	0.47330960854092524	0.2585208728934251	116.0	145.0	71.0	46.0	75.0	29.0
subimage_G3	3745	0.3343465045592705	0.37684709328028293	0.19555555555555557	0.34545454545454546	0.4233128834355828	0.23344947735191637	0.36623488445710667	0.4444444444444444	0.2766497461928934	108.0	133.0	74.0	34.0	56.0	22.0
subimage_F3	5370	0.3384146341463415	0.38483493471298347	0.17704918032786884	0.35380476169949854	0.41964285714285715	0.228486646884273	0.3812614966555184	0.4478114478114478	0.26823529411764707	119.0	141.0	76.0	42.0	64.0	22.0
subimage_E3	1858	0.33897451939483564	0.3565484564542245	0.25796178343949044	0.35646687697160884	0.37261146496815284	0.27070063694267515	0.3641534391534391	0.3979933110367893	0.284849326482433	109.0	115.0	83.0	26.0	31.0	5.0
subimage_D3	8703	0.33811302317107506	0.3862720179362243	0.16608996539792387	0.35195530726256985	0.43454038997214484	0.21543408360128619	0.36740562039512287	0.47278911564625853	0.2655042081297485	119.0	148.0	73.0	47.0	75.0	29.0
subimage_C3	8304	0.34049079754601225	0.38789491816425886	0.1881720430107527	0.35368956743002544	0.43882978723404253	0.20909090909090908	0.36578947368421055	0.4517225265871737	0.2648305084745763	131.0	161.0	75.0	52.0	81.0	31.0
subimage_B3	5762	0.3392330383480826	0.37443356606646017	0.1760299625468165	0.3510204081632653	0.4253968253968254	0.2260061919504644	0.37407266044670623	0.46096654275092935	0.2742661175957238	109.0	132.0	71.0	39.0	62.0	23.0
subimage_A3	2878	0.3333333333333333	0.3446597107311393	0.23749505277044855	0.3569551270996447	0.3838383838383838	0.2614942528735632	0.4033898305084746	0.40051220750080135	0.2895779101661454	119.0	123.0	84.0	32.0	37.0	10.0
subimage_H4	10015	0.34309289593163	0.38148984198645597	0.17073170731707318	0.35714285714285715	0.43304843304843305	0.2113564668769716	0.3742690058479532	0.46254071661237783	0.26851851851851855	128.0	151.0	73.0	49.0	76.0	26.0
subimage_G4	6183	0.3388888888888889	0.3865831164981391	0.2251655629139073	0.34818941504178275	0.40728476821192056	0.2440677966101695	0.360291641909289	0.4222972972972973	0.26773939547879094	110.0	129.0	77.0	33.0	52.0	19.0
subimage_F4	3347	0.3289167686658507	0.3805031446540881	0.2515527950310559	0.3432343234323432	0.39228295819935693	0.2647058823529412	0.35275443314564253	0.4070175438596491	0.27848101265822783	109.0	123.0	83.0	25.0	40.0	16.0
subimage_E4	2171	0.3344594594594595	0.36	0.2476339752201821	0.3557422969187675	0.3834355828220859	0.2621951219512195	0.37037037037037035	0.3950992532552816	0.28376040400261854	115.0	123.0	84.0	31.0	39.0	10.0
subimage_D4	13180	0.3353658536585366	0.3885954448876132	0.16375996627276898	0.3447098976109215	0.4380165289256198	0.21993127147766323	0.36721311475409835	0.476035551206784	0.2649164677804296	112.0	142.0	69.0	40.0	69.0	29.0
subimage_C4	5034	0.3464566929133858	0.37339055793991416	0.18181818181818182	0.35995689655172414	0.42016806722689076	0.22126436781609196	0.3790849673202614	0.44552392739273927	0.27134248925150917	129.0	150.0	78.0	49.0	71.0	21.0
subimage_B4	4583	0.339041095890411	0.383865398208554	0.18605384784681975	0.3501259445843829	0.42613636363636365	0.2235294117647059	0.3664336390052455	0.45714285714285713	0.2700679817601764	115.0	141.0	74.0	42.0	67.0	25.0
subimage_A4	2665	0.3409221151341495	0.36	0.21411813992459156	0.35410764872521244	0.396969696969697	0.24926686217008798	0.3796112944627796	0.42071197411003236	0.2792141868284	122.0	138.0	85.0	36.0	51.0	15.0
subimage_H5	7566	0.3352272727272727	0.38824350969438054	0.17777777777777778	0.34615384615384615	0.42295081967213116	0.2316280325689598	0.36853383458646616	0.46425202156334233	0.26529258918421483	109.0	133.0	73.0	37.0	61.0	25.0
subimage_G5	12410	0.3356401384083045	0.3969465648854962	0.18661971830985916	0.346031746031746	0.44266666666666665	0.2098226649394738	0.3649025069637883	0.4608150470219436	0.2582224995542877	110.0	142.0	66.0	43.0	73.0	30.0
subimage_F5	11132	0.336283185840708	0.3842364532019704	0.15476190476190477	0.3453530850438067	0.4281437125748503	0.22857142857142856	0.37142857142857144	0.47388059701492535	0.2660098522167488	117.0	144.0	77.0	39.0	67.0	28.0
subimage_E5	9464	0.34310850439882695	0.375	0.1705685618729097	0.3547486033519553	0.4349112426035503	0.2125748502994012	0.3700980392156863	0.46474358974358976	0.27111111111111114	126.0	154.0	75.0	50.0	78.0	28.0
subimage_D5	7127	0.343042071197411	0.39429928741092635	0.2	0.3504273504273504	0.4349112426035503	0.21468926553672316	0.3578252047908181	0.44789749488752556	0.25739402859289023	120.0	149.0	73.0	46.0	75.0	29.0
subimage_C5	13670	0.3363431151241535	0.4009714987656946	0.18950437317784258	0.3489736070381232	0.4423676012461059	0.20689655172413793	0.3649425287356322	0.4574780058651026	0.256517343874949	117.0	148.0	69.0	46.0	78.0	31.0
subimage_B5	7806	0.3384714768435699	0.37905671866844515	0.18255520620064347	0.3480825958702065	0.43597560975609756	0.2168479744219597	0.3627760252365931	0.4602076124567474	0.27549141106406416	112.0	141.0	70.0	43.0	71.0	28.0
subimage_A5	2667	0.3365790976584809	0.38153846153846155	0.22388059701492538	0.3503184713375796	0.3967741935483871	0.2525597269624573	0.37045537340619306	0.41110584892256685	0.2747443150908498	105.0	119.0	76.0	30.0	43.0	15.0
subimage_H6	11460	0.3359989417989418	0.3956030456030456	0.19076923076923077	0.345821325648415	0.4430379746835443	0.2116564417177914	0.35782747603833864	0.45918367346938777	0.2619047619047619	111.0	142.0	66.0	42.0	72.0	31.0
subimage_G6	11076	0.3389423076923077	0.39690721649484534	0.19420289855072465	0.34861218105843084	0.43636363636363634	0.21491254330068854	0.36126032745210784	0.452991452991453	0.25991247997478795	121.0	152.0	73.0	45.0	74.0	30.0
subimage_F6	3891	0.3371320346320346	0.3523377366340753	0.23391812865497075	0.36257309941520466	0.38235294117647056	0.25308641975308643	0.38107106498150123	0.40519625397242043	0.2868697820665727	121.0	129.0	83.0	37.0	43.0	6.0
subimage_E6	1104	0.35438741083477926	0.3409090909090909	0.29264214046822745	0.35772357723577236	0.3431542461005199	0.2990353697749196	0.3625	0.34647965316513823	0.30363036303630364	216.0	207.0	181.0	35.0	27.0	-9.0
subimage_D6	6181	0.3392857142857143	0.390745501285347	0.19557195571955718	0.34782608695652173	0.43425076452599387	0.21806853582554517	0.35833333333333334	0.4511784511784512	0.26260504201680673	115.0	143.0	72.0	43.0	71.0	28.0
subimage_C6	624	0.3342977849018638	0.34492129629629625	0.2576622200263505	0.34654631083202514	0.37865862364363223	0.27923303111982356	0.37962235796005434	0.3870967741935484	0.2971352613794474	109.0	122.0	89.0	21.0	31.0	10.5
subimage_B6	3367	0.3387782873307046	0.37045113879696323	0.21905498281786942	0.3626666666666667	0.4027027027027027	0.233983286908078	0.3795177956371986	0.42057452191997835	0.2727272727272727	138.0	154.0	89.0	49.0	64.0	16.0
subimage_A6	1914	0.35374149659863946	0.3438101238701524	0.2431664922683409	0.3739130434782609	0.359375	0.26135136461810327	0.3938203606970775	0.39296187683284456	0.29356154760618175	159.0	151.0	110.0	46.0	42.0	-7.0
subimage_H7	9245	0.337037037037037	0.3952254641909814	0.19003115264797507	0.3465346534653465	0.44256756756756754	0.21052631578947367	0.35691318327974275	0.4580152671755725	0.26063528419022364	112.0	143.0	67.0	43.0	73.0	30.0
subimage_G7	3097	0.3569860656770722	0.34335021097046414	0.24574209245742093	0.3759213759213759	0.3525046382189239	0.26746506986027946	0.38733705772811916	0.3771712158808933	0.29813721542512	202.0	189.0	144.0	55.0	45.0	-11.0
subimage_F7	8975	0.34502923976608185	0.3456998313659359	0.18997361477572558	0.3567567567567568	0.43112244897959184	0.21246458923512748	0.37250969155570535	0.44959128065395093	0.2919887058405033	134.0	162.0	78.0	53.0	80.0	28.0
subimage_E7	2028	0.3570219966159052	0.34295415959252973	0.2700322829716857	0.37053438630497154	0.3467600700525394	0.282793867120954	0.38095238095238093	0.34978415872018814	0.2983050847457627	213.0	199.0	162.0	50.0	37.0	-14.0
subimage_D7	6204	0.3391812865497076	0.3922077922077922	0.19682539682539682	0.34946236559139787	0.4383954154727794	0.2123076923076923	0.35737704918032787	0.4512987012987013	0.26126126126126126	117.0	147.0	72.0	46.0	76.0	30.0
subimage_C7	3620	0.33783783783783783	0.3649081364829397	0.23015873015873015	0.36065573770491804	0.39213106295149636	0.2476489028213166	0.37762423746466295	0.4087848461669216	0.2777777777777778	125.0	137.0	85.0	38.0	48.0	12.0
subimage_B7	807	0.3536231884057971	0.34306569343065696	0.24653156904475496	0.3598130841121495	0.35883905013192613	0.2781456953642384	0.3977332083305431	0.375	0.29764453961456105	126.0	124.0	93.0	29.0	29.0	-1.0
subimage_A7	1842	0.34628283704868834	0.3568186824189027	0.22842980732492768	0.3612898498594514	0.3870967741935484	0.25	0.38481877316612206	0.4119170984455959	0.27569260994072853	141.0	152.0	96.0	44.0	52.0	10.0
subimage_H8	11334	0.3408220153253027	0.39267015706806285	0.16299314988970162	0.35507246376811596	0.4434782608695652	0.20069204152249134	0.36950146627565983	0.4728682170542636	0.2591575105080746	117.0	146.0	65.0	48.0	76.0	28.0
subimage_G8	3937	0.3333333333333333	0.381127158748694	0.24522292993630573	0.344311377245509	0.3945578231292517	0.2607260726072607	0.35782747603833864	0.4094488188976378	0.27674696959805006	107.0	122.0	81.0	25.0	40.0	16.0
subimage_F8	5651	0.3395061728395062	0.37279136373650584	0.16987179487179488	0.3522727272727273	0.43613707165109034	0.21597633136094674	0.3746080888495749	0.46153846153846156	0.2691094676632628	115.0	143.0	71.0	44.0	72.0	28.0
subimage_E8	1212	0.3544012418952491	0.3403922346459564	0.2929646786334684	0.3579277864992151	0.3424657534246575	0.2992248062015504	0.3637871498248607	0.3450922283975839	0.30434782608695654	227.0	217.0	189.0	37.0	27.0	-10.0
subimage_D8	8186	0.3375	0.3928796329614969	0.18725472641270124	0.3507246376811594	0.43478260869565216	0.21329639889196675	0.36267191927569287	0.46124031007751937	0.2625155959598051	118.0	144.0	71.0	44.0	72.0	27.0
subimage_C8	5005	0.3345323741007194	0.37965260545905705	0.21455082587974147	0.3602693602693603	0.4073107049608355	0.23236514522821577	0.37797919895770155	0.4240506329113924	0.2681243764549385	134.0	150.0	85.0	47.0	64.0	17.0
subimage_B8	1877	0.33967056004791857	0.325536886613998	0.2585972319962468	0.3470790378006873	0.3814102564102564	0.2721518987341772	0.38030378348522503	0.39034025629695096	0.3	105.0	116.0	82.0	23.0	34.0	11.0
subimage_A8	2717	0.3445378151260504	0.3499005964214712	0.22375690607734808	0.3644067796610169	0.38764044943820225	0.2471264367816092	0.3879668049792531	0.4152046783625731	0.2806709209471004	139.0	151.0	94.0	44.0	54.0	9.0
subimage_H9	5329	0.3380281690140845	0.3818615751789976	0.17546183339142557	0.3512658227848101	0.4297994269340974	0.22028985507246376	0.3639240506329114	0.46503496503496505	0.2710526315789474	117.0	144.0	75.0	44.0	71.0	27.0
subimage_G9	7273	0.34210526315789475	0.3831089167359863	0.16831683168316833	0.35	0.42857142857142855	0.2222222222222222	0.3786127167630058	0.45592705167173253	0.2642369020501139	125.0	152.0	78.0	45.0	73.0	27.0
subimage_F9	15082	0.3373134328358209	0.4021192776627559	0.18429003021148035	0.3488372093023256	0.4444444444444444	0.2057142857142857	0.3646723646723647	0.46325878594249204	0.25549350284751743	117.0	149.0	68.0	48.0	79.0	31.0
subimage_E9	6448	0.3462603878116344	0.3773987206823028	0.17080745341614906	0.35750858460973883	0.4246575342465753	0.21808510638297873	0.37888198757763975	0.45483870967741935	0.2688501724487725	132.0	157.0	81.0	51.0	77.0	24.0
subimage_D9	13374	0.3376324686841814	0.39657899152613474	0.1887905604719764	0.3485254691689008	0.44135802469135804	0.20846905537459284	0.3644067796610169	0.45878136200716846	0.259161713399664	118.0	149.0	70.0	47.0	77.0	31.0
subimage_C9	5093	0.3373860182370821	0.3888320545609548	0.19672131147540983	0.34935897435897434	0.42394822006472493	0.22478386167146974	0.36656891495601174	0.4521788484580942	0.2652544800189288	116.0	140.0	73.0	42.0	66.0	25.0
subimage_B9	11874	0.3344155844155844	0.39687857961053835	0.18701203996772792	0.34591194968553457	0.4430769230769231	0.21220930232558138	0.3597560975609756	0.46153846153846156	0.2574691734417344	108.0	139.0	65.0	42.0	72.0	30.0
subimage_A9	2670	0.3343558282208589	0.36622418757712877	0.2468652282676673	0.34525748410113233	0.3890577507598784	0.2646048109965636	0.36757931844888364	0.40327868852459015	0.28313253012048195	108.0	123.0	83.0	25.0	40.0	14.0
subimage_H10	12503	0.3382899628252788	0.4028985507246377	0.18541033434650456	0.3515151515151515	0.44673539518900346	0.2005813953488372	0.36082474226804123	0.459214501510574	0.2521892014519056	117.0	150.0	66.0	50.0	83.0	31.0
subimage_G10	6385	0.33641975308641975	0.3879866803278688	0.2083585095669688	0.3449367088607595	0.4323529411764706	0.22291021671826625	0.3575240960499192	0.44332646048109964	0.2657495928728805	112.0	141.0	73.0	40.0	68.0	28.0
subimage_F10	3862	0.3488404037822643	0.3514981037831838	0.20115026306088937	0.3601036269430052	0.4044554728425696	0.22371967654986524	0.4023809523809524	0.4342857142857143	0.2884528759528759	149.0	163.0	89.0	52.0	72.0	15.0
subimage_E10	2650	0.3398775427774106	0.378257526741675	0.2188679245283019	0.3504823151125402	0.4	0.2482758620689655	0.3679844155844156	0.4296175959352855	0.274799291954548	109.0	124.0	77.0	32.0	47.0	15.0
subimage_D10	11582	0.3355048859934853	0.39782162843163105	0.1831831831831832	0.34872979214780603	0.4444444444444444	0.20632646563878654	0.36164383561643837	0.4625	0.25925925925925924	117.0	148.0	68.0	46.0	78.0	31.0
subimage_C10	8342	0.3384615384615385	0.3878504672897196	0.18808777429467086	0.35149863760217986	0.4378698224852071	0.21114369501466276	0.3634085213032581	0.456973293768546	0.2649748638458316	120.0	151.0	71.0	48.0	76.0	29.0
subimage_B10	2180	0.3450284516322252	0.357307848898525	0.22395444651741295	0.3588312897718454	0.39893617021276595	0.2421479963852845	0.3742554996957956	0.4142875411033979	0.28133528339739955	137.0	154.0	93.0	44.0	59.0	15.0
subimage_A10	2210	0.33962264150943394	0.381476278887966	0.21405750798722045	0.35260115606936415	0.41420118343195267	0.23372781065088757	0.3624855398457583	0.42990654205607476	0.2744013880855986	118.0	139.0	78.0	40.0	61.0	21.0
subimage_H11	14941	0.3375	0.40274599542334094	0.1875	0.3505747126436782	0.44692737430167595	0.20202020202020202	0.3597122302158273	0.45874587458745875	0.2526595744680851	116.0	147.0	66.0	47.0	80.0	31.0
subimage_G11	6493	0.34195402298850575	0.37354988399071926	0.1861596612385256	0.35331230283911674	0.4273255813953488	0.21813031161473087	0.3746397694524496	0.4478914671672698	0.2752560447682399	122.0	148.0	75.0	46.0	73.0	24.0
subimage_F11	2875	0.32996632996632996	0.3745819397993311	0.24906642351125763	0.3487654320987654	0.38769230769230767	0.26498422712933756	0.35885284031882914	0.40441176470588236	0.28200874954429456	111.0	123.0	84.0	26.0	38.0	13.0
subimage_E11	3409	0.3543222115221209	0.3465160075329567	0.21722384277674653	0.3788300835654596	0.3786407766990291	0.23978201634877383	0.4043062200956938	0.39617486338797814	0.2953225345946666	153.0	150.0	93.0	54.0	54.0	-3.0
subimage_D11	6299	0.3395638629283489	0.39197375767727527	0.1955128205128205	0.3483483483483483	0.42378048780487804	0.2275449101796407	0.3628147128245475	0.45139106583072097	0.26001010101010097	115.0	141.0	75.0	40.0	66.0	25.0
subimage_C11	12454	0.3395638629283489	0.38642297650130547	0.18072289156626506	0.35572139303482586	0.4470198675496689	0.19718309859154928	0.3654390934844193	0.4604105571847507	0.25994912379875634	124.0	157.0	68.0	56.0	88.0	32.0
subimage_B11	2967	0.34093144560357674	0.3576651941408975	0.23218997361477572	0.36519607843137253	0.3855072463768116	0.2508038585209003	0.38005390835579517	0.4057507987220447	0.2806137408023456	142.0	150.0	95.0	44.0	50.0	7.0
subimage_A11	2219	0.3388704318936877	0.36132119514472455	0.256386514719848	0.34507042253521125	0.3837638376383764	0.27102803738317754	0.3615611719516182	0.3958333333333333	0.281786941580756	100.0	111.0	78.0	22.0	32.0	11.0
subimage_H12	5289	0.33695652173913043	0.3551587301587302	0.19395810955961332	0.3483483483483483	0.4112903225806452	0.24369747899159663	0.37267990657434663	0.4514019505398816	0.27506119487894115	123.0	145.0	87.0	39.0	60.0	24.0
subimage_G12	15079	0.3345323741007194	0.4030189104853566	0.18633540372670807	0.3460559796437659	0.4485981308411215	0.20469798657718122	0.35676881342308836	0.463341463414634	0.25466680132639824	111.0	143.0	64.0	44.0	77.0	32.0
subimage_F12	4874	0.33610257110974473	0.39102505051705694	0.1983775366686759	0.3465909090909091	0.4174606055106917	0.23661971830985915	0.3592358863718087	0.4463290448433617	0.26555279959579253	117.0	141.0	80.0	37.0	61.0	24.0
subimage_E12	3953	0.3362867924528302	0.35	0.22849462365591397	0.3652173913043478	0.3776435045317221	0.25391849529780564	0.3980766576174481	0.40816326530612246	0.2867418059334111	127.0	131.0	87.0	37.0	41.0	3.0
subimage_D12	8695	0.34069400630914826	0.3886138613861386	0.18080555381825003	0.352112676056338	0.43116883116883115	0.21739130434782608	0.36422359985612424	0.4605678233438486	0.2627128385659888	121.0	150.0	76.0	46.0	73.0	28.0
subimage_C12	1973	0.3356244458567741	0.36921572315215345	0.22942963114395024	0.35443037974683544	0.3956043956043956	0.25067385444743934	0.3670846091861402	0.4157608695652174	0.2816109326213856	135.0	152.0	94.0	40.0	54.0	17.0
subimage_B12	1948	0.34383465318984124	0.3550571212764953	0.23931623931623933	0.35630818794878094	0.3878477482267725	0.257180352455943	0.3730532308958705	0.40117994100294985	0.28466196451515896	125.0	139.0	90.0	35.0	46.0	11.0
subimage_A12	1219	0.33797741007413273	0.3556774772643459	0.23056994818652848	0.35584415584415585	0.3924731182795699	0.2534246575342466	0.36927451695224206	0.41194029850746267	0.2809063338967883	137.0	152.0	97.0	40.0	53.0	16.0