subimage	all_plant_pixels	ratio_r_q5	ratio_g_q5	ratio_b_q5	ratio_r_median	ratio_g_median	ratio_b_median	ratio_r_q95	ratio_g_q95	ratio_b_q95	pix_r_median	pix_g_median	pix_b_median	diff_rb_median	diff_gb_median	diff_gr_median
subimage_H1	16728	0.3194444444444444	0.38620689655172413	0.0	0.3728813559322034	0.5531135531135531	0.06403940886699508	0.41426479378362224	0.6737071513002364	0.26706231454005935	93.0	134.0	15.0	68.0	108.0	40.0
subimage_G1	3344	0.35891647855530473	0.35367098058735685	0.00980392156862745	0.403789763449685	0.38517632465000884	0.20998687664041993	0.46235037532968143	0.5322270471464019	0.28156628680451706	131.0	125.0	69.0	60.0	54.0	-5.0
subimage_F1	5626	0.35494880546075086	0.3520657771535581	0.00878159054022722	0.38256658595641646	0.3968253968253968	0.2226629050157083	0.43880780160165334	0.5609433475287134	0.28487491190979564	155.0	155.0	88.0	64.0	70.0	9.0
subimage_E1	6826	0.3555655836341757	0.349609375	0.0	0.3983286908077994	0.4269230769230769	0.168	0.5189873417721519	0.5435618729096989	0.28769161774298757	127.0	138.0	55.0	73.0	77.0	5.0
subimage_D1	0	0	0	0	0	0	0	0	0	0	0	0	0	0	0	0
subimage_C1	2472	0.3156484962406015	0.3440558283538661	0.1695747578692494	0.3722480870625211	0.4	0.22298474432620774	0.4381058462989156	0.47982113821138206	0.2954787234042553	103.5	115.0	65.0	42.0	50.0	9.0
subimage_B1	832	0.3406113537117904	0.3478715490163663	0.17368484555984556	0.3613653382144937	0.39158468626149234	0.24528301886792453	0.41664890227654516	0.4356933458708999	0.29294627548104396	97.0	105.0	64.0	30.0	39.0	5.0
subimage_A1	13306	0.25688073394495414	0.38031319910514544	0.0	0.3667429530656185	0.5530973451327433	0.05474452554744526	0.4076923076923077	0.7398373983739838	0.27609830525572476	94.0	134.0	13.0	60.0	100.0	38.0
subimage_H2	14793	0.33695652173913043	0.39727882742199816	0.0	0.3677685950413223	0.5259259259259259	0.10305343511450382	0.4051724137931034	0.6279636982416336	0.25334529147982066	93.0	133.0	25.0	66.0	105.0	39.0
subimage_G2	3996	0.35604074913413436	0.3422948227680541	0.08660493827160494	0.4025698877393793	0.3652772175855543	0.225	0.48333333333333334	0.44550395256916997	0.2955140486696894	97.0	90.0	57.0	41.0	34.0	-8.0
subimage_F2	0	0	0	0	0	0	0	0	0	0	0	0	0	0	0	0
subimage_E2	3796	0.3559322033898305	0.3312434071729958	0.03406799193316047	0.41621621621621624	0.35439870513233945	0.21067832494248656	0.5037467700258398	0.5026413292036935	0.3002404690400591	161.0	136.0	79.0	72.0	51.0	-19.0
subimage_D2	4823	0.35546122189507495	0.32888055149718437	0.08068875326939844	0.4055793991416309	0.3506849315068493	0.22043010752688172	0.46792106629738617	0.5	0.29941174402662385	157.0	127.0	79.0	65.0	44.0	-13.0
subimage_C2	6135	0.3564178868277646	0.3456958912037037	0.11522869022869023	0.3903420523138833	0.3557312252964427	0.2535885167464115	0.46436170212765965	0.4218508003624283	0.29553264604810997	186.0	172.0	124.0	67.0	50.0	-14.0
subimage_B2	12502	0.35427624033906757	0.3469723223698388	0.0	0.38389802993935596	0.4540611477619352	0.155	0.42660224357580756	0.6022727272727273	0.2910569105691057	136.0	158.0	53.0	71.0	97.0	23.0
subimage_A2	17367	0.3416521197007481	0.3688756218905473	0.0	0.38481675392670156	0.5315985130111525	0.05511811023622047	0.4326923076923077	0.6518987341772152	0.271134328358209	105.0	135.0	14.0	71.0	104.0	31.0
subimage_H3	15112	0.32867132867132864	0.3875802997858672	0.0	0.3756906077348066	0.5421245421245421	0.06896551724137931	0.40836012861736337	0.6642857142857143	0.262447339678577	103.0	143.0	18.0	68.0	107.0	39.0
subimage_G3	3830	0.35624378390596745	0.3429156918590852	0.17085055643879174	0.39800990099009903	0.35181236673773986	0.24945532734944964	0.44636309496006343	0.3848445092322643	0.3	182.0	162.0	116.0	68.0	47.0	-19.0
subimage_F3	6682	0.3546099290780142	0.3496949277548694	0.09309361085223154	0.37828813689632823	0.41379310344827586	0.20408163265306123	0.4140699368625546	0.5151515151515151	0.2869867377168537	148.0	162.0	80.0	68.0	81.0	16.0
subimage_E3	4785	0.3588073719652667	0.35043116605616603	0.1595502212523489	0.39851485148514854	0.3689839572192513	0.23185011709601874	0.43367906873473533	0.41003937250836203	0.28985868450276786	163.0	152.0	95.0	67.0	55.0	-10.0
subimage_D3	3662	0.35802668259657505	0.3429107241376157	0.23095267345267345	0.3885480572597137	0.3516699410609037	0.25925925925925924	0.410958904109589	0.36061918611230565	0.29790755430350657	192.0	175.0	129.0	64.0	46.0	-18.0
subimage_C3	2898	0.35668121687229964	0.34226626717391734	0.13428571428571429	0.4072494669509595	0.35401407823220177	0.2385542168674699	0.47204162008994727	0.39285714285714285	0.2997916218484914	165.0	146.0	99.0	70.0	47.0	-20.0
subimage_B3	5872	0.3578365854794393	0.37530007534234755	0.004739336492890996	0.3884057971014493	0.4715583109008348	0.14144736842105263	0.4539165666266506	0.5396312153352145	0.26387721855440277	120.0	144.0	44.0	75.0	101.0	24.0
subimage_A3	16902	0.31851851851851853	0.38164251207729466	0.0	0.3709677419354839	0.5769230769230769	0.025252525252525252	0.4192139737991266	0.6758620689655173	0.265625	88.0	128.0	5.0	64.0	107.0	39.0
subimage_H4	3990	0.35562013746950616	0.34314364061071806	0.22183693218978143	0.3839831223628692	0.3520309477756286	0.26374668974289467	0.4192954680387888	0.36182214665878176	0.2996222517654459	201.0	184.0	139.0	63.0	46.0	-17.0
subimage_G4	3600	0.360082304526749	0.34440559440559443	0.17881908237747654	0.3898305084745763	0.3516949152542373	0.25851703406813625	0.43768115942028984	0.3849471333257944	0.2936943236943237	179.0	162.0	121.0	61.0	43.0	-18.0
subimage_F4	3717	0.3463792670682731	0.38501033591731265	0.0040520325203252045	0.3829787234042553	0.4965034965034965	0.11923076923076924	0.4244663045074145	0.5841318248893261	0.2649564300382971	106.0	136.0	32.0	71.0	103.0	31.0
subimage_E4	3884	0.35881591490099224	0.3448275862068966	0.2302143858946103	0.3855421686746988	0.3527054108216433	0.2609582546640162	0.4051737918215613	0.36811208791208794	0.29470518070617274	190.0	173.0	128.0	61.0	45.0	-16.0
subimage_D4	4577	0.3595157152141003	0.34386617100371747	0.19127877237851662	0.3943089430894309	0.35258964143426297	0.25311203319502074	0.4304227776383261	0.3781147000659195	0.29622409171541664	188.0	168.0	120.0	67.0	47.0	-19.0
subimage_C4	0	0	0	0	0	0	0	0	0	0	0	0	0	0	0	0
subimage_B4	9250	0.3547609140498977	0.3536998695084819	0.0	0.38738738738738737	0.4652059544449094	0.13732974105672804	0.4339622641509434	0.5922330097087378	0.28171334431630973	121.0	140.0	43.0	75.0	99.0	22.0
subimage_A4	21520	0.32558139534883723	0.39950886843286937	0.0	0.38064516129032255	0.5663716814159292	0.047619047619047616	0.413265306122449	0.6557508196721309	0.24919093851132687	80.0	117.0	9.0	64.0	97.0	37.0
subimage_H5	10233	0.3213242961418144	0.38252002758767045	0.0	0.375886524822695	0.5542635658914729	0.05333333333333334	0.40860215053763443	0.676056338028169	0.2652092120636052	96.0	135.0	13.0	69.0	108.0	39.0
subimage_G5	12341	0.24786324786324787	0.38588235294117645	0.0	0.3800738007380074	0.5801886792452831	0.015873015873015872	0.4163265306122449	0.7478260869565218	0.2651685393258427	92.0	132.0	3.0	72.0	114.0	40.0
subimage_F5	7453	0.3438234894033789	0.35727724039101283	0.0	0.37438423645320196	0.4758842443729904	0.14642857142857144	0.42224828934506353	0.5990338164251208	0.2799325463743676	128.0	156.0	48.0	71.0	104.0	30.0
subimage_E5	5626	0.3557564669843431	0.34210526315789475	0.051470588235294115	0.3984524664750958	0.37549407114624506	0.2169811320754717	0.5	0.5	0.2934721268034155	99.0	95.0	54.0	45.0	39.0	-7.0
subimage_D5	13845	0.3313253012048193	0.38780911983032873	0.0	0.3686635944700461	0.5939086294416244	0.016216216216216217	0.4026548672566372	0.6645161290322581	0.2614523454534486	80.0	124.0	3.0	67.0	112.0	43.0
subimage_C5	11433	0.3291139240506329	0.36317314999734895	0.0	0.38132295719844356	0.4789272030651341	0.1246376811594203	0.42684382963232614	0.6599183673469388	0.2777777777777778	116.0	139.0	37.0	68.0	97.0	26.0
subimage_B5	788	0.3544973544973545	0.34309998853342505	0.22601952642801032	0.3621361353183249	0.3481349911190053	0.28957181744951527	0.41735915387383066	0.3575899959302971	0.3	199.0	191.0	159.0	39.0	32.0	-8.0
subimage_A5	22605	0.337156146179402	0.3700980392156863	0.0	0.36675461741424803	0.5541666666666667	0.06818181818181818	0.4030612244897959	0.6441717791411042	0.27251622648117946	88.0	129.0	16.0	65.0	109.0	41.0
subimage_H6	15218	0.3356961464885681	0.3838120104438642	0.0	0.3736842105263158	0.5080192926045016	0.1111111111111111	0.40082644628099173	0.6415094339622641	0.26901745381947245	107.0	143.0	32.0	68.0	106.0	36.0
subimage_G6	15574	0.34074074074074073	0.36592756836659274	0.0	0.36854019462715115	0.5239852398523985	0.10227272727272728	0.42424242424242425	0.6212121212121212	0.2743424409296433	96.0	137.0	26.0	68.0	109.0	41.0
subimage_F6	8167	0.3550488599348534	0.34724540901502504	0.02880658436213992	0.37809187279151946	0.39906103286384975	0.21784232365145229	0.42662295572397285	0.5466933312212894	0.2935949521117915	157.0	164.0	88.0	64.0	74.0	9.0
subimage_E6	10307	0.34092862724667883	0.37158469945355194	0.006060606060606061	0.3688212927756654	0.47214076246334313	0.15916955017301038	0.4050632911392405	0.6015857588623452	0.27366849960722694	122.0	153.0	50.0	65.0	98.0	32.0
subimage_D6	10836	0.3460207612456747	0.34797960660029625	0.005208333333333333	0.375	0.45106457894699026	0.17497853568996655	0.4034151872805306	0.605	0.2857142857142857	136.0	158.0	62.0	70.0	98.0	28.0
subimage_C6	11784	0.33921940928270045	0.34894991922455576	0.0	0.3714821763602251	0.46174889936989394	0.16293929712460065	0.40078489729225025	0.6424242424242425	0.28987620255052576	129.0	162.0	58.0	69.0	99.0	30.0
subimage_B6	7379	0.33932702901211903	0.3446054750402576	0.0	0.3687150837988827	0.4336734693877551	0.19194312796208532	0.40559440559440557	0.6303030303030303	0.2948746375575644	137.0	156.0	71.0	58.0	86.0	22.0
subimage_A6	9767	0.3281890447166499	0.38576353355623993	0.0	0.37373737373737376	0.4876325088339223	0.12568306010928962	0.40594059405940597	0.6666666666666666	0.26174496644295303	115.0	145.0	39.0	68.0	100.0	32.0
subimage_H7	11677	0.3125	0.3612040133779264	0.0	0.36909871244635195	0.4864864864864865	0.13653136531365315	0.4113754709792134	0.6846153846153846	0.281409781146168	123.0	156.0	43.0	66.0	99.0	34.0
subimage_G7	2561	0.35585585585585583	0.34265734265734266	0.1491442542787286	0.4117647058823529	0.3547486033519553	0.23166023166023167	0.4461883408071749	0.41411764705882353	0.2975708502024291	191.0	172.0	110.0	82.0	57.0	-13.0
subimage_F7	12198	0.35517241379310344	0.35014638079751603	0.0	0.38333333333333336	0.41041064547206163	0.1948861948059666	0.4358974358974359	0.6	0.28220191901594344	155.0	161.0	80.0	73.0	85.0	15.0
subimage_E7	3057	0.3581081081081081	0.34590518698857103	0.041899766899766905	0.3827392120075047	0.35343035343035345	0.26325757575757575	0.4439432757189766	0.5157520325203251	0.2937062937062937	195.0	181.0	133.0	61.0	46.0	-13.0
subimage_D7	7168	0.35564053537284895	0.3451492537313433	0.13516879869193038	0.388412017167382	0.3586196632729382	0.24953095684803	0.42915520122371953	0.44635387023335227	0.29817444219066935	174.0	168.0	111.0	62.0	49.0	-8.0
subimage_C7	12252	0.34838709677419355	0.35412026726057905	0.0051813471502590676	0.3824451410658307	0.4140530417675545	0.18274111675126903	0.4452036731810689	0.5891891891891892	0.2869757174392936	139.0	142.0	68.0	60.0	78.0	4.0
subimage_B7	13412	0.35514018691588783	0.3583620841949932	0.0	0.3914993978321959	0.4845360824742268	0.11218421537894155	0.472636815920398	0.5989847715736041	0.2823834196891192	94.0	119.0	25.0	63.0	80.0	20.0
subimage_A7	4254	0.34864670111427465	0.3502896724048338	0.05220729567106803	0.37538461538461537	0.4521348607133559	0.1695906432748538	0.42288085827216265	0.5374449339207048	0.28527703010476624	131.0	157.0	57.0	68.0	94.0	23.0
subimage_H8	1976	0.33450097134531326	0.3858588668264293	0.005714285714285714	0.3544973544973545	0.4527027027027027	0.19469371339516878	0.4180118375033629	0.5714285714285714	0.26907399665551834	99.0	127.0	55.0	44.0	71.0	28.0
subimage_G8	4596	0.3577778506245571	0.34444444444444444	0.22019079636744673	0.39300411522633744	0.3524590163934426	0.2540322580645161	0.41813366097325166	0.37211681547619047	0.296028880866426	187.0	167.0	120.0	65.0	47.0	-18.0
subimage_F8	8357	0.29987261146496813	0.34759358288770054	0.0	0.37213740458015265	0.4074074074074074	0.212	0.41708542713567837	0.6953125	0.29147738748328283	156.0	168.0	90.0	63.0	79.0	15.0
subimage_E8	3893	0.35500878734622143	0.34123101203393175	0.2366384107337875	0.374	0.3486590038314176	0.27710843373493976	0.41106610226508183	0.3567975427350427	0.30158730158730157	199.0	184.0	144.0	51.0	38.0	-13.0
subimage_D8	4299	0.3562101303784278	0.3436925152198222	0.21798503510368147	0.3881856540084388	0.35232067510548526	0.25894736842105265	0.4160020671834625	0.36809815950920244	0.2979094076655052	183.0	166.0	122.0	61.0	44.0	-16.0
subimage_C8	3121	0.3576271186440678	0.34507042253521125	0.21428571428571427	0.381957773512476	0.35353535353535354	0.26356589147286824	0.40934065934065933	0.3778409090909091	0.29615384615384616	191.0	175.0	130.0	58.0	44.0	-13.0
subimage_B8	7095	0.34300884105323853	0.35008217434635236	0.0	0.3756906077348066	0.44242424242424244	0.18	0.4147465437788018	0.5978260869565217	0.28852459016393445	128.0	149.0	64.0	67.0	93.0	24.0
subimage_A8	15650	0.3506195891603914	0.3482758620689655	0.0	0.3817536111530525	0.4577458075483989	0.15744648293413654	0.41866379585326957	0.6054054054054054	0.2854563407866819	134.0	159.0	55.0	71.0	99.0	26.0
subimage_H9	16027	0.31500867052023124	0.3766307139188495	0.0	0.3624733475479744	0.5775401069518716	0.03636363636363636	0.39901477832512317	0.6766253869969038	0.2757985934587358	81.0	122.0	7.0	62.0	103.0	40.0
subimage_G9	1175	0.35543278084714547	0.3469920804142553	0.17744128987031196	0.3721461187214612	0.35570469798657717	0.27074235807860264	0.4263351769669676	0.3983152874204281	0.29624319587310627	174.0	168.0	127.0	47.0	40.0	-6.0
subimage_F9	2591	0.3545966228893058	0.35733612449745733	0.18734770106423976	0.38289205702647655	0.3919491525423729	0.22357723577235772	0.40268456375838924	0.41655614500442084	0.28765664160401005	185.0	188.0	106.0	75.0	80.0	3.0
subimage_E9	21209	0.2982456140350877	0.37730870712401055	0.0	0.35784313725490197	0.5497630331753555	0.07853403141361257	0.4158415841584158	0.6923076923076923	0.26225803754337557	78.0	116.0	16.0	54.0	93.0	40.0
subimage_D9	7203	0.3546561319817134	0.3530571992110454	0.03597410071942446	0.38961038961038963	0.40540540540540543	0.20180722891566266	0.4571316964285714	0.5185049019607842	0.2913369558144075	142.0	149.0	72.0	68.0	73.0	2.0
subimage_C9	8909	0.3467801124593075	0.3530405405405405	0.0	0.3741794310722101	0.4462025316455696	0.178125	0.4077503229301221	0.6041666666666666	0.28343642611683856	132.0	156.0	64.0	69.0	95.0	25.0
subimage_B9	14319	0.35153509098767455	0.3731656184486373	0.0	0.37650602409638556	0.46176470588235297	0.164021164021164	0.4358194733194732	0.5990338164251208	0.27010803404981687	128.0	153.0	54.0	67.0	96.0	25.0
subimage_A9	19173	0.33081947292473607	0.39562039901845725	0.0	0.375	0.5546218487394958	0.058577405857740586	0.41739130434782606	0.6420454545454546	0.25193520264379665	88.0	127.0	13.0	71.0	110.0	41.0
subimage_H10	1642	0.33085548172757473	0.3784530386740331	0.04120098039215687	0.3667711598746082	0.44182064351704364	0.18949490662139218	0.38887675885492473	0.6054841348682288	0.26868743005776846	104.0	125.0	55.0	48.0	69.0	22.0
subimage_G10	3697	0.35639412997903563	0.3522012578616352	0.09333333333333334	0.4021505376344086	0.3878787878787879	0.20718232044198895	0.4764180118946474	0.4312559224433268	0.29067245119305857	156.0	151.0	84.0	75.0	68.0	-5.0
subimage_F10	16353	0.34594594594594597	0.34761120263591433	0.0	0.37209302325581395	0.48188405797101447	0.1387434554973822	0.41148325358851673	0.632183908045977	0.29372937293729373	120.0	149.0	42.0	68.0	102.0	30.0
subimage_E10	9245	0.34006300506779896	0.38429305217626386	0.0	0.37448559670781895	0.5301204819277109	0.09004739336492891	0.41626308503145265	0.6506178752754093	0.26280312839902625	92.0	128.0	22.0	66.0	103.0	36.0
subimage_D10	10236	0.3412322274881517	0.34983498349834985	0.0	0.36977811587069226	0.43908045977011495	0.19074544012688344	0.40418118466898956	0.6410633484162896	0.2885787937285183	141.0	166.0	75.0	67.0	97.0	27.0
subimage_C10	27	0.3550241614339502	0.3495044216273963	0.2748364485981309	0.35964912280701755	0.3543859649122807	0.2864493996569468	0.36823151193859843	0.3576441435152869	0.29486575751974864	205.0	202.0	163.0	42.0	38.0	-4.0
subimage_B10	8205	0.3471264367816092	0.3824884792626728	0.0	0.37623762376237624	0.4794952681388013	0.13836477987421383	0.42263203599905264	0.6179775280898876	0.26725999929644345	118.0	148.0	43.0	71.0	105.0	30.0
subimage_A10	9271	0.3445580641895312	0.36837258893089075	0.0	0.38028169014084506	0.501628664495114	0.112	0.4084507042253521	0.6195652173913043	0.276851594578741	102.0	135.0	31.0	70.0	108.0	31.0
subimage_H11	2209	0.3572864796075453	0.3438108634913992	0.17194220430107526	0.3962655601659751	0.3522727272727273	0.25	0.4319415506847793	0.40666942262642963	0.29676079585209636	178.0	157.0	111.0	63.0	45.0	-17.0
subimage_G11	3132	0.35697697064121914	0.34941282370862764	0.008790024630541874	0.423728813559322	0.39367579052618423	0.18117204463970105	0.5	0.5229333735302983	0.2845755650882692	121.0	108.0	50.0	68.0	56.0	-6.0
subimage_F11	8678	0.3544767018565708	0.3453845938740889	0.059885802412469935	0.3776908023483366	0.4039424666321269	0.20977304117798534	0.4191588258204702	0.54296875	0.29160831960461286	150.0	158.0	82.0	66.0	78.0	10.0
subimage_E11	5799	0.3566295066413662	0.3516699410609037	0.05813980964883493	0.3961038961038961	0.37965260545905705	0.22303921568627452	0.46753848003848	0.4727272727272727	0.2902033271719039	165.0	159.0	93.0	72.0	65.0	-5.0
subimage_D11	5369	0.3547297297297297	0.34760612488998216	0.0	0.3897058823529412	0.42780748663101603	0.17337461300309598	0.446661081267557	0.5653392929703371	0.2919330712309545	123.0	135.0	54.0	68.0	79.0	11.0
subimage_C11	4948	0.3567094554963586	0.3482210575929361	0.0739082503556188	0.40625	0.3837638376383764	0.2	0.4631875142401458	0.48613383129108917	0.2867892173674462	111.0	104.0	54.0	53.0	48.0	-5.0
subimage_B11	8963	0.3472222222222222	0.34982935153583616	0.0	0.3814814814814815	0.47293447293447294	0.13725490196078433	0.4376797124600638	0.6235294117647059	0.2859554474136846	117.0	140.0	40.0	66.0	91.0	23.0
subimage_A11	18987	0.34177215189873417	0.389873417721519	0.0	0.3813559322033898	0.5486381322957199	0.06779661016949153	0.401673640167364	0.6243654822335025	0.25677650510635897	99.0	140.0	17.0	77.0	118.0	42.0
subimage_H12	17462	0.3498542274052478	0.380598695710636	0.02400481927710844	0.38620689655172413	0.5127388535031847	0.1	0.4098939929328622	0.5708804718375721	0.2641509433962264	116.0	152.0	30.0	82.0	120.0	37.0
subimage_G12	2234	0.3223986624255771	0.35979313881923863	0.10587406730622811	0.3497942386831276	0.4156116474125653	0.23105376873427413	0.4001988636363636	0.5171920883387938	0.28699163374389963	100.5	121.0	66.0	34.0	52.0	21.0
subimage_F12	10856	0.3333333333333333	0.34622823984526113	0.0	0.36971875742620763	0.4882696938424492	0.11856374005944254	0.42105263157894735	0.6620689655172414	0.2931672734101875	117.0	142.0	34.0	62.0	95.0	29.0
subimage_E12	3375	0.35555555555555557	0.34350679575498044	0.17793446513326033	0.39740820734341253	0.3548387096774194	0.24782608695652175	0.4429446064139941	0.38125627090301	0.29831380957636333	171.0	156.0	109.0	65.0	47.0	-16.0
subimage_D12	7953	0.35492938982147615	0.36054411062083697	0.0	0.39303482587064675	0.4557823129251701	0.14984709480122324	0.4463276836158192	0.5840283185840708	0.28141716665840233	119.0	139.0	45.0	72.0	88.0	17.0
subimage_C12	7311	0.35714285714285715	0.35445807827604353	0.0	0.4132841328413284	0.40476190476190477	0.18118466898954705	0.4837959489872468	0.5152680652680652	0.28705882352941176	123.0	120.0	54.0	67.0	65.0	-2.0
subimage_B12	7667	0.33914569031273833	0.34488734835355284	0.04145077720207254	0.3650190114068441	0.4085603112840467	0.2222222222222222	0.41185540295413314	0.5654205607476636	0.2971905390102385	138.0	154.0	83.0	53.0	69.0	18.0
subimage_A12	2769	0.2474635092375217	0.3791208791208791	0.0	0.35909090909090907	0.515625	0.10727969348659004	0.4130938391807957	0.7325925925925924	0.27450980392156865	88.0	121.0	23.0	48.0	83.0	32.0