subimage	all_plant_pixels	ratio_r_q5	ratio_g_q5	ratio_b_q5	ratio_r_median	ratio_g_median	ratio_b_median	ratio_r_q95	ratio_g_q95	ratio_b_q95	pix_r_median	pix_g_median	pix_b_median	diff_rb_median	diff_gb_median	diff_gr_median
subimage_H1	929	0.31943731820132565	0.35114814911570313	0.24591914569031273	0.33079847908745247	0.39649122807017545	0.26811594202898553	0.3875781709337751	0.4132841328413284	0.29518072289156627	95.0	113.0	76.0	18.0	37.0	20.0
subimage_G1	4838	0.31746031746031744	0.3926553672316384	0.23728813559322035	0.3294460641399417	0.4123076923076923	0.257396449704142	0.34394904458598724	0.43564356435643564	0.27648578811369506	109.0	137.0	85.0	24.0	52.0	27.0
subimage_F1	1642	0.3239015856143148	0.3532943576569259	0.239067055393586	0.3371266693646297	0.4046242774566474	0.2597208761387866	0.3664855116172461	0.4192634560906516	0.28791745529534735	120.0	143.0	91.0	28.0	49.0	25.0
subimage_E1	7266	0.32432432432432434	0.38372093023255816	0.20569620253164558	0.3343108504398827	0.4388059701492537	0.22727272727272727	0.3524590163934426	0.4597014925373134	0.2767129252204847	119.0	156.0	80.0	38.0	74.0	37.0
subimage_D1	5685	0.3194888178913738	0.38930437557337166	0.21185451094468857	0.3323076923076923	0.434640522875817	0.23397435897435898	0.347953216374269	0.45482866043613707	0.2701616161616162	112.0	146.0	79.0	32.0	67.0	35.0
subimage_C1	8372	0.3159722222222222	0.39080174927113703	0.2315112540192926	0.32439678284182305	0.4251497005988024	0.2508250825082508	0.33771659673861326	0.4419475655430712	0.2797427652733119	101.0	132.0	78.0	23.0	54.0	31.0
subimage_B1	2037	0.3181818181818182	0.3526623459143475	0.2514434440814809	0.3284132841328413	0.4014336917562724	0.27044025157232704	0.36593067683618263	0.41017628205128204	0.2866941931788348	92.0	112.0	75.0	16.0	36.0	20.0
subimage_A1	2130	0.3222591362126246	0.3182116788321168	0.25	0.3312397704640019	0.3904761904761905	0.2799456521739131	0.3727821939586645	0.40411783338612606	0.3225134516397148	100.0	119.0	85.0	17.0	34.0	18.0
subimage_H2	851	0.31381962864721485	0.34763785104649925	0.2525956529549129	0.32550335570469796	0.39361702127659576	0.2805755395683453	0.373308563552466	0.4068965517241379	0.29671497873869557	97.0	118.0	83.0	14.0	33.0	21.0
subimage_G2	4160	0.3137254901960784	0.34344967244328267	0.23075854700854703	0.33903133903133903	0.4098360655737705	0.25448028673835127	0.36507936507936506	0.4271219351653776	0.29555933584290767	119.0	143.0	89.0	31.0	51.0	25.0
subimage_F2	2762	0.3181818181818182	0.37941266192766643	0.22525428654460913	0.3324465827083628	0.41568627450980394	0.25290697674418605	0.35883827409591806	0.4377861677123239	0.27586206896551724	110.0	135.0	84.0	27.0	50.0	26.0
subimage_E2	1173	0.31875	0.38005390835579517	0.25047021943573666	0.3333333333333333	0.3952802359882006	0.2715736040609137	0.35950256878090936	0.41009463722397477	0.28715973425018737	112.0	133.0	91.0	21.0	41.0	21.0
subimage_D2	4845	0.32448377581120946	0.3543441226575809	0.21428571428571427	0.339572192513369	0.42933333333333334	0.22926829268292684	0.36576322971558045	0.45454545454545453	0.28320425094618645	122.0	154.0	83.0	39.0	70.0	31.0
subimage_C2	9178	0.3213213213213213	0.3824228028503563	0.1994219653179191	0.336986301369863	0.43699731903485256	0.22946175637393768	0.34849094158745636	0.4603658536585366	0.27962403384331563	121.0	157.0	81.0	37.0	72.0	36.0
subimage_B2	9447	0.3274336283185841	0.4015404900414773	0.2127659574468085	0.33676092544987146	0.43922651933701656	0.2236180904522613	0.3458823529411765	0.45012787723785164	0.2600725374037879	130.0	169.0	86.0	43.0	81.0	38.0
subimage_A2	1160	0.32831096422162814	0.3526407995866434	0.2513188028113401	0.3384146341463415	0.3941018766756032	0.26628895184135976	0.36324634770646996	0.40849872469312926	0.29141104294478526	114.0	134.0	90.0	25.0	43.0	19.0
subimage_H3	5830	0.332272920289562	0.3697674418604651	0.20421372076301655	0.34523809523809523	0.421893210955711	0.2320952279882557	0.36556603773584906	0.45674637892485664	0.27030583214793746	129.0	153.0	85.0	41.0	65.0	27.0
subimage_G3	3289	0.31965770876400174	0.38361661984822437	0.23775551594862024	0.3333333333333333	0.4034582132564842	0.26126126126126126	0.3610048384439085	0.42955326460481097	0.27873563218390807	105.0	129.0	82.0	23.0	45.0	23.0
subimage_F3	6476	0.33249210448925315	0.3611707422990418	0.21195652173913043	0.34549878345498786	0.42643391521197005	0.2283464566929134	0.3804112893121163	0.44080604534005036	0.27297255627505396	139.0	171.0	90.0	48.0	77.5	32.0
subimage_E3	1650	0.35714285714285715	0.3430633830610151	0.27073588000937426	0.3664	0.34726688102893893	0.2864364193850609	0.3774745709548774	0.3541284403669725	0.2975900346020761	220.0	208.0	173.0	48.0	37.0	-12.0
subimage_D3	8246	0.3173076923076923	0.39800995024875624	0.1956521739130435	0.3295774647887324	0.4405797101449275	0.22888283378746593	0.34794520547945207	0.4725839229263887	0.2704672343785247	116.0	154.0	80.0	35.0	74.0	39.0
subimage_C3	7736	0.31493506493506496	0.38613861386138615	0.2112559847534049	0.33045977011494254	0.4290076834135243	0.24	0.35635029020143394	0.45454545454545453	0.27143846458250886	108.0	140.5	78.0	30.0	61.0	32.0
subimage_B3	8976	0.3263157894736842	0.3851508120649652	0.2	0.33618233618233617	0.4360313315926893	0.23015873015873015	0.3479381443298969	0.4645581014729951	0.27294259732878656	121.0	157.0	82.0	36.0	72.0	36.0
subimage_A3	13531	0.32228915662650603	0.4008859629328022	0.20555555555555555	0.3333333333333333	0.4483870967741935	0.21694915254237288	0.3473684210526316	0.4606741573033708	0.2622962821492233	122.0	164.0	79.0	42.0	85.0	41.0
subimage_H4	4325	0.31778904908342986	0.3837335009428033	0.21212121212121213	0.3294460641399417	0.4227405247813411	0.2471590909090909	0.3626683175978951	0.4507936507936508	0.2777777777777778	112.0	144.0	83.0	28.0	60.0	31.0
subimage_G4	5510	0.33099695735387935	0.3745689400475082	0.2222222222222222	0.3449367088607595	0.39935064935064934	0.25625	0.37037037037037035	0.4292325164147199	0.2782874617737003	115.0	132.0	84.5	30.0	46.0	19.0
subimage_F4	3663	0.34408602150537637	0.34578531175186966	0.2299168975069252	0.3579454253611557	0.3883495145631068	0.2475	0.37458137293804206	0.42048517520215634	0.29362117557142514	156.0	166.0	105.0	43.0	58.0	12.0
subimage_E4	3239	0.34269662921348315	0.348738732753084	0.22458348187759952	0.35648148148148145	0.4047058823529412	0.23834196891191708	0.37526698703569233	0.4175257731958763	0.2893772893772894	149.0	167.0	98.0	47.0	68.0	20.0
subimage_D4	3837	0.32969428391771716	0.3474178403755869	0.22672064777327935	0.3503184713375796	0.39552238805970147	0.25573770491803277	0.3848797250859107	0.42034761956169703	0.28468167072181666	112.0	126.0	81.0	30.0	45.0	16.0
subimage_C4	2413	0.3137254901960784	0.3954366230228299	0.2009132420091324	0.3231939163498099	0.43812709030100333	0.23859649122807017	0.34268622984341085	0.47767857142857145	0.26921090589270014	98.0	134.0	73.0	26.0	61.0	35.0
subimage_B4	2137	0.3157894736842105	0.3782894736842105	0.25460442488126955	0.3344594594594595	0.3853820598006645	0.27835051546391754	0.35522870769929593	0.4135608806188132	0.29276315789473684	97.0	113.0	81.0	16.0	32.0	15.0
subimage_A4	4462	0.32459016393442625	0.35968379446640314	0.22364650457572968	0.3323529411764706	0.428125	0.240625	0.36385937374225225	0.44224422442244227	0.2794834087481146	109.0	140.0	78.0	31.0	60.0	31.0
subimage_H5	14066	0.32432432432432434	0.40769760542487815	0.20320855614973263	0.3351206434316354	0.44785276073619634	0.2154696132596685	0.35064133397466735	0.46176470588235297	0.2559581384966718	121.0	163.0	78.0	42.0	84.0	41.0
subimage_G5	3014	0.3279742765273312	0.36901090009043747	0.23824128711045545	0.33714285714285713	0.4012539184952978	0.26059618991215083	0.37204803433001105	0.4166666666666667	0.27867480389160554	113.0	134.0	87.0	25.0	47.0	22.0
subimage_F5	5525	0.32947976878612717	0.3800813008130081	0.19680851063829788	0.34411764705882353	0.4362017804154303	0.22448979591836735	0.36176318589451284	0.4529304487752548	0.27175759254130893	128.0	162.0	82.0	43.0	76.0	35.0
subimage_E5	2269	0.35714285714285715	0.34365022539103074	0.273154049907254	0.3674074074074074	0.3467741935483871	0.2857142857142857	0.3763541196341076	0.3523809523809524	0.2980134671387172	229.0	216.0	178.0	51.0	38.0	-13.0
subimage_D5	7858	0.33152173913043476	0.3968199359254405	0.2136986301369863	0.3389830508474576	0.4293193717277487	0.23095823095823095	0.3558897243107769	0.44505494505494503	0.2600536420400937	128.0	161.0	86.0	41.0	73.0	34.0
subimage_C5	5271	0.3300653594771242	0.37049770020049533	0.22580645161290322	0.3470031545741325	0.4041916167664671	0.2476489028213166	0.37254901960784315	0.42857142857142855	0.27419354838709675	108.0	128.0	76.0	30.0	47.0	19.0
subimage_B5	4478	0.33794443091534504	0.38654086088583905	0.21488463840670405	0.35135135135135137	0.41532953919588766	0.23300970873786409	0.37339055793991416	0.42857142857142855	0.2649819675415748	147.0	173.0	99.0	48.0	75.0	27.0
subimage_A5	1950	0.33695157621059474	0.3507764800644382	0.2405730821900111	0.3665801802770701	0.375	0.2552911534154535	0.38823529411764707	0.40903361344537814	0.28425928809442247	143.0	146.0	98.0	43.0	47.0	2.0
subimage_H6	21113	0.31974921630094044	0.4124487549649859	0.20334261838440112	0.33430232558139533	0.44966442953020136	0.21505376344086022	0.3442232951248618	0.4623287671232877	0.2549760276887286	125.0	167.0	80.0	44.0	87.0	42.0
subimage_G6	1956	0.3560871921775598	0.341834822384726	0.2722751476828355	0.3610271903323263	0.3450381679389313	0.29357798165137616	0.38175144594394184	0.3475609756097561	0.3002969685661993	236.0	226.0	192.0	44.0	34.0	-10.0
subimage_F6	1578	0.3548892341263253	0.3415049940192897	0.2837020086448004	0.3602997305792546	0.3445255474452555	0.2952970414764079	0.36829914876789877	0.34842188739095953	0.3017165119769303	236.0	226.0	193.0	42.0	32.0	-10.0
subimage_E6	1166	0.3576734639830509	0.3422819169412129	0.2704507512520868	0.3726993865030675	0.34640010654209435	0.2807570977917981	0.381929955290611	0.34982935153583616	0.2984126984126984	235.0	218.0	178.0	59.0	42.0	-16.0
subimage_D6	13445	0.32421875	0.4009546539379475	0.17329545454545456	0.3405994550408719	0.45288753799392095	0.2059800664451827	0.3581395348837209	0.4892913861217204	0.2553191489361702	113.0	151.0	69.0	43.0	79.0	37.0
subimage_C6	3748	0.332378223495702	0.3557763157894737	0.218562874251497	0.34411764705882353	0.42733800437288805	0.23015873015873015	0.3757453144158346	0.44275476519079415	0.27956283160846496	123.0	154.0	83.0	41.0	70.0	29.0
subimage_B6	1738	0.3286030780342807	0.36697093843602246	0.24691358024691357	0.34162595875422735	0.3948220064724919	0.2627105758072906	0.3602352667279111	0.4084967320261438	0.2879845804988662	110.0	127.0	83.0	26.0	42.0	17.0
subimage_A6	2428	0.3285890964159515	0.3487254901960784	0.240554249902076	0.3557951482479784	0.387999487704918	0.25736279766598325	0.3723363837694736	0.4011914224648049	0.2949996182623301	128.0	141.0	92.0	36.0	47.0	12.0
subimage_H7	5674	0.3384615384615385	0.368996806039489	0.21748878923766815	0.3604356038248141	0.40524781341107874	0.23767466042763372	0.37710937054157395	0.4230769230769231	0.2693523809523809	137.0	154.0	92.0	44.0	60.0	19.0
subimage_G7	4718	0.31724137931034485	0.3792945270484024	0.2422145328719723	0.3372093023255814	0.4024767801857585	0.2588996763754045	0.35860655737704916	0.42857142857142855	0.28243990835575206	112.0	133.0	86.0	26.0	47.0	22.0
subimage_F7	5338	0.3371757925072046	0.36183478125162566	0.2156398104265403	0.35714285714285715	0.40816326530612246	0.2374365449860973	0.3789290871482652	0.4253521126760563	0.2738593232657675	142.0	156.0	93.0	44.0	64.0	20.0
subimage_E7	8463	0.3263888888888889	0.3859688725199002	0.21824233493614603	0.33630952380952384	0.4257703081232493	0.23850574712643677	0.3545132806002371	0.4427710843373494	0.2751677852348993	117.0	148.0	81.0	34.0	65.0	31.0
subimage_D7	4352	0.3222591362126246	0.38746438746438744	0.221875	0.3343195266272189	0.4196306928766057	0.24512534818941503	0.3562412531806616	0.4392523364485981	0.27692307692307694	110.0	139.0	80.0	29.0	57.0	28.0
subimage_C7	5201	0.3256578947368421	0.3788235294117647	0.2262295081967213	0.33513513513513515	0.40869565217391307	0.25559105431309903	0.3588039867109635	0.4360655737704918	0.2799097065462754	110.0	136.0	84.0	27.0	50.0	25.0
subimage_B7	1924	0.32261460101867573	0.3553132530120482	0.2576982553528945	0.35313531353135313	0.3795180722891566	0.26973684210526316	0.3670886075949367	0.3945538371598639	0.2964974244375426	113.0	120.0	86.0	27.0	34.0	9.0
subimage_A7	3199	0.3324324324324324	0.3536483314623941	0.21738056897477187	0.3492462311557789	0.41854636591478694	0.2345679012345679	0.39018198046313285	0.43007915567282323	0.2751710712285661	138.0	166.0	92.0	46.0	72.0	28.0
subimage_H8	4587	0.3323943661971831	0.38711976093785916	0.22250639386189258	0.3431952662721893	0.41208791208791207	0.24390243902439024	0.37071909167367534	0.42771084337349397	0.2655086848635236	128.0	154.0	90.0	37.0	62.0	26.0
subimage_G8	9662	0.3287292817679558	0.3847926267281106	0.19753086419753085	0.33713634884477706	0.4383954154727794	0.2254335260115607	0.35149863760217986	0.46017699115044247	0.271109086307264	121.0	158.0	81.0	39.0	75.0	36.0
subimage_F8	6772	0.33032421561833325	0.3888888888888889	0.21798883682339742	0.3421750663129973	0.4222222222222222	0.23734177215189872	0.35910224438902744	0.4339080459770115	0.2654770105806087	118.0	142.0	80.0	35.0	60.0	27.0
subimage_E8	8400	0.32571428571428573	0.3623848669270597	0.2017291066282421	0.3374233128834356	0.4307228915662651	0.23333333333333334	0.3636433999437094	0.4633431085043988	0.2747831476823572	122.0	160.0	83.0	41.0	72.0	33.0
subimage_D8	16967	0.3177257525083612	0.4071476510067114	0.1773244843516169	0.3342541436464088	0.45135135135135135	0.21447721179624665	0.3492462311557789	0.48619098143236067	0.2589001290135886	121.0	162.0	76.0	42.0	81.0	41.0
subimage_C8	3389	0.3261867296092316	0.3699271759006769	0.23433242506811988	0.3559322033898305	0.3968871595330739	0.2476780185758514	0.3682765238051723	0.4085669816564758	0.2848331415420023	127.0	141.0	87.0	38.0	52.0	15.0
subimage_B8	1601	0.331306990881459	0.351129363449692	0.2530487804878049	0.3426294820717131	0.3911671924290221	0.26517571884984026	0.3790523690773067	0.4046920821114369	0.28774928774928776	114.0	132.0	88.0	26.0	42.0	16.0
subimage_A8	1724	0.3333333333333333	0.36965166774461794	0.2414916368743616	0.3525835866261398	0.39233038348082594	0.25588235294117645	0.36619068255687975	0.40396380266194964	0.2847356681852695	118.0	132.0	86.0	32.0	46.0	14.0
subimage_H9	10176	0.3277777777777778	0.39845634046531053	0.20279234654234654	0.35585585585585583	0.42917547568710357	0.2158859470468432	0.36213991769547327	0.4460227272727273	0.25701544378814345	159.0	193.0	95.0	63.0	96.0	33.0
subimage_G9	8892	0.31986531986531985	0.39368475433783445	0.19519519519519518	0.3343949044585987	0.4371069182389937	0.22759279297003082	0.3548796001817355	0.47058823529411764	0.26899924348859827	115.0	150.0	77.0	36.0	71.0	35.0
subimage_F9	3920	0.330188679245283	0.38154595949771986	0.21380769526150065	0.351278419408731	0.4099722991689751	0.2452316076294278	0.37799200799200794	0.4223918575063613	0.26732881709223555	128.0	150.0	91.0	37.0	58.0	22.0
subimage_E9	743	0.32831774860636576	0.3486788369806889	0.25289108494533225	0.3525835866261398	0.3799392097264438	0.272108843537415	0.37159176096812196	0.3946294980565888	0.2947448624172762	104.0	114.0	81.0	24.0	31.0	9.0
subimage_D9	11060	0.3235294117647059	0.3851508120649652	0.18855218855218855	0.33423180592991913	0.4402332361516035	0.22792022792022792	0.3501259445843829	0.4755700325732899	0.2737819025522042	116.0	153.0	79.0	36.0	72.0	36.0
subimage_C9	7427	0.3238993710691824	0.38786304010728806	0.19804782365028956	0.3375	0.4417910447761194	0.22285714285714286	0.35294117647058826	0.46094804750918567	0.26769241083400375	113.0	148.0	74.0	38.0	72.0	35.0
subimage_B9	3581	0.31761006289308175	0.3814102564102564	0.22879177377892032	0.3385416666666667	0.41297935103244837	0.25157232704402516	0.36	0.4270833333333333	0.2838709677419355	114.0	138.0	82.0	29.0	52.0	25.0
subimage_A9	1810	0.32947976878612717	0.34674554911158245	0.21108996539792388	0.34375	0.4011713658503121	0.2608695652173913	0.3679897361200501	0.4473082873804895	0.2922297297297297	115.0	138.0	88.5	32.0	48.0	21.0
subimage_H10	1328	0.32539084239817856	0.363496005182466	0.24041811846689895	0.3344262295081967	0.4070175438596491	0.2576271186440678	0.365	0.42368761770244817	0.2804168356410405	98.0	120.0	75.0	23.0	44.0	22.0
subimage_G10	7835	0.3252279635258359	0.3902283010036924	0.21507478825013515	0.3368421052631579	0.4301994301994302	0.23218997361477572	0.3482849604221636	0.4487022851154742	0.27314083270629547	130.0	166.0	89.0	39.0	75.0	36.0
subimage_F10	7730	0.33118590740932824	0.3796595554091204	0.2159090909090909	0.34196891191709844	0.4289340101522843	0.22816901408450704	0.3602015113350126	0.4418327796234773	0.2764976958525346	129.0	162.0	86.0	43.0	74.0	33.0
subimage_E10	2523	0.35594630418229506	0.3412698412698413	0.2773109243697479	0.3649754500818331	0.3448844884488449	0.2899022801302932	0.3745704467353952	0.3504587155963303	0.3011628191965927	224.0	210.0	177.0	46.0	34.0	-12.0
subimage_D10	2701	0.33611111111111114	0.35014836795252224	0.2347560975609756	0.35777126099706746	0.3745819397993311	0.26861702127659576	0.375	0.4141689373297003	0.2880886426592798	119.0	124.0	89.0	29.0	35.0	5.0
subimage_C10	10527	0.329153605015674	0.38607493692239453	0.18293837039316765	0.34124629080118696	0.4441176470588235	0.21584699453551912	0.358714346757825	0.47564469914040114	0.26582278481012656	124.0	163.0	77.0	45.0	79.0	35.0
subimage_B10	2792	0.33582887700534764	0.3505939865433137	0.234423552259887	0.34502923976608185	0.4024540800963565	0.2536443148688047	0.3810177119628339	0.4139017826774174	0.2844160303246718	119.0	139.0	88.0	31.0	51.0	20.0
subimage_A10	1264	0.32335085354896675	0.3578086434126578	0.2507580930289114	0.3354632587859425	0.4	0.264026402640264	0.36547345138803294	0.4080267558528428	0.29070314565159927	105.0	126.0	83.0	23.0	43.0	21.0
subimage_H11	10915	0.3248407643312102	0.3891625615763547	0.2079207920792079	0.34192037470725994	0.43870967741935485	0.21980676328502416	0.34988179669030733	0.45136261261261257	0.27496435845213846	134.0	172.0	85.0	48.0	85.0	37.0
subimage_G11	3650	0.32622874083320336	0.39083158822881076	0.21382509930486593	0.3360655737704918	0.4318181818181818	0.23314606741573032	0.35185185185185186	0.44250584884548877	0.2745872731919243	118.0	152.0	82.0	36.0	70.0	33.0
subimage_F11	2620	0.33519553072625696	0.3399203488337222	0.24742088437084667	0.346031746031746	0.393840885142255	0.26198083067092653	0.36608557844690964	0.40728476821192056	0.3021003689561972	109.0	126.0	83.0	27.0	41.0	15.0
subimage_E11	16776	0.31962025316455694	0.3458083832335329	0.20496127597576874	0.3385012919896641	0.44135802469135804	0.2225201072386059	0.36299829540357065	0.45808383233532934	0.29161895674300253	127.0	165.0	82.0	42.0	78.0	38.0
subimage_D11	18864	0.3187919463087248	0.40552016985138006	0.19941348973607037	0.3361581920903955	0.44623655913978494	0.21715817694369974	0.34813084112149534	0.4623955431754875	0.26261963176624004	122.0	163.0	78.0	43.0	83.0	39.0
subimage_C11	2209	0.32870964651786566	0.3586681342872867	0.24343675417661098	0.35523613963039014	0.3850574712643678	0.25748502994011974	0.3794749403341289	0.40114613180515757	0.2857142857142857	127.0	139.0	92.0	35.0	46.0	11.0
subimage_B11	2328	0.3211258197716784	0.3671598737570842	0.2561125374411639	0.3387096774193548	0.38769230769230767	0.2721311475409836	0.3589108910891089	0.41351320596514346	0.2874617737003058	103.0	120.0	83.0	20.0	35.0	15.0
subimage_A11	2299	0.3568215892053973	0.34006617647058823	0.24907749077490776	0.38917975567190227	0.3443579766536965	0.2649122807017544	0.40653532375886897	0.3484848484848485	0.30132450331125826	221.0	197.0	151.0	70.0	45.0	-24.0
subimage_H12	15460	0.3165669830999106	0.4077115167370236	0.20606060606060606	0.33126934984520123	0.4491017964071856	0.21902017291066284	0.34075759295249175	0.46153846153846156	0.2631578947368421	111.0	150.0	73.0	37.0	77.0	39.0
subimage_G12	7086	0.3265895953757225	0.3872581525979092	0.20821114369501467	0.3433734939759036	0.4252199413489736	0.2336448598130841	0.3564883204513614	0.44565217391304346	0.2684326773594206	121.0	148.0	81.0	38.0	64.0	29.0
subimage_F12	1345	0.33015873015873015	0.37860610875706213	0.23686044379240784	0.33969465648854963	0.4098939929328622	0.25	0.3595109395109395	0.4233303261434156	0.2749289095136207	101.0	122.0	74.0	27.0	48.0	21.0
subimage_E12	1478	0.33234756097560975	0.3782235444113897	0.23775007601094558	0.3426183844011142	0.4028778467908903	0.2552942808957582	0.35641406448337143	0.4169758404344976	0.2776359088698421	121.0	143.0	90.0	31.0	51.0	21.0
subimage_D12	11779	0.32	0.40055588126723557	0.20474777448071216	0.3314121037463977	0.44846796657381616	0.2197452229299363	0.3430493273542601	0.465280612244898	0.26426426426426425	113.0	153.0	75.0	37.0	76.0	39.0
subimage_C12	1810	0.3274336283185841	0.34822113129417853	0.23736594815591755	0.33962264150943394	0.3950230272069353	0.26646706586826346	0.377840616966581	0.40696023769349277	0.2951219512195122	109.0	126.0	85.0	23.0	41.0	18.0
subimage_B12	2123	0.3359580052493438	0.3584905660377358	0.2336988680216105	0.3548387096774194	0.3978201634877384	0.25065963060686014	0.3747313844561455	0.4171412786108919	0.2752587140073609	133.0	152.0	94.0	40.0	55.0	16.0
subimage_A12	4488	0.31699346405228757	0.3967544294206784	0.21180555555555555	0.3274647887323944	0.4416403785488959	0.2302839116719243	0.34548774259448417	0.46048109965635736	0.2706814921090387	107.0	144.0	75.0	31.0	69.0	36.0