subimage	all_plant_pixels	ratio_r_q5	ratio_g_q5	ratio_b_q5	ratio_r_median	ratio_g_median	ratio_b_median	ratio_r_q95	ratio_g_q95	ratio_b_q95	pix_r_median	pix_g_median	pix_b_	diff_rb_median	diff_gb_median	diff_gr_median
subimage_H1	4410	0.3495142205818498	0.3564356435643564	0.2006079027355623	0.3644067796610169	0.393567196463839	0.24242424242424243	0.399381615278417	0.42565597667638483	0.2727272727272727	126.0	137.0	83.0	43.0	52.0	12.0
subimage_G1	3363	0.35194227905754577	0.34731543624161076	0.20982374167283493	0.37244897959183676	0.37922705314009664	0.25279642058165547	0.3868131868131868	0.41411213235294114	0.28928130511463845	172.0	177.0	110.0	55.0	55.0	1.0
subimage_F1	3304	0.34857929226736567	0.36031490153381046	0.2027563501790306	0.36103151862464183	0.42	0.21951219512195122	0.38117600631412785	0.4365249442825304	0.2735341752717264	128.0	148.0	78.0	48.0	68.0	20.0
subimage_E1	3747	0.3573842800802602	0.34371221934369606	0.22435359218294448	0.37809187279151946	0.3512476007677543	0.2674199623352166	0.3937007874015748	0.3975	0.2951118310109168	202.0	187.0	142.0	59.0	45.0	-14.0
subimage_D1	13186	0.34552845528455284	0.38585414987912975	0.15918367346938775	0.35772357723577236	0.44	0.19938172505399154	0.37543859649122807	0.47101449275362317	0.2626728110599078	121.0	149.0	67.0	52.0	80.0	27.0
subimage_C1	6626	0.34966592427616927	0.38085106382978723	0.16243153312280326	0.36338028169014086	0.43699731903485256	0.199438202247191	0.38071983364931805	0.46148122710622713	0.26581589035051434	136.0	162.0	74.0	60.0	87.0	26.0
subimage_B1	7126	0.3454254700523357	0.3821656050955414	0.18947368421052632	0.3541666666666667	0.4402332361516035	0.20527859237536658	0.36235955056179775	0.4548611111111111	0.2696152404623821	122.0	151.0	70.0	50.0	78.0	29.0
subimage_A1	10953	0.3497352699680059	0.3502850181665785	0.16877388535031848	0.36538461538461536	0.4265927977839335	0.20537897310513448	0.3826291079812207	0.4584615384615385	0.28254425156031515	135.0	159.0	77.0	57.0	81.0	22.0
subimage_H2	10802	0.34146341463414637	0.3893139949109415	0.19642857142857142	0.3515151515151515	0.4310850439882698	0.21739130434782608	0.36578171091445427	0.4454828660436137	0.26153846153846155	118.0	144.0	72.0	44.0	70.0	26.0
subimage_G2	5506	0.3559322033898305	0.3630425059970997	0.1961585872987584	0.3674540682414698	0.3879781420765027	0.24473684210526317	0.3879310344827586	0.41909239355422334	0.27087289029535866	137.0	145.0	91.0	46.0	53.0	8.0
subimage_F2	4232	0.35410764872521244	0.3398328690807799	0.21787709497206703	0.37168141592920356	0.37759264380530977	0.25290697674418605	0.40059347181008903	0.40634005763688763	0.2887122872567335	134.0	137.0	89.0	43.0	44.0	2.0
subimage_E2	3297	0.3550561797752809	0.3474714518760196	0.1837333586313759	0.36790123456790125	0.3979848866498741	0.23059866962305986	0.38684719535783363	0.4394736842105263	0.29210769380812235	157.0	175.0	98.0	60.0	68.0	10.0
subimage_D2	14420	0.3492537313432836	0.3925039015371439	0.1848101265822785	0.3620178041543027	0.4360597854943188	0.2018140589569161	0.3685446009389671	0.45179063360881544	0.25714579659024095	146.0	175.0	80.0	62.0	92.0	29.0
subimage_C2	7955	0.3481617219313555	0.38613217070080114	0.1615534604671095	0.36666666666666664	0.4341736694677871	0.20045045045045046	0.38235294117647056	0.46107784431137727	0.2636165577342048	142.0	167.0	77.0	63.0	89.0	26.0
subimage_B2	12180	0.34591194968553457	0.38738738738738737	0.1715938032592252	0.3552036199095023	0.4321608040201005	0.21008403361344538	0.37894736842105264	0.4551282051282051	0.2620545073375262	132.0	160.0	77.0	52.0	81.0	27.0
subimage_A2	11740	0.3463541666666667	0.38917404201517214	0.1553018539431583	0.36	0.4356955380577428	0.20308483290488433	0.3778501628664495	0.47330960854092524	0.25961662052600354	127.0	154.0	72.0	54.0	81.0	26.0
subimage_H3	3927	0.357555962089652	0.3517791042580835	0.20987654320987653	0.37435897435897436	0.38636363636363635	0.23891625615763548	0.38311688311688313	0.4117647058823529	0.2861324345757335	154.0	162.0	96.0	57.0	60.0	6.0
subimage_G3	2870	0.35515548281505727	0.34330708661417325	0.2332051282051282	0.3644067796610169	0.34724540901502504	0.2873469920883714	0.378594137076796	0.39203345070422535	0.3	217.0	206.0	170.0	45.0	36.0	-10.0
subimage_F3	4600	0.3574004042304368	0.34639230828044953	0.20570264765784113	0.37254901960784315	0.36958561057182476	0.25274746508605905	0.3907815631262525	0.4146868250539957	0.29329173166926675	199.0	200.0	125.0	59.0	55.0	-3.0
subimage_E3	5075	0.35428571428571426	0.3477366255144033	0.1966824644549763	0.3704600484261501	0.38141809290953543	0.2446043165467626	0.3982458108217582	0.4121951219512195	0.29448242695227206	160.0	165.0	99.0	52.0	58.0	1.0
subimage_D3	12000	0.3502673796791444	0.39329828702213643	0.17611846428236178	0.36436170212765956	0.42676767676767674	0.20798319327731093	0.37735849056603776	0.4518950437317784	0.25225327600327596	146.0	172.0	84.0	62.0	88.0	25.0
subimage_C3	8932	0.343634937587611	0.39060845588235293	0.1936955636955637	0.3522727272727273	0.4350282485875706	0.2123076923076923	0.35967302452316074	0.451311630847029	0.2642369020501139	124.0	153.0	74.0	48.0	77.0	28.0
subimage_B3	11898	0.34474327628361856	0.38209606986899564	0.16578947368421051	0.3632286995515695	0.42928666315763087	0.20685736677115987	0.3789173789173789	0.4639175257731959	0.26641776698300756	143.0	166.0	80.0	57.0	85.0	25.0
subimage_A3	10267	0.3470873786407767	0.38917525773195877	0.18548387096774194	0.35964912280701755	0.4321608040201005	0.20821114369501467	0.3684210526315789	0.4498541207618815	0.261579947548204	130.0	155.0	76.0	52.0	78.0	26.0
subimage_H4	6017	0.3482142857142857	0.3539128718167519	0.185555057522785	0.36443148688046645	0.3944099378881988	0.23708206686930092	0.3939393939393939	0.43169082125603864	0.279126213592233	122.0	134.0	79.0	41.0	51.0	11.0
subimage_G4	4399	0.3548387096774194	0.3470474178514264	0.18110236220472442	0.3793103448275862	0.3893129770992366	0.23291139240506328	0.39825831278736584	0.43157894736842106	0.2873956196651889	154.0	164.0	94.0	61.0	62.0	5.0
subimage_F4	4111	0.3557377049180328	0.3457792207792208	0.20347394540942929	0.36658354114713215	0.36899563318777295	0.25813449023861174	0.3817213813139896	0.42574257425742573	0.29716193656093487	170.0	177.0	119.0	53.0	50.0	-1.0
subimage_E4	3012	0.3557456840272741	0.34335905119300997	0.2560710498409332	0.36618561946390993	0.3468013468013468	0.2864406779661017	0.37918871252204583	0.37546462458072843	0.2995090016366612	215.0	204.0	168.0	46.0	35.0	-11.0
subimage_D4	9834	0.3468208092485549	0.38144329896907214	0.16183661634584806	0.3631713554987212	0.43444730077120824	0.20165745856353592	0.37821155682903534	0.4642857142857143	0.26506024096385544	138.0	165.0	77.0	60.0	88.0	27.0
subimage_C4	11284	0.34210526315789475	0.3818984547461369	0.17109312785311304	0.3526170798898072	0.43243243243243246	0.21529745042492918	0.3723404255319149	0.4623237143498765	0.26789366053169733	126.0	154.0	76.0	47.0	76.0	28.0
subimage_B4	22342	0.34352941176470586	0.39647741878783216	0.1878453038674033	0.35537190082644626	0.43915343915343913	0.20555555555555555	0.36972554327393037	0.4540229885057471	0.25183374083129584	130.0	161.0	75.0	55.0	85.0	31.0
subimage_A4	7930	0.3457588518089623	0.392464243498818	0.19140625	0.3522388059701492	0.43543543543543545	0.2116564417177914	0.35876892224091084	0.4552238805970149	0.26044226044226043	120.0	149.0	72.0	47.0	75.0	28.0
subimage_H5	3920	0.3557040159327768	0.3443708609271523	0.21613832853025935	0.36454849498327757	0.3522935779816514	0.28102189781021897	0.37557603686635943	0.42191780821917807	0.29720853858784896	197.0	190.0	152.0	47.0	39.0	-7.0
subimage_G5	3938	0.3575621602737719	0.3441226575809199	0.23796677826422868	0.37610625013705756	0.3516699410609037	0.2715711834202363	0.3947447526632212	0.376095229495085	0.2967995280629726	206.0	191.0	145.0	55.0	42.0	-13.0
subimage_F5	4442	0.3563034869120062	0.34789930657577717	0.2079207920792079	0.37472283813747226	0.38011581522457794	0.23648840096645735	0.39800995024875624	0.4143920595533499	0.29411764705882354	175.0	180.0	109.0	64.0	63.0	0.0
subimage_E5	3624	0.35535935655253836	0.3432343234323432	0.21395348837209302	0.36923076923076925	0.34990043901840395	0.28107007210876866	0.38521841102316035	0.4098360655737705	0.30016863406408095	197.0	190.0	152.0	49.0	37.0	-8.0
subimage_D5	9136	0.3475336322869955	0.38568473684452176	0.1627709893575089	0.3627760252365931	0.43147208121827413	0.20353982300884957	0.3760217983651226	0.4691780821917808	0.26400831600831604	139.0	164.0	78.0	58.0	87.0	25.0
subimage_C5	12126	0.3472222222222222	0.3852336310984588	0.16141257575214257	0.3622291021671827	0.43768115942028984	0.20125786163522014	0.37734604470553096	0.4675324675324675	0.26476912655367735	130.0	158.0	72.0	56.0	83.0	26.0
subimage_B5	8263	0.3407960199004975	0.39018718094157684	0.1879432624113475	0.35195530726256985	0.4411764705882353	0.20689655172413793	0.35873015873015873	0.45695364238410596	0.2659315684315684	116.0	145.0	68.0	47.0	77.0	29.0
subimage_A5	15506	0.34324942791762014	0.40049907891274106	0.17791411042944785	0.3538011695906433	0.4441176470588235	0.20118343195266272	0.36470588235294116	0.46257395466329854	0.25143297704007495	117.0	148.0	66.0	50.0	79.0	30.0
subimage_H6	4282	0.3553875236294896	0.34358326483642937	0.23820754716981132	0.3736362915063276	0.35067437379576105	0.275390625	0.39364278874430675	0.3752808988764045	0.29944547134935307	187.0	177.0	138.0	50.0	38.0	-10.0
subimage_G6	6456	0.3553530751708428	0.35315157815157816	0.18642814161067095	0.371263070873179	0.39285714285714285	0.23976608187134502	0.40061162079510704	0.42814590759829313	0.27832761402631634	133.0	144.0	83.0	50.0	54.0	8.0
subimage_F6	5816	0.35167355580199616	0.3686635944700461	0.20473042150380896	0.36176470588235293	0.3963963963963964	0.2331533445886942	0.3837610719963661	0.4294117647058823	0.2696629213483146	126.0	140.0	81.0	47.0	56.0	11.0
subimage_E6	3731	0.3563491083555289	0.34364820846905536	0.2217087851105609	0.3739565943238731	0.35	0.2730496453900709	0.39076003403137455	0.39331619537275064	0.29876679485997276	211.0	196.0	153.0	56.0	43.0	-10.0
subimage_D6	13129	0.34510230179028134	0.3845210004719207	0.18633313524488684	0.3567961165048544	0.42782152230971127	0.2159383033419023	0.37201126789287847	0.44846796657381616	0.26406503032419903	143.0	172.0	85.0	55.0	83.0	28.0
subimage_C6	8219	0.3408572220619268	0.38694865237064724	0.17567567567567569	0.35555555555555557	0.44077134986225897	0.20285714285714285	0.36585365853658536	0.46464646464646464	0.26943441505317695	125.0	154.0	71.0	52.0	82.0	29.0
subimage_B6	10529	0.3464788732394366	0.383936318562132	0.1632047477744807	0.3624454148471616	0.43509615384615385	0.2018348623853211	0.3788300835654596	0.4657039711191336	0.26573426573426573	135.0	160.0	75.0	57.0	84.0	26.0
subimage_A6	13020	0.3522388059701492	0.3945578231292517	0.16138328530259366	0.3659942363112392	0.43258426966292135	0.20099255583126552	0.3788546255506608	0.4666666666666667	0.2506275378368401	135.0	161.0	74.0	62.0	89.0	25.0
subimage_H7	10850	0.3448275862068966	0.394954915900815	0.18289085545722714	0.35542168674698793	0.4383954154727794	0.20505174919363414	0.3667671178737279	0.4573170731707317	0.25668449197860965	123.0	151.0	70.0	51.0	79.0	28.0
subimage_G7	7196	0.34727697130325985	0.39442280382430595	0.1910828025477707	0.35327635327635326	0.438953488372093	0.20754716981132076	0.3595758641871894	0.45422535211267606	0.254957507082153	119.0	149.0	70.0	48.0	77.0	29.0
subimage_F7	5262	0.34285714285714286	0.3923809074005946	0.18895598577479422	0.3510971786833856	0.4375	0.21114369501466276	0.3608232778819119	0.455401932791566	0.2594252271139063	117.0	146.0	70.0	46.0	75.0	29.0
subimage_E7	8322	0.3413181636726547	0.38493768839699466	0.17328966927831363	0.35127478753541075	0.4325153374233129	0.21597633136094674	0.37272727272727274	0.46078431372549017	0.26651453775733874	120.0	147.0	73.0	45.0	72.0	27.0
subimage_D7	4581	0.3468085106382979	0.3811659192825112	0.18181818181818182	0.3586698337292161	0.41148325358851673	0.23036649214659685	0.37844611528822053	0.44662921348314605	0.26857142857142857	146.0	167.0	93.0	52.0	73.0	21.0
subimage_C7	9340	0.34793159316940814	0.3808508268966498	0.1833810888252149	0.3604060913705584	0.42894736842105263	0.2103825136612022	0.37371134020618557	0.45375722543352603	0.265658747300216	138.0	164.0	80.0	57.0	82.0	26.0
subimage_B7	10394	0.3480474917239623	0.3609341825902335	0.17228464419475656	0.35714285714285715	0.43360433604336046	0.20954907161803712	0.3782991202346041	0.46105919003115264	0.28019551144282495	129.0	157.0	76.0	53.0	81.0	28.0
subimage_A7	6155	0.339473238769085	0.39214138286893707	0.20316857569721117	0.347953216374269	0.43174603174603177	0.21991701244813278	0.3580820775369789	0.44673539518900346	0.26368938596833064	111.0	137.0	70.0	40.0	67.0	27.0
subimage_H8	6865	0.34226190476190477	0.39210526315789473	0.18895348837209303	0.3549382716049383	0.4264705882352941	0.2182890855457227	0.36768802228412256	0.4519174702848172	0.2620481195170676	126.0	151.0	77.0	47.0	74.0	25.0
subimage_G8	3992	0.350615763546798	0.3889588100686499	0.19298245614035087	0.3615819209039548	0.4293785310734463	0.20949720670391062	0.371925071298937	0.4408284023668639	0.25750717742596996	127.0	151.0	73.0	53.0	78.0	24.0
subimage_F8	6103	0.34382630137334524	0.3959921170447486	0.19375216262975778	0.3509933774834437	0.43843843843843844	0.21021021021021022	0.3596003763768196	0.45366753400744375	0.25587406072641244	116.0	144.0	69.0	46.0	74.0	28.0
subimage_E8	6732	0.34375	0.39599437101070517	0.1916376306620209	0.3507692307692308	0.43526170798898073	0.21428571428571427	0.35986159169550175	0.4532871972318339	0.25653206650831356	121.0	150.0	74.0	46.0	75.0	29.0
subimage_D8	14269	0.35170603674540685	0.3702213279678068	0.16510903426791276	0.3602941176470588	0.42992874109263657	0.20930232558139536	0.37948717948717947	0.463700566513486	0.2727272727272727	140.0	165.0	81.0	58.0	86.0	26.0
subimage_C8	10116	0.348780487804878	0.3729166666666667	0.17307692307692307	0.35903614457831323	0.4233576642335766	0.2175	0.38019585330138445	0.45427728613569324	0.27059445342619076	145.0	170.0	88.0	56.0	83.0	25.0
subimage_B8	6217	0.34411764705882353	0.38979118329466356	0.18456375838926176	0.35587188612099646	0.43452380952380953	0.20977011494252873	0.36620449972562646	0.4548736462093863	0.26098494320549837	116.0	142.0	69.0	47.0	73.0	26.0
subimage_A8	9534	0.34185303514376997	0.387569009937431	0.16052066559312936	0.35185185185185186	0.43636363636363634	0.21069182389937108	0.3732394366197183	0.4770992366412214	0.2624113475177305	116.0	143.0	69.0	45.0	73.0	28.0
subimage_H9	8763	0.34367594684842484	0.3938679245283019	0.1891891891891892	0.35365853658536583	0.4344262295081967	0.20972644376899696	0.36528497409326427	0.45348837209302323	0.25882352941176473	125.0	154.0	73.0	51.0	79.0	29.0
subimage_G9	6141	0.343042071197411	0.391705069124424	0.19365079365079366	0.35185185185185186	0.4409221902017291	0.2072072072072072	0.3613053613053613	0.4519230769230769	0.2605932203389831	118.0	148.0	69.0	48.0	78.0	30.0
subimage_F9	6898	0.3428460972017673	0.3940998956668736	0.17624285534828213	0.35365853658536583	0.43243243243243246	0.21301775147928995	0.36363636363636365	0.4681647940074906	0.2575113636363636	117.0	143.0	70.0	45.0	71.0	26.0
subimage_E9	3643	0.35030549898167007	0.3755992531217178	0.18086684765452365	0.36515513126491644	0.40966921119592875	0.2246376811594203	0.3861091127098321	0.43874643874643876	0.2683928231098042	152.0	169.0	93.0	57.0	77.0	17.0
subimage_D9	6618	0.3466003381050607	0.3792372881355932	0.16853932584269662	0.3641160949868074	0.42048517520215634	0.2154922917634782	0.38359918466475845	0.4542696417008418	0.26889169000933705	137.0	158.0	81.0	56.0	77.0	21.0
subimage_C9	5717	0.34365325077399383	0.38750918270968643	0.18811260436388466	0.35410764872521244	0.43515850144092216	0.21148036253776434	0.36700694892184255	0.45036074730761905	0.26119402985074625	118.0	145.0	70.0	47.0	74.0	27.0
subimage_B9	7405	0.34311955030319125	0.38427947598253276	0.16102329714974925	0.35638297872340424	0.43454038997214484	0.21069182389937108	0.3774175775348796	0.4681624084544001	0.2654462242562929	125.0	152.0	73.0	50.0	77.0	27.0
subimage_A9	4761	0.345821325648415	0.3888888888888889	0.1976401179941003	0.35526315789473684	0.42813455657492355	0.21646341463414634	0.36578171091445427	0.4444444444444444	0.26098191214470284	122.0	147.0	74.0	47.0	72.0	25.0
subimage_H10	10138	0.3444803157053073	0.3878504672897196	0.15894039735099338	0.35398230088495575	0.4383954154727794	0.20760233918128654	0.37180028891296496	0.4756944444444444	0.26262626262626265	122.0	151.0	71.0	50.0	79.0	28.0
subimage_G10	8180	0.34523809523809523	0.3829787234042553	0.15900804754999082	0.359375	0.4342857142857143	0.20924574209245742	0.376094599886863	0.4709897610921502	0.2651834175556803	125.0	153.5	74.0	54.0	81.0	27.0
subimage_F10	6310	0.34593023255813954	0.38085106382978723	0.16198339886413282	0.35439870513233945	0.4304461942257218	0.21606648199445982	0.3806646525679758	0.46019383286891014	0.26898047722342733	131.0	158.0	77.0	49.0	77.0	25.0
subimage_E10	5788	0.3427099864809263	0.3942944875519435	0.19571865443425077	0.3521505376344086	0.43373493975903615	0.21474358974358973	0.36095702939594343	0.4482758620689655	0.25675675675675674	119.0	147.0	72.0	46.0	73.0	28.0
subimage_D10	5736	0.344311377245509	0.38994422093333164	0.1985278624506595	0.35294117647058826	0.42857142857142855	0.2185792349726776	0.35962145110410093	0.4470396446895554	0.261441292511154	121.0	147.0	75.0	45.0	71.0	26.0
subimage_C10	7851	0.34452841539300283	0.38973260857629166	0.15789473684210525	0.3587570621468927	0.43466666666666665	0.20743034055727555	0.37803243313934476	0.47147147147147145	0.2600952397072846	128.0	155.0	73.0	54.0	80.0	27.0
subimage_B10	8501	0.3485254691689008	0.3674321503131524	0.16473988439306358	0.3581780538302277	0.4220430107526882	0.2219178082191781	0.3875968992248062	0.46060606060606063	0.27578947368421053	136.0	158.0	82.0	49.0	74.0	22.0
subimage_A10	4876	0.3469387755102041	0.38920680805875935	0.17040358744394618	0.35692761515770366	0.4303030303030303	0.21348671203512934	0.3699725274725275	0.46539790854306984	0.259857137288532	113.0	135.0	68.0	44.0	68.0	23.0
subimage_H11	9593	0.34523809523809523	0.39387102101482185	0.18604651162790697	0.3541666666666667	0.4375	0.20797720797720798	0.3662915060315881	0.45507246376811594	0.25874125874125875	128.0	158.0	74.0	52.0	82.0	30.0
subimage_G11	5370	0.3455260463834311	0.3933416435826408	0.1858974358974359	0.35454545454545455	0.441002512387466	0.2042042042042042	0.36054421768707484	0.4559098384336734	0.25833749064604644	118.0	147.0	68.0	50.0	78.0	29.0
subimage_F11	4876	0.34780372159599215	0.37131417730105565	0.16715542521994134	0.3638814016172507	0.4236647653616801	0.21492537313432836	0.3850746268656716	0.45288753799392095	0.2706969019049556	138.0	159.0	80.0	56.0	78.0	21.0
subimage_E11	4974	0.347318425278061	0.3900709219858156	0.17971142129168052	0.3559322033898305	0.43804034582132567	0.2062146892655367	0.3668639053254438	0.4593973832489733	0.25839442775494254	123.0	151.0	71.0	51.0	79.0	28.0
subimage_D11	8114	0.34615384615384615	0.38971463111218124	0.17888563049853373	0.35398230088495575	0.43788819875776397	0.20674701703565762	0.3713450292397661	0.4573170731707317	0.26126126126126126	128.0	158.0	74.0	52.0	83.0	30.0
subimage_C11	6029	0.34656084656084657	0.38146551724137934	0.17146555709662506	0.35638297872340424	0.43103448275862066	0.21329639889196675	0.37791864354048377	0.4560810810810811	0.2674059599413776	127.0	153.0	76.0	50.0	77.0	25.0
subimage_B11	8964	0.34782608695652173	0.3795199989724356	0.16301953219194598	0.35772357723577236	0.4273743016759777	0.21581823410986484	0.378125	0.46417445482866043	0.26760150748239436	135.0	162.0	81.0	54.0	81.0	27.0
subimage_A11	6012	0.34438775510204084	0.3937364130434783	0.19117647058823528	0.3525835866261398	0.43322475570032576	0.21428571428571427	0.36079545454545453	0.45224680419871127	0.2593516209476309	113.0	138.0	68.0	44.0	70.0	26.0
subimage_H12	10717	0.3445121951219512	0.39230420373277514	0.18580035143502635	0.3554913294797688	0.4401114206128134	0.20294117647058824	0.3693512608085472	0.45375722543352603	0.25936808921093485	124.0	153.0	70.0	52.0	80.0	28.0
subimage_G12	5763	0.34341470864149054	0.3927765237020316	0.1831037507093845	0.35127478753541075	0.43902439024390244	0.20994475138121546	0.3597122302158273	0.46153846153846156	0.2601151385927505	119.0	149.0	72.0	47.0	77.0	30.0
subimage_F12	7739	0.34598214285714285	0.3849303567496146	0.1639871382636656	0.3608815426997245	0.4341736694677871	0.20527859237536658	0.37735849056603776	0.464709653092006	0.2643490684749554	133.0	161.0	75.0	57.0	84.0	27.0
subimage_E12	11061	0.344311377245509	0.38177874186550975	0.16610169491525423	0.3539325842696629	0.4359673024523161	0.2111111111111111	0.3701492537313433	0.4716981132075472	0.26635514018691586	124.0	152.0	74.0	50.0	80.0	29.0
subimage_D12	9698	0.34770773306069336	0.3878504672897196	0.1781609195402299	0.3563218390804598	0.438953488372093	0.203125	0.3712737127371274	0.4594594594594595	0.26107398348777655	130.0	160.0	74.0	56.0	85.0	30.0
subimage_C12	9315	0.34460914760914757	0.39277489189262693	0.1826086956521739	0.35428571428571426	0.43641618497109824	0.20797720797720798	0.3688375558867362	0.4556213017751479	0.25749273984220394	128.0	158.0	74.0	52.0	81.0	29.0
subimage_B12	5321	0.3438395415472779	0.3840909090909091	0.16666666666666666	0.35714285714285715	0.4298245614035088	0.21470588235294116	0.3806646525679758	0.46006389776357826	0.26605504587155965	126.0	151.0	75.0	49.0	76.0	25.0
subimage_A12	11445	0.34490988314517723	0.38830327249162977	0.1821107420180691	0.3548387096774194	0.43630573248407645	0.20689655172413793	0.37003058103975534	0.45723684210526316	0.261174545029422	117.0	144.0	68.0	49.0	75.0	27.0