subimage	all_plant_pixels	ratio_r_q5	ratio_g_q5	ratio_b_q5	ratio_r_median	ratio_g_median	ratio_b_median	ratio_r_q95	ratio_g_q95	ratio_b_q95	pix_r_median	pix_g_median	pix_b_median	diff_rb_median	diff_gb_median	diff_gr_median
subimage_H1	2265	0.3182132746146587	0.3937171066051977	0.20444444444444446	0.3273542600896861	0.43197278911564624	0.23986486486486486	0.3375796178343949	0.4674839179512076	0.280859337027316	98.0	129.0	72.0	26.0	56.0	31.0
subimage_G1	3512	0.33748280817789866	0.36804798896959917	0.22957498482088645	0.36134453781512604	0.38227146814404434	0.25316455696202533	0.3766052014143617	0.4219858156028369	0.27558151003567144	127.0	136.0	90.0	38.0	47.0	8.0
subimage_F1	10242	0.326007326007326	0.3937032480314961	0.19601654615334507	0.33865814696485624	0.44272445820433437	0.22077922077922077	0.3514644351464435	0.45937444787985865	0.26751398757090583	102.0	133.0	64.0	34.0	63.0	31.0
subimage_E1	1887	0.3289036544850498	0.3796112684922883	0.23342679127725857	0.3353115727002967	0.40668523676880225	0.25878594249201275	0.3554161566707466	0.4228395061728395	0.2835684382963232	109.0	131.0	85.0	25.0	48.0	23.0
subimage_D1	6370	0.3262411347517731	0.3882978723404255	0.19011406844106463	0.3367003367003367	0.4405144694533762	0.22435897435897437	0.35	0.4669260700389105	0.2759100829332169	100.0	131.0	66.0	33.0	64.0	31.0
subimage_C1	5276	0.33228592119360345	0.38141809290953543	0.19463087248322147	0.34185303514376997	0.4362017804154303	0.22258064516129034	0.35526315789473684	0.45348294723294724	0.28058471590074874	113.0	143.0	73.0	38.0	69.0	30.0
subimage_B1	1841	0.3235294117647059	0.37900874635568516	0.24381625441696114	0.3333333333333333	0.3950617283950617	0.27076923076923076	0.35737704918032787	0.40875912408759124	0.2844574780058651	106.0	126.0	86.0	20.0	40.0	19.0
subimage_A1	551	0.3551587301587302	0.3469190001582028	0.22847682119205298	0.3745173745173745	0.3531746031746032	0.2718631178707224	0.4139072847682119	0.35785288270377735	0.2970110920866523	190.0	180.0	137.0	51.0	40.0	-10.0
subimage_H2	8026	0.323943661971831	0.3930381514885466	0.20132013201320131	0.33691756272401435	0.4416058394160584	0.22372881355932203	0.3492063492063492	0.4551282051282051	0.26988636363636365	104.0	136.0	67.0	35.0	65.0	32.0
subimage_G2	6657	0.3265993265993266	0.3911829525198509	0.19732441471571907	0.3367003367003367	0.43670886075949367	0.22647058823529412	0.3513686210171833	0.45646114225117407	0.2727272727272727	105.0	135.0	70.0	34.0	65.0	31.0
subimage_F2	4274	0.32342007434944237	0.39052161558757864	0.2189977076672498	0.33583024725994093	0.4281097955689198	0.2354948805460751	0.3562630988023952	0.44730622009569376	0.2692127190882099	102.0	130.0	71.0	30.0	59.0	28.0
subimage_E2	2042	0.324	0.375	0.25412632423463344	0.3377926421404682	0.38819875776397517	0.2727272727272727	0.36082003483500447	0.40135940663890973	0.2888854382332643	102.0	118.0	82.0	20.0	35.0	15.0
subimage_D2	10412	0.32463768115942027	0.3994541730440263	0.2	0.33557046979865773	0.4440677966101695	0.2206896551724138	0.35	0.4583333333333333	0.26494505494505494	102.0	136.0	66.0	35.0	67.0	33.0
subimage_C2	10462	0.32558139534883723	0.39710144927536234	0.19814241486068113	0.33865814696485624	0.4459016393442623	0.21630094043887146	0.34782608695652173	0.45918367346938777	0.2668609406952963	103.0	137.0	65.0	38.0	70.0	33.0
subimage_B2	7829	0.3300970873786408	0.39285714285714285	0.20760233918128654	0.33980582524271846	0.43373493975903615	0.22658610271903323	0.3536443973135383	0.44680851063829785	0.26744186046511625	114.0	146.0	75.0	38.0	69.0	32.0
subimage_A2	373	0.32535804351650927	0.35268987636824733	0.2629420970266041	0.3381818181818182	0.37898089171974525	0.2829581993569132	0.37037037037037035	0.3857133850324696	0.2945072483042958	103.0	116.0	88.0	17.0	28.0	13.0
subimage_H3	6244	0.3224995228096965	0.3896471859438128	0.2130668694721424	0.3355263157894737	0.429042904290429	0.2360655737704918	0.35060975609756095	0.4477124183006536	0.27637199153663045	105.0	135.0	73.0	31.0	59.0	29.0
subimage_G3	4712	0.3212121212121212	0.38912777415143607	0.20189274447949526	0.3354632587859425	0.43981078954995234	0.22504019292604502	0.35223341909662664	0.46	0.2750616702236758	104.0	139.0	69.0	35.0	67.0	33.0
subimage_F3	1026	0.32216505085823266	0.37796628514219227	0.26129437510131304	0.32954545454545453	0.38461538461538464	0.28517110266159695	0.3456466938142331	0.39858224216341603	0.29615384615384616	84.0	99.0	73.0	11.0	25.0	14.0
subimage_E3	1026	0.32919147545744987	0.3531451359421657	0.23442408234693102	0.35441060657198986	0.39380899992902263	0.25748502994011974	0.375	0.407605267526144	0.2878817656538658	118.0	134.0	86.0	32.0	45.0	14.0
subimage_D3	7742	0.3187250996015936	0.3906754877775286	0.1984732824427481	0.3298245614035088	0.44594594594594594	0.22661870503597123	0.3434897025171625	0.46564885496183206	0.27565775157248995	93.0	125.0	63.0	28.0	59.0	32.0
subimage_C3	7535	0.325722952980083	0.3939393939393939	0.20189274447949526	0.33860759493670883	0.4440993788819876	0.21875	0.34885637618195753	0.4565916398713826	0.2696629213483146	106.0	140.0	67.0	38.0	71.0	33.0
subimage_B3	2172	0.31354529616724736	0.3806228373702422	0.2565459303463119	0.33220338983050846	0.3951367781155015	0.2740299069258144	0.3427533475349969	0.4094197537388363	0.2935153583617747	99.0	119.0	81.0	17.0	35.0	20.0
subimage_A3	1143	0.33559791214591517	0.37306722689075633	0.2433234421364985	0.3504531722054381	0.39325842696629215	0.25588235294117645	0.36570199692780336	0.4051286674479871	0.27984893422169194	118.0	132.0	86.0	32.0	46.0	15.0
subimage_H4	12725	0.3233082706766917	0.3988439306358382	0.2	0.33455882352941174	0.4485294117647059	0.21656050955414013	0.3447098976109215	0.4602076124567474	0.2674772036474164	99.0	132.0	63.0	34.0	66.0	33.0
subimage_G4	1099	0.35555555555555557	0.3493515197512578	0.26519337016574585	0.362876254180602	0.35294117647058826	0.2838063439065108	0.37803135265782706	0.35611763221002146	0.29373496671701066	210.0	204.0	163.0	45.0	40.0	-6.0
subimage_F4	588	0.33608370152184586	0.35720489188231125	0.2315216503267974	0.3616199227957504	0.37572292982983985	0.26482679862961556	0.3969663570691434	0.39975694444444443	0.28591101694915255	126.0	128.0	88.0	34.0	39.0	5.0
subimage_E4	718	0.3366013071895425	0.3289385964912281	0.2507013201320132	0.3543923670505949	0.3710247349823322	0.275	0.38781910211267595	0.3927392739273927	0.30985915492957744	99.0	106.0	76.5	20.0	30.5	3.5
subimage_D4	9712	0.3250883392226148	0.39635903184290283	0.2040133779264214	0.3333333333333333	0.44483985765124556	0.22297297297297297	0.34598712033833134	0.4578921078921079	0.2680388701781187	101.0	134.0	66.0	33.0	65.0	33.0
subimage_C4	1479	0.33897830318568106	0.35429769392033544	0.23076923076923078	0.3638814016172507	0.3705357142857143	0.26109660574412535	0.38429045611247103	0.4129857637552905	0.2818755227209367	146.0	153.0	104.0	44.0	45.0	2.0
subimage_B4	1651	0.33993399339933994	0.3615106009738983	0.2563234017273682	0.34782608695652173	0.38485804416403785	0.26732673267326734	0.36277572168763883	0.3945578231292517	0.2822714451634312	110.0	122.0	84.0	25.0	37.0	12.0
subimage_A4	882	0.32748538011695905	0.35401878664592557	0.24125929625929626	0.3385093167701863	0.3958333333333333	0.26380368098159507	0.3821342479176874	0.4100867997727139	0.28778663765103285	113.0	133.0	88.0	26.0	44.0	20.0
subimage_H5	9709	0.3249097472924188	0.3957120829369115	0.20202020202020202	0.33633633633633636	0.4416961130742049	0.22295081967213115	0.3468013468013468	0.4576271186440678	0.2697947214076246	101.0	133.0	66.0	33.0	64.0	31.0
subimage_G5	8359	0.3224400871459695	0.3948849067599068	0.19933442578791416	0.3333333333333333	0.44621513944223107	0.2209737827715356	0.3475409836065574	0.45958193355729743	0.27197802197802196	100.0	134.0	65.0	33.0	65.0	33.0
subimage_F5	11076	0.31719837999147366	0.40054495912806537	0.16847826086956522	0.3333333333333333	0.44680851063829785	0.21887602234998788	0.3495702005730659	0.5020746887966805	0.2692307692307692	98.0	130.0	63.0	32.0	64.0	32.0
subimage_E5	8994	0.3286219081272085	0.39690721649484534	0.20064724919093851	0.3364485981308411	0.44242424242424244	0.22	0.35523762765121764	0.4557823129251701	0.2652439024390244	105.0	137.0	68.0	36.0	69.0	33.0
subimage_D5	5732	0.3254009612952188	0.3853904282115869	0.18688524590163935	0.3395638629283489	0.43288590604026844	0.2276657060518732	0.3610822306238185	0.46140747797094545	0.2766422226812642	113.0	142.5	74.0	36.0	67.0	30.0
subimage_C5	7905	0.3244712232473483	0.39886039886039887	0.2012779552715655	0.33447098976109213	0.4432234432234432	0.22295081967213115	0.34766136487990784	0.4585152838427948	0.2671416392644014	102.0	135.0	66.0	34.0	66.0	33.0
subimage_B5	5553	0.3267129206686255	0.38917017926971714	0.21140939597315436	0.3350125944584383	0.4391025641025641	0.22653721682847897	0.34169278996865204	0.4512987012987013	0.2791597894802404	104.0	136.0	70.0	33.0	65.0	32.0
subimage_A5	7841	0.3224489795918367	0.3885350318471338	0.20346320346320346	0.3356401384083045	0.44129554655870445	0.22580645161290322	0.34831460674157305	0.4554794520547945	0.27648578811369506	99.0	129.0	65.0	31.0	61.0	30.0
subimage_H6	8036	0.3267881800607567	0.39361702127659576	0.18213058419243985	0.3385093167701863	0.4424778761061947	0.21926910299003322	0.3536977491961415	0.47202797202797203	0.26944444444444443	104.0	136.0	67.0	36.0	68.0	32.0
subimage_G6	6930	0.3272207278607682	0.3819951338199513	0.16911764705882354	0.33663366336633666	0.43790849673202614	0.22741433021806853	0.3665480427046263	0.46785714285714286	0.28211586901763225	106.0	136.0	70.0	33.0	65.0	30.0
subimage_F6	8103	0.3249097472924188	0.3968697353719324	0.2032258064516129	0.3333333333333333	0.4437299035369775	0.2229299363057325	0.34717628380804777	0.4576271186440678	0.27055299799246973	102.0	135.0	66.0	33.0	66.0	33.0
subimage_E6	1459	0.3225806451612903	0.3641925859800789	0.24477611940298508	0.3488372093023256	0.3903225806451613	0.2623456790123457	0.36530558482613273	0.4041822278787373	0.28618530235452755	108.0	121.0	82.0	27.0	38.0	13.0
subimage_D6	9883	0.325	0.3965014577259475	0.202753947083844	0.3333333333333333	0.4421052631578947	0.22402597402597402	0.3523777564717162	0.4570446735395189	0.2689982135495396	101.0	134.0	66.0	32.0	64.0	32.0
subimage_C6	7611	0.3215686274509804	0.38912676840450616	0.20084576046919145	0.32978723404255317	0.4375	0.23448275862068965	0.34551495016611294	0.46139653704229355	0.27648892156755156	93.0	123.0	65.0	26.0	57.0	30.0
subimage_B6	6424	0.32441471571906355	0.3925273813030554	0.20640569395017794	0.332089552238806	0.429042904290429	0.23905723905723905	0.3493975903614458	0.4555160142348754	0.27246376811594203	101.0	130.0	72.0	28.0	57.0	30.0
subimage_A6	1396	0.3313295485761377	0.37928141633881046	0.24918828585070826	0.3386881720430107	0.39215686274509803	0.267741935483871	0.35854183757178015	0.40264026402640263	0.28156734739426403	106.0	124.0	84.0	22.0	40.0	17.0
subimage_H7	9377	0.3249097472924188	0.396011396011396	0.20713823393435046	0.3344155844155844	0.4368932038834951	0.22972972972972974	0.3465346534653465	0.4528301886792453	0.27021567021567017	103.0	135.0	69.0	32.0	63.0	32.0
subimage_G7	7109	0.3225806451612903	0.39360881621247873	0.20588235294117646	0.3333333333333333	0.44	0.22807017543859648	0.34869437076333626	0.4562043795620438	0.27201243523316065	99.0	131.0	66.0	30.0	61.0	32.0
subimage_F7	1589	0.3310344827586207	0.3619306209850107	0.21138211382113822	0.3540983606557377	0.40828402366863903	0.24057971014492754	0.3777753690736846	0.42724458204334365	0.27934918648310386	127.0	148.0	85.0	41.0	58.0	20.0
subimage_E7	960	0.35436820315461093	0.35233160621761656	0.25946975743776307	0.3626364494806421	0.3619984854104847	0.2748614555586173	0.3746232271433173	0.373134328358209	0.2883140933140933	131.0	130.0	98.0	31.0	31.0	0.0
subimage_D7	9923	0.3173431734317343	0.39886937209771856	0.20149253731343283	0.3298245614035088	0.4426229508196721	0.22945205479452055	0.34527687296416937	0.45878136200716846	0.2708758577865524	96.0	128.0	65.0	29.0	61.0	32.0
subimage_C7	6425	0.32209737827715357	0.3915373723824428	0.21014984033407025	0.33214285714285713	0.43506493506493504	0.23344947735191637	0.3460207612456747	0.45357142857142857	0.2745910799552981	99.0	129.0	69.0	29.0	60.0	31.0
subimage_B7	722	0.33518005540166207	0.3553925838628134	0.25230913012221423	0.344311377245509	0.3869128714155962	0.2693506217861519	0.3753843042071197	0.3963936497473083	0.2857142857142857	114.0	128.0	88.0	25.0	39.0	14.0
subimage_A7	1904	0.35828862100202075	0.35174430353144676	0.24821954516923375	0.3797216699801193	0.3562992125984252	0.2628270941925973	0.3911190979563072	0.3671350981541984	0.2882612621215936	181.0	170.0	125.0	55.0	45.0	-10.0
subimage_H8	12064	0.3238434163701068	0.39714285714285713	0.2012987012987013	0.33666666666666667	0.44648318042813456	0.2168284789644013	0.34419584039149254	0.4592833876221498	0.27217125382262997	103.0	137.0	66.0	36.0	70.0	33.0
subimage_G8	3265	0.32363938136552245	0.37991797294965557	0.23547597908651474	0.3396825396825397	0.4013377926421405	0.2601626016260163	0.3562531196273085	0.41768047800959934	0.2830622281066767	107.0	126.0	80.0	25.0	42.0	20.0
subimage_F8	2771	0.35638297872340424	0.34814156963357673	0.2426406872818202	0.3726235741444867	0.35507246376811596	0.270516717325228	0.39879747445536917	0.36363636363636365	0.29328621908127206	198.0	186.0	140.0	50.0	43.0	-8.0
subimage_E8	1524	0.3354632587859425	0.3786169257534093	0.2534246575342466	0.34539473684210525	0.38961038961038963	0.2647058823529412	0.354947225382379	0.3993055555555556	0.2796307590785474	105.0	119.0	80.0	24.0	38.0	14.0
subimage_D8	10616	0.3300653594771242	0.38461538461538464	0.1810871518418688	0.34310850439882695	0.4403821617352208	0.21844578629561565	0.36281162313835524	0.46747967479674796	0.2766990291262136	114.0	144.0	70.0	38.0	70.0	29.0
subimage_C8	1134	0.34201954397394135	0.3517021442234975	0.24400092349567415	0.3583110516934046	0.3661109567472446	0.26886731712148976	0.3910665845540257	0.3940298507462687	0.29015030229337657	137.0	137.0	95.0	33.0	37.0	0.0
subimage_B8	2081	0.3333333333333333	0.3816793893129771	0.2413793103448276	0.3472222222222222	0.3993808049535604	0.25263157894736843	0.3614457831325301	0.40797546012269936	0.2786377708978328	116.0	134.0	84.0	31.0	49.0	17.0
subimage_A8	1164	0.32432432432432434	0.3593428220146514	0.2597520304468945	0.33941605839416056	0.3825503355704698	0.2776114601299363	0.36251766380858275	0.3929636591478697	0.2921102271795292	101.0	114.0	83.0	19.0	31.0	13.0
subimage_H9	8984	0.3205574912891986	0.39395174571805003	0.20477815699658702	0.33447098976109213	0.44106463878326996	0.22592592592592592	0.3464566929133858	0.45454545454545453	0.2735294117647059	100.0	132.0	66.0	32.0	63.0	32.0
subimage_G9	5785	0.32663316582914576	0.39275766016713093	0.2108843537414966	0.33440514469453375	0.4407894736842105	0.22508038585209003	0.3434343434343434	0.45348837209302323	0.2720075151550735	101.0	134.0	68.0	33.0	65.0	32.0
subimage_F9	10688	0.3230769230769231	0.3978201634877384	0.17906211301570749	0.3350383631713555	0.445578231292517	0.21875	0.3519416814279875	0.4788732394366197	0.2713345909357513	102.0	135.0	66.0	34.0	68.0	33.0
subimage_E9	4057	0.32459016393442625	0.3902695893172084	0.2	0.33676975945017185	0.4444444444444444	0.22039473684210525	0.3544677959747897	0.4592833876221498	0.2737783942336115	103.0	137.0	66.0	35.0	68.0	33.0
subimage_D9	4846	0.3269230769230769	0.3872100669536107	0.18098159509202455	0.3473053892215569	0.4392078542631029	0.215254782928624	0.3644067796610169	0.46013937049879966	0.272108843537415	114.0	143.0	69.0	42.0	72.0	30.0
subimage_C9	5537	0.323943661971831	0.3854391284815813	0.20930232558139536	0.33557046979865773	0.42857142857142855	0.23734177215189872	0.36157785835740475	0.44666666666666666	0.2729943301922203	103.0	130.0	71.0	30.0	57.0	29.0
subimage_B9	5539	0.3260176605004191	0.3870107750289911	0.2123189119936927	0.334384858044164	0.4380952380952381	0.2289156626506024	0.34185303514376997	0.4511784511784512	0.27849005424954787	103.0	135.0	70.0	32.0	64.0	32.0
subimage_A9	6379	0.3298245614035088	0.38973771214458897	0.2064516129032258	0.34201954397394135	0.43312101910828027	0.225	0.3569023569023569	0.448514298133946	0.2706552706552707	107.0	135.0	69.0	36.0	64.0	29.0
subimage_H10	8031	0.32459016393442625	0.3929471032745592	0.20761245674740483	0.33229813664596275	0.4383561643835616	0.2305084745762712	0.34558823529411764	0.4529616724738676	0.2717391304347826	98.0	129.0	67.0	30.0	61.0	31.0
subimage_G10	7084	0.3257328990228013	0.3914285714285714	0.20504980630879913	0.3333333333333333	0.43853820598006643	0.22866894197952217	0.352112676056338	0.45544554455445546	0.2709863092867239	101.0	133.0	69.0	31.0	63.0	32.0
subimage_F10	9661	0.32323232323232326	0.39598997493734334	0.2	0.3344262295081967	0.44565217391304346	0.22073578595317725	0.34796238244514105	0.45985401459854014	0.2682291666666667	100.0	133.0	65.0	34.0	66.0	33.0
subimage_E10	680	0.3281174638263666	0.352616283698785	0.24363687448243226	0.34146430305973774	0.38102497096399535	0.2719033232628399	0.3931265232821652	0.4013401071622826	0.29051098696461825	106.0	121.0	85.5	23.0	35.0	14.0
subimage_D10	8186	0.3259493670886076	0.3957063008130081	0.20132566947969965	0.334384858044164	0.4444444444444444	0.22142857142857142	0.34688135162601624	0.45993031358885017	0.2701123558948887	102.0	136.0	66.0	34.0	67.0	33.0
subimage_C10	8678	0.32013050390404896	0.39402173913043476	0.19840787867103657	0.32941176470588235	0.43703703703703706	0.23487544483985764	0.348993288590604	0.4637096774193548	0.2724806453008088	92.0	122.0	65.0	27.0	57.0	30.0
subimage_B10	10991	0.3256997455470738	0.39898344054354284	0.19795221843003413	0.336	0.44642857142857145	0.2182410423452769	0.3469387755102041	0.4607142857142857	0.26576707777727215	101.0	134.0	65.0	35.0	67.0	33.0
subimage_A10	1082	0.34036144578313254	0.35523272141036977	0.23880597014925373	0.3518216913982386	0.39749593432215846	0.25	0.3796806816372034	0.4067770694034106	0.27844537080951554	112.0	128.0	80.0	32.0	47.0	15.0
subimage_H11	2758	0.3186392557343741	0.3866498599439776	0.22507841328413283	0.3299319727891156	0.4228187919463087	0.24579124579124578	0.34876669357822854	0.43986254295532645	0.2840909090909091	100.0	129.0	75.0	25.0	54.0	28.0
subimage_G11	1035	0.32300399802104646	0.3599710144927536	0.25121597737716506	0.32967032967032966	0.38321167883211676	0.2851851851851852	0.3834243704696142	0.39232371794871795	0.2939068100358423	90.0	104.0	77.0	12.0	27.0	15.0
subimage_F11	2199	0.3249097472924188	0.3647904906643508	0.24104234527687296	0.3418181818181818	0.39570552147239263	0.26011560693641617	0.36892679567291536	0.4143302180685358	0.2861876976008927	109.0	127.0	83.0	27.0	42.0	18.0
subimage_E11	2681	0.326984126984127	0.3713355048859935	0.22884012539184953	0.3367003367003367	0.4050179211469534	0.25704225352112675	0.3746397694524496	0.41818181818181815	0.2802197802197802	100.0	119.0	75.0	23.0	43.0	20.0
subimage_D11	8869	0.322376276512176	0.3936872115123541	0.20422535211267606	0.3321554770318021	0.4406779661016949	0.22866894197952217	0.3492413632119514	0.4564459930313589	0.2699216676926996	98.0	130.0	67.0	30.0	62.0	32.0
subimage_C11	9036	0.325411080192259	0.39454484605087015	0.20327868852459016	0.3354632587859425	0.4444444444444444	0.2222222222222222	0.3470258999122037	0.45628299309682896	0.26857485440219253	101.0	133.0	66.0	34.0	65.0	33.0
subimage_B11	507	0.32273691852348246	0.34374446552814675	0.2300136533109279	0.33579335793357934	0.3793103448275862	0.2847222222222222	0.3947829873370051	0.38827288680900846	0.3054637358679855	90.0	102.0	76.0	14.0	25.0	12.0
subimage_A11	723	0.3221792627176345	0.3676934136040974	0.26609238924649753	0.32950191570881227	0.38380281690140844	0.2857142857142857	0.3596785071942446	0.39299610894941633	0.29571984435797666	85.0	99.0	74.0	11.0	26.0	14.0
subimage_H12	7136	0.3277310924369748	0.39492864629525115	0.2119205298013245	0.33766233766233766	0.4329268292682927	0.22847682119205298	0.3521594684385382	0.4462025316455696	0.2698412698412698	107.0	137.0	72.0	34.0	64.0	30.0
subimage_G12	7749	0.3266552053486151	0.3941683080369212	0.19938650306748465	0.3395638629283489	0.43666666666666665	0.22727272727272727	0.3543046357615894	0.4525316455696203	0.26666666666666666	108.0	137.0	69.0	34.0	63.0	31.0
subimage_F12	7909	0.3288135593220339	0.38691124951342937	0.2090032154340836	0.3389830508474576	0.43312101910828027	0.22875816993464052	0.3515358361774744	0.44680851063829785	0.2722371967654987	108.0	138.0	71.0	35.0	65.0	30.0
subimage_E12	2728	0.3231441048034934	0.36728824273072064	0.2283464566929134	0.3612366372703203	0.3925233644859813	0.24776119402985075	0.3769552245736641	0.4166666666666667	0.27744531250000004	129.0	140.0	86.0	40.0	49.0	10.0
subimage_D12	8901	0.3230240549828179	0.3942307692307692	0.2090032154340836	0.3333333333333333	0.4421768707482993	0.22676579925650558	0.34527687296416937	0.45302013422818793	0.2710526315789474	101.0	134.0	67.0	32.0	63.0	32.0
subimage_C12	1315	0.32413793103448274	0.3606967213114754	0.25	0.33663366336633666	0.38562091503267976	0.27666666666666667	0.37272727272727274	0.3980263157894737	0.2906574394463668	100.0	115.0	83.0	18.0	32.0	15.0
subimage_B12	923	0.35580524344569286	0.3494250010379043	0.2690777656078861	0.3665480427046263	0.35359116022099446	0.27964601769911507	0.3737115172418833	0.3588062249655263	0.29285559343043077	197.0	192.0	152.0	46.0	40.0	-7.0
subimage_A12	2404	0.3357142857142857	0.38302840734888327	0.2222222222222222	0.34782608695652173	0.4082942609692676	0.2463768115942029	0.35921304526186243	0.42387191466490265	0.2703370521684475	113.0	130.0	79.0	33.0	50.0	19.0