subimage	all_plant_pixels	ratio_r_q5	ratio_g_q5	ratio_b_q5	ratio_r_median	ratio_g_median	ratio_b_median	ratio_r_q95	ratio_g_q95	ratio_b_q95	pix_r_median	pix_g_median	pix_b_median	diff_rb_median	diff_gb_median	diff_gr_median
subimage_H1	4704	0.3333333333333333	0.38292111805415574	0.2170780912441225	0.3408239700374532	0.4153846153846154	0.24452554744525548	0.3566055790755669	0.4367244897959183	0.27195094677202925	101.0	124.0	72.0	29.0	51.0	22.0
subimage_G1	6569	0.3291297964366493	0.38150836917513625	0.20248448804098762	0.3395061728395062	0.41317365269461076	0.24836601307189543	0.3654390934844193	0.44621513944223107	0.27848101265822783	111.0	135.0	80.0	29.0	53.0	23.0
subimage_F1	4420	0.34234234234234234	0.3818526501734443	0.1942218825040487	0.3560830860534125	0.41488086126843204	0.22814700704225352	0.375343250775209	0.44	0.2684572023671769	133.0	154.0	82.0	46.0	68.0	20.0
subimage_E1	7782	0.33121019108280253	0.38641755265866684	0.21	0.33980582524271846	0.4241379310344828	0.2356687898089172	0.35696757342984936	0.44336569579288027	0.2727272727272727	107.0	134.0	74.0	33.0	59.0	26.0
subimage_D1	2595	0.35510887772194305	0.34276029938324226	0.2805755395683453	0.36199095022624433	0.3456140350877193	0.2921739130434783	0.37117117117117115	0.3510334346504559	0.30117063776953806	207.0	197.0	167.0	39.0	30.0	-9.0
subimage_C1	8615	0.3343949044585987	0.3890389498909117	0.1939799331103679	0.34472934472934474	0.4322766570605187	0.2222222222222222	0.3638912766634829	0.45345541851049803	0.2646370023419204	112.0	140.0	72.0	40.0	68.0	28.0
subimage_B1	2974	0.3295880149812734	0.3495174131744201	0.24899024670109007	0.3548387096774194	0.36764705882352944	0.27447887672419125	0.37783902012248466	0.4090909090909091	0.2946859903381642	97.0	103.0	76.0	21.0	27.0	2.0
subimage_A1	5310	0.3353658536585366	0.3798529437851454	0.20591822094691534	0.34651162790697676	0.41944444444444445	0.23100303951367782	0.38010204081632654	0.43870967741935485	0.2691906121720507	120.0	145.0	79.0	39.0	64.0	25.0
subimage_H2	6138	0.3345052019433675	0.353914463838811	0.225531914893617	0.3492063492063492	0.3965809468147282	0.25190839694656486	0.3788019951063429	0.42264734487453803	0.28614468153157263	100.0	114.0	72.0	28.0	41.0	14.0
subimage_G2	6989	0.3342972991086388	0.36780613226168907	0.17845117845117844	0.35607675906183367	0.4186046511627907	0.2280130293159609	0.37941743900132396	0.454192390742374	0.2779823965994948	124.0	148.0	79.0	45.0	66.0	22.0
subimage_F2	5451	0.3392857142857143	0.3911408957175547	0.19117647058823528	0.3480392156862745	0.42679127725856697	0.22570532915360503	0.365625	0.4481543416326025	0.2597870182555781	114.0	140.0	74.0	40.0	65.0	26.0
subimage_E2	4179	0.34389705316611524	0.37878143133462283	0.18373414919520603	0.358974358974359	0.4225721784776903	0.22133333333333333	0.37889688249400477	0.4431969696969697	0.26944877505567927	131.0	152.0	79.0	48.0	72.0	21.0
subimage_D2	4318	0.3511184944364339	0.3519401850077087	0.18181818181818182	0.36577181208053694	0.40160108519183113	0.23178838162623538	0.3881453585459988	0.4519364729697547	0.28101345189238486	132.0	147.0	83.0	50.0	57.0	14.0
subimage_C2	6961	0.33429394812680113	0.38686131386861317	0.1867704280155642	0.34375	0.43119266055045874	0.22570532915360503	0.36363636363636365	0.4583333333333333	0.26651480637813213	110.0	138.0	72.0	37.0	65.0	28.0
subimage_B2	4670	0.33746130030959753	0.3840749414519906	0.18066324992463068	0.3514376996805112	0.42738578097497515	0.22289156626506024	0.37710014483757504	0.44888422278760387	0.268018018018018	118.0	143.0	74.0	43.0	68.0	24.0
subimage_A2	7572	0.3309234793982995	0.3897086193613172	0.21428571428571427	0.3381294964028777	0.4155405405405405	0.24555160142348753	0.356401384083045	0.43866171003717475	0.27154222118782134	102.0	125.0	73.0	28.0	52.0	23.0
subimage_H3	6711	0.32784627195953575	0.3795607358612922	0.19348952201554037	0.34285714285714286	0.4208955223880597	0.237012987012987	0.36302500113025005	0.45610364824194377	0.2755681818181818	104.0	128.0	72.0	33.0	56.0	25.0
subimage_G3	7620	0.3333333333333333	0.38443908941755534	0.18661971830985916	0.344311377245509	0.4263322884012539	0.22895622895622897	0.36688311688311687	0.45787545787545786	0.26631853785900783	110.0	135.0	72.0	36.0	62.0	27.0
subimage_F3	4429	0.3473684210526316	0.36464885220944676	0.17748479039919993	0.3627906976744186	0.4170984455958549	0.2222222222222222	0.3816155988857939	0.4507936507936508	0.2719593595728096	141.0	160.0	84.0	53.0	74.0	20.0
subimage_E3	5943	0.3477019239706292	0.38075177602589855	0.18068911158653303	0.35942028985507246	0.4212121212121212	0.22054380664652568	0.37941013416121516	0.44510385756676557	0.265783952889216	123.0	144.0	74.0	46.0	67.0	21.0
subimage_D3	6352	0.3374510058106727	0.3790849673202614	0.1864864864864865	0.3524804177545692	0.4259818731117825	0.2232013457556936	0.375	0.45132743362831856	0.2655535554445604	121.0	146.0	76.0	43.0	68.0	25.0
subimage_C3	11560	0.32653061224489793	0.37950138504155123	0.2332148493694046	0.33666666666666667	0.4067796610169492	0.25622775800711745	0.35914054217779795	0.42066420664206644	0.28421052631578947	101.0	120.0	77.0	24.0	44.0	21.0
subimage_B3	4351	0.3374233128834356	0.38513513513513514	0.1806235839896429	0.35231316725978645	0.42587601078167114	0.2254335260115607	0.37110481586402266	0.45454545454545453	0.2667414050822122	121.0	146.0	77.0	43.0	68.0	26.0
subimage_A3	5659	0.331588500579439	0.350104821802935	0.23136962247585602	0.35331230283911674	0.3896551724137931	0.25925925925925924	0.3773006134969325	0.4200743494423792	0.29227557411273486	110.0	123.0	81.0	29.0	41.0	12.0
subimage_H4	10161	0.3284457478005865	0.3587570621468927	0.22692307692307692	0.336734693877551	0.4157706093189964	0.24812030075187969	0.3619047619047619	0.43006993006993005	0.2830188679245283	99.0	123.0	71.0	26.0	48.0	23.0
subimage_G4	4571	0.3502314956454343	0.352059925093633	0.19047619047619047	0.36220472440944884	0.39853300733496333	0.23702031602708803	0.38846131075720797	0.4341317365269461	0.2921774726563333	148.0	160.0	92.0	48.0	63.0	11.0
subimage_F4	4474	0.3333333333333333	0.3851453251395247	0.22388059701492538	0.3401360544217687	0.4166666666666667	0.24290220820189273	0.3542721257806267	0.432258064516129	0.27543424317617865	112.0	137.0	79.0	32.0	57.0	25.0
subimage_E4	12036	0.33530720893698723	0.3625	0.1757188498402556	0.3563714902807775	0.4178272980501393	0.23724106759821045	0.3765432098765432	0.45794392523364486	0.27959909082116263	123.0	149.0	83.0	41.0	62.0	23.0
subimage_D4	5397	0.33644282912195683	0.3819951338199513	0.18181818181818182	0.34868421052631576	0.42857142857142855	0.22549019607843138	0.37237237237237236	0.4523809523809524	0.2703962703962704	119.0	146.0	75.0	41.0	67.0	26.0
subimage_C4	5452	0.33599047619047623	0.38967136150234744	0.18566775244299674	0.3476923076923077	0.42679127725856697	0.22530864197530864	0.36333333333333334	0.4580660551073018	0.26434768284647486	112.0	138.0	72.0	39.0	64.0	26.0
subimage_B4	4721	0.34146341463414637	0.3813953488372093	0.18732782369146006	0.36464088397790057	0.42021276595744683	0.2188449848024316	0.38005390835579517	0.4411764705882353	0.2679738562091503	126.0	146.0	74.0	49.0	66.0	20.0
subimage_A4	3379	0.3272058823529412	0.36820794223826714	0.2415225412198778	0.34121621621621623	0.3875968992248062	0.2713178294573643	0.36507936507936506	0.40450295908740025	0.28852588608825247	97.0	109.0	77.0	20.0	33.0	14.0
subimage_H5	6291	0.34527687296416937	0.35275925190470325	0.19013405054644808	0.36477987421383645	0.40233236151603496	0.2347560975609756	0.3907194296674266	0.43633468442385637	0.288739870219192	142.0	151.0	86.0	48.0	60.0	13.0
subimage_G5	9912	0.3333333333333333	0.3638450494634473	0.20588235294117646	0.3472222222222222	0.4197860962566845	0.23314606741573032	0.3716577540106952	0.44126984126984126	0.2764385678414019	123.0	147.0	82.0	40.0	65.0	26.0
subimage_F5	11101	0.3380281690140845	0.3653444676409186	0.18243243243243243	0.3530751708428246	0.42939481268011526	0.219435736677116	0.3760932944606414	0.45733788395904434	0.27801724137931033	120.0	146.0	74.0	43.0	70.0	26.0
subimage_E5	6236	0.33611111111111114	0.37091117719309585	0.18529411764705883	0.3564356435643564	0.4192232887885062	0.22630774183164332	0.37817258883248733	0.44947735191637633	0.27833514377651614	130.0	152.0	82.0	47.0	70.0	23.0
subimage_D5	6398	0.343847224607486	0.3600699588477366	0.1746987951807229	0.35924932975871315	0.4147020225413	0.22641509433962265	0.3863107098381071	0.45288753799392095	0.2821762495838684	129.0	148.0	78.5	45.0	64.0	18.0
subimage_C5	6555	0.33962264150943394	0.38209606986899564	0.17338335164286428	0.35103244837758113	0.4281524926686217	0.22349570200573066	0.37677053824362605	0.45454545454545453	0.26723454115152667	120.0	145.0	74.0	42.0	68.0	25.0
subimage_B5	5434	0.33798542035699686	0.38628981795849315	0.18808777429467086	0.3467100997636626	0.42857142857142855	0.2249661246612466	0.36303630363036304	0.4542372881355932	0.26795920548042784	113.0	140.5	74.0	40.0	66.0	27.0
subimage_A5	2119	0.3309608540925267	0.3447194369660611	0.2511826297806679	0.350597609561753	0.38144329896907214	0.2724358974358974	0.3765802953261909	0.39919514216498786	0.2993240608345249	92.0	101.0	72.0	19.0	29.0	9.0
subimage_H6	2386	0.35672176145266504	0.3417855895079147	0.24455840066894768	0.3752310536044362	0.3474264705882353	0.2768670309653916	0.40570890117848446	0.35252352702297085	0.3001792538872531	206.0	188.0	150.0	53.0	38.0	-15.0
subimage_G6	3205	0.35309922680412376	0.348802692324287	0.19425381686444124	0.3653444676409186	0.3857758620689655	0.2517985611510791	0.38441940887231857	0.43715534738485556	0.2918073496742537	155.0	166.0	105.0	50.0	56.0	10.0
subimage_F6	4795	0.34203655352480417	0.35224586288416077	0.19579787682197322	0.35514018691588783	0.4230769230769231	0.2238372093023256	0.39133385795789893	0.4461538461538462	0.2712589282027993	120.0	143.0	75.0	45.0	66.0	23.0
subimage_E6	6056	0.34210526315789475	0.381161324707785	0.17693203617429432	0.35505251985506714	0.42947713206333893	0.21773172723560635	0.3786819091541942	0.4526627218934911	0.2660880469935978	125.0	150.0	74.0	47.0	73.0	26.0
subimage_D6	8144	0.33746130030959753	0.3811659192825112	0.17438343126706943	0.35060975609756095	0.4277286135693215	0.22636103151862463	0.3712051496560699	0.4624378426622465	0.2677725118483412	114.0	140.0	73.0	40.0	65.0	26.0
subimage_C6	3804	0.3543057935442041	0.36009732360097324	0.18256475216605947	0.36795252225519287	0.3955870079287801	0.2329156288916563	0.3901613307324755	0.43973941368078173	0.2809657984081928	137.0	148.0	86.0	50.0	59.0	10.0
subimage_B6	4549	0.34169909106661833	0.3818615751789976	0.1906158357771261	0.3559322033898305	0.4192708333333333	0.225	0.3787878787878788	0.4412270352266981	0.26692063215638456	126.0	150.0	79.0	46.0	69.0	21.0
subimage_A6	4620	0.3358195186429476	0.35294117647058826	0.2349561570062485	0.3522881251539788	0.3916913946587537	0.25647668393782386	0.3793103448275862	0.413108825084873	0.2857142857142857	110.0	120.0	79.0	30.0	39.0	13.0
subimage_H7	12162	0.32710280373831774	0.38315217391304346	0.2290909090909091	0.3356164383561644	0.4067796610169492	0.25834599797365754	0.348993288590604	0.42803030303030304	0.28205128205128205	98.0	119.0	75.0	23.0	44.0	21.0
subimage_G7	11329	0.3392619575546405	0.3806364428945074	0.1753846153846154	0.3582089552238806	0.430635838150289	0.2043343653250774	0.3775	0.4631578947368421	0.26879271070615035	128.0	153.0	74.0	52.0	79.0	25.0
subimage_F7	11614	0.3379501385041551	0.3838233077039047	0.17964071856287425	0.3547297297297297	0.42805755395683454	0.2125340599455041	0.3753280839895013	0.4607625644114301	0.2668269230769231	123.0	148.0	75.0	45.0	71.0	25.0
subimage_E7	10905	0.33824402164426604	0.38349514563106796	0.17813218390804597	0.3541666666666667	0.4305177111716621	0.21323529411764705	0.37333333333333335	0.4628975265017668	0.26713624145859644	125.0	151.0	75.0	47.0	74.0	26.0
subimage_D7	2543	0.35555555555555557	0.34256055363321797	0.2744434615951644	0.36254295532646047	0.34494773519163763	0.2922297297297297	0.37233788655867567	0.35304921968787517	0.30098684210526316	207.0	197.0	167.0	40.0	30.0	-10.0
subimage_C7	3820	0.3547297297297297	0.342809364548495	0.2597698904454023	0.3684210526315789	0.3474974842812181	0.282864799105675	0.3844453297919433	0.36363636363636365	0.30120481927710846	207.0	195.0	159.0	48.0	36.0	-10.0
subimage_B7	4176	0.35526315789473684	0.3416171355611324	0.2604321984758118	0.37028824833702884	0.34523809523809523	0.2844283917969459	0.3892019461577378	0.3524027459954233	0.30210016155088854	208.0	194.0	160.0	48.0	34.0	-14.0
subimage_A7	3232	0.35569855950237356	0.3429641145496407	0.26053639846743293	0.37681159420289856	0.3484573502722323	0.27486437613019893	0.3897938075537168	0.352059925093633	0.2994826068790171	205.0	188.0	148.0	55.0	39.0	-15.0
subimage_H8	1788	0.3556701030927835	0.3405803576430516	0.23920624881411676	0.38405124895808124	0.34774930639982543	0.26715544882544706	0.4106546865701665	0.3520751404494382	0.3026572198997412	210.0	192.0	147.0	65.0	45.0	-19.0
subimage_G8	2675	0.3546712802768166	0.34109014737342525	0.2758436617989937	0.3627287853577371	0.3441780821917808	0.293015332197615	0.37857142857142856	0.34714003944773175	0.3028913332809119	215.0	202.0	171.0	41.0	30.0	-11.0
subimage_F8	2320	0.3550420168067227	0.3420138888888889	0.2811320754716981	0.36177474402730375	0.34435934350705444	0.29411764705882354	0.3703739247885121	0.3491476710988694	0.3016769245336616	210.0	200.0	171.0	39.0	29.0	-10.0
subimage_E8	1988	0.3548387096774194	0.3424190800681431	0.28450246359104964	0.3614457831325301	0.34476843910806176	0.2938230383973289	0.36927244452386004	0.3479031393978356	0.30142946825477623	214.0	204.0	173.0	40.0	30.0	-10.0
subimage_D8	2103	0.35468276454386605	0.34119966154902637	0.278691611867494	0.3613013698630137	0.34390651085141904	0.2947019867549669	0.3747773257003322	0.3476155071694105	0.3027018460615925	215.0	205.0	174.0	39.0	29.0	-10.0
subimage_C8	3962	0.3553459119496855	0.3412322274881517	0.26571216223390137	0.3671936978169815	0.3441780821917808	0.28859060402684567	0.3871695655505325	0.3476068372381905	0.30198019801980197	221.0	207.0	172.0	47.0	33.0	-14.0
subimage_B8	3665	0.356090360903609	0.33990363840636073	0.23901098901098902	0.37142857142857144	0.35802469135802467	0.2668463611859838	0.3850542872608017	0.39405387985710655	0.29908074971401755	136.0	133.0	96.0	39.0	34.0	-5.0
subimage_A8	2707	0.34563758389261745	0.32978723404255317	0.23327077747989275	0.36231884057971014	0.3482142857142857	0.2842809364548495	0.3888888888888889	0.3958831058020478	0.31141868512110726	110.0	113.0	89.0	26.0	24.0	-5.0
subimage_H9	3523	0.35294117647058826	0.36001895734597156	0.22078463203463203	0.363395225464191	0.3884297520661157	0.24802110817941952	0.37857142857142856	0.41378069957826835	0.2793662058951837	127.0	136.0	87.0	40.0	49.0	8.0
subimage_G9	4255	0.35535714285714287	0.34195555792959775	0.27194297306435256	0.3684210526315789	0.34523809523809523	0.2857142857142857	0.3787085514834206	0.35322206650528726	0.3021702838063439	215.0	200.0	166.0	47.0	34.0	-13.0
subimage_F9	3135	0.35472370766488415	0.341410259630439	0.2720770110164207	0.36318407960199006	0.34488734835355284	0.2917369308600337	0.37937492386296046	0.3509141745910639	0.3022969714309069	212.0	200.0	171.0	42.0	31.0	-11.0
subimage_E9	1025	0.3542009884678748	0.3414713853020883	0.2649164677804296	0.35655737704918034	0.3443708609271523	0.29900332225913623	0.36902450300508555	0.36668458501679124	0.30327868852459017	211.0	204.0	177.0	34.0	27.0	-7.0
subimage_D9	3887	0.3556701030927835	0.3420138888888889	0.21739130434782608	0.3756708407871199	0.34879406307977734	0.27549194991055453	0.411698981268485	0.3767858674213189	0.30144876826639644	204.0	189.0	148.0	55.0	40.0	-13.0
subimage_C9	2682	0.3548387096774194	0.34262295081967215	0.27579754027762016	0.3619324923499656	0.34527687296416937	0.29207920792079206	0.37281917750053073	0.35713540113331343	0.30093689518876926	219.0	208.0	176.0	42.0	32.0	-10.0
subimage_B9	4098	0.35470941883767537	0.31966320009526455	0.22012578616352202	0.3829494167985464	0.34492753623188405	0.2718501984126984	0.4071492728828058	0.4137214969069198	0.292819330413154	140.0	124.0	98.0	43.0	25.0	-11.0
subimage_A9	2277	0.3547794117647059	0.34210526315789475	0.2727272727272727	0.36617100371747213	0.3456561922365989	0.2875457875457875	0.37592228592228594	0.35400516795865633	0.3015930010544014	196.0	186.0	154.0	41.0	31.0	-10.0
subimage_H10	2120	0.3563218390804598	0.3404942472856911	0.25	0.37998272884283246	0.3471971066907776	0.2722419928825623	0.4	0.35150375939849626	0.3024394507931093	214.0	195.0	154.0	61.0	43.0	-18.0
subimage_G10	3199	0.3553008595988539	0.32440396399846805	0.23364219719359905	0.38717339667458434	0.35368956743002544	0.2520107238605898	0.41927710843373495	0.3931888544891641	0.29342791689348574	153.0	137.0	96.0	52.0	39.0	-11.0
subimage_F10	4766	0.3560024153748704	0.34179357021996615	0.2391363011380916	0.3706825541100949	0.34536082474226804	0.28421052631578947	0.39293381386695114	0.3707627118644068	0.3006872852233677	210.0	196.0	162.0	50.0	35.0	-13.0
subimage_E10	2780	0.3548981748381009	0.34210526315789475	0.27015114135497176	0.3647260273972603	0.34557595993322204	0.28885135135135137	0.3807258928954251	0.3548387096774194	0.3014192880654247	214.0	201.0	168.0	44.0	33.0	-11.0
subimage_D10	2394	0.3552165802165802	0.3424657534246575	0.2727272727272727	0.36423841059602646	0.3451178451178451	0.29	0.37743719100308243	0.3573443205842783	0.30122591943957966	210.0	198.0	169.0	43.0	32.0	-11.0
subimage_C10	2254	0.3548972053824179	0.3409893992932862	0.27885634611576793	0.36505190311418684	0.34407690905777294	0.2904929577464789	0.3738656987295826	0.34879406307977734	0.3031301482701812	212.0	200.0	169.0	43.0	31.0	-12.0
subimage_B10	2899	0.35496957403651114	0.3422818791946309	0.2777777777777778	0.36333333333333334	0.3450087565674256	0.2917369308600337	0.3733826247689464	0.35	0.3018272885152652	214.0	203.0	172.0	42.0	31.0	-11.0
subimage_A10	3740	0.35640046381506296	0.3427065026362039	0.2598736228657489	0.3759124087591241	0.34814814814814815	0.27580071174377224	0.3883100271776799	0.35307099231517836	0.30071174377224197	200.0	188.0	149.0	54.0	39.0	-14.0
subimage_H11	4400	0.35403726708074534	0.3479209974471189	0.20099661487353085	0.366412213740458	0.3814573443074244	0.24806201550387597	0.38921210529666417	0.42779291553133514	0.2924914629883574	144.0	152.0	93.0	46.0	50.0	4.0
subimage_G11	2546	0.3566383696712452	0.33666666666666667	0.24002638522427439	0.3758169934640523	0.3505747126436782	0.2715654952076677	0.38904101949192715	0.38394775890298816	0.29680060068859426	130.0	123.0	91.0	35.0	27.0	-8.0
subimage_F11	2490	0.3552518326332263	0.3423728813559322	0.28289473684210525	0.362876254180602	0.34471797202444077	0.29236499068901306	0.37213403880070545	0.34786478120163217	0.3012935354547732	215.0	204.0	173.0	42.0	31.0	-11.0
subimage_E11	3968	0.3548951048951049	0.3426086956521739	0.24562738367658274	0.36891385767790263	0.3473491773308958	0.28387687581235965	0.38560204837948925	0.36530286087037556	0.30151129872732735	200.0	188.0	154.0	46.0	34.0	-10.0
subimage_D11	567	0.3548922056384743	0.3414357881442892	0.24303001522867576	0.3641304347826087	0.34488734835355284	0.2909090909090909	0.4037980542720878	0.35376044568245124	0.3027930666494195	204.0	193.0	163.0	41.0	30.0	-11.0
subimage_C11	3962	0.35610803282839565	0.3436960276338515	0.25995228308716334	0.3689839572192513	0.3474264705882353	0.2826086956521739	0.379900702580827	0.3661954047517428	0.29876977152899825	205.0	191.0	156.0	47.0	35.0	-11.0
subimage_B11	3481	0.3535031847133758	0.32661290322580644	0.22508038585209003	0.3664383561643836	0.3505535055350554	0.2727272727272727	0.39556962025316456	0.4077669902912621	0.30638297872340425	117.0	119.0	86.0	33.0	26.0	-6.0
subimage_A11	3177	0.3545966228893058	0.34450651769087526	0.2184680768859268	0.375	0.36175710594315247	0.25853658536585367	0.39222282540610515	0.4025707625707626	0.29868165860604423	154.0	154.0	105.0	50.0	40.0	-4.0
subimage_H12	2177	0.35578583765112265	0.3398093703020628	0.2655367231638418	0.375	0.3474264705882353	0.2775735294117647	0.384180790960452	0.3516068052930057	0.30467663216466645	205.0	190.0	152.0	53.0	38.0	-15.0
subimage_G12	1784	0.34320851364479377	0.33545231517750385	0.26811594202898553	0.35714285714285715	0.34335341365461847	0.2977941176470588	0.3712475326355599	0.38408304498269896	0.3090814393939394	102.0	100.0	86.0	17.0	14.0	-4.0
subimage_F12	2494	0.33984375	0.34507042253521125	0.25743513445431077	0.3585434173669468	0.3716515187754126	0.2695788469401663	0.36930285741229724	0.3882115454877603	0.2969998391950564	115.0	120.0	85.0	29.0	32.0	3.0
subimage_E12	0	0	0	0	0	0	0	0	0	0	0	0	0	0	0	0
subimage_D12	3	0.3538076977367901	0.3441596480496871	0.30061791334471705	0.3541147132169576	0.3443396226415094	0.30174563591022446	0.35462329398179426	0.34477878985035787	0.3018726767985696	144.0	140.0	122.0	22.0	18.0	-4.0
subimage_C12	0	0	0	0	0	0	0	0	0	0	0	0	0	0	0	0
subimage_B12	0	0	0	0	0	0	0	0	0	0	0	0	0	0	0	0
subimage_A12	0	0	0	0	0	0	0	0	0	0	0	0	0	0	0	0