subimage	all_plant_pixels	ratio_r_q5	ratio_g_q5	ratio_b_q5	ratio_r_median	ratio_g_median	ratio_b_median	ratio_r_q95	ratio_g_q95	ratio_b_q95	pix_r_median	pix_g_median	pix_b_	diff_rb_median	diff_gb_median	diff_gr_median
subimage_H1	4788	0.3218390804597701	0.38652482269503546	0.23809523809523808	0.3311036789297659	0.41329479768786126	0.2558922558922559	0.34469132817537074	0.4336283185840708	0.27906976744186046	102.0	128.0	80.0	23.0	48.0	25.0
subimage_G1	14766	0.3204225352112676	0.39495253164556965	0.22742474916387959	0.32831325301204817	0.4298507462686567	0.24092409240924093	0.3427074053852122	0.44193548387096776	0.27247191011235955	106.0	138.0	77.0	28.0	60.0	32.0
subimage_F1	6251	0.3227848101265823	0.3851851851851852	0.22970585426415815	0.33088235294117646	0.4222873900293255	0.24758842443729903	0.34626935248186896	0.4412811387900356	0.2702702702702703	105.0	135.0	79.0	27.0	56.0	29.0
subimage_E1	16044	0.3184931506849315	0.3962765957446808	0.22811795424403183	0.3293051359516616	0.4290322580645161	0.24290220820189273	0.34285714285714286	0.44047619047619047	0.2724458204334365	109.0	140.0	80.0	27.0	59.0	32.0
subimage_D1	20842	0.31802120141342755	0.3982808022922636	0.22611464968152867	0.33217993079584773	0.4315068493150685	0.23659305993690852	0.3458823529411765	0.44224422442244227	0.27102803738317754	112.0	144.0	79.0	32.0	65.0	33.0
subimage_C1	10468	0.3279742765273312	0.38739502214078486	0.20751182643684413	0.3365695792880259	0.42955326460481097	0.23381294964028776	0.3499604966139954	0.4520080495356037	0.27365728900255754	112.0	142.0	75.0	32.0	60.0	29.0
subimage_B1	7907	0.30982049157691244	0.4034582132564842	0.2290748898678414	0.3247588424437299	0.4232081911262799	0.25301204819277107	0.336734693877551	0.44635193133047213	0.27005999696766225	92.0	120.0	72.0	21.0	49.0	29.0
subimage_A1	11682	0.3189383090846603	0.39628482972136225	0.22697368421052633	0.329073482428115	0.42962962962962964	0.24210526315789474	0.34055643879173286	0.44089456869009586	0.27323943661971833	103.0	134.0	75.0	27.0	57.0	31.0
subimage_H2	11233	0.3188927622437288	0.40289020957147326	0.22745098039215686	0.3302752293577982	0.42483660130718953	0.24434389140271492	0.33811712807404504	0.44913470115967885	0.264456064863375	103.0	132.0	77.0	26.0	56.0	30.0
subimage_G2	13761	0.3210702341137124	0.39945652173913043	0.22402597402597402	0.32941176470588235	0.4341736694677871	0.23615160349854228	0.34153005464480873	0.44625407166123776	0.26804123711340205	109.0	144.0	78.0	30.0	64.0	34.0
subimage_F2	8010	0.33513513513513515	0.34215007215007215	0.22494432071269488	0.3486005089058524	0.4119106699751861	0.23779840505411423	0.3700508972348739	0.4274193548387097	0.29009009009009007	137.0	164.0	95.0	42.0	69.0	24.0
subimage_E2	4167	0.3261070234113712	0.38792996655242185	0.23265119990879554	0.3333333333333333	0.4200626959247649	0.24758842443729903	0.3454366028708134	0.43205574912891986	0.2729944745728026	110.0	138.0	81.0	29.0	57.0	29.0
subimage_D2	11880	0.3227263672582398	0.39805583731826305	0.22173001822442073	0.3302752293577982	0.4341317365269461	0.23615160349854228	0.33967391304347827	0.44621513944223107	0.2682957702994751	109.0	143.0	77.0	30.0	64.0	33.0
subimage_C2	8362	0.32068965517241377	0.3952910020698892	0.22745567688153107	0.32896879821704095	0.42342342342342343	0.24776119402985075	0.3404255319148936	0.4452296819787986	0.2679892635300605	105.0	135.0	79.0	26.0	56.0	30.0
subimage_B2	2813	0.33887052341597795	0.34845360824742266	0.24725274725274726	0.3553008595988539	0.37941176470588234	0.265625	0.38058526266306264	0.4005681818181818	0.2890396425280146	124.0	138.0	94.0	31.0	41.0	8.0
subimage_A2	8327	0.3184778815112119	0.3849954013927211	0.22413793103448276	0.3322784810126582	0.423841059602649	0.24307692307692308	0.35405252710337454	0.4402730375426621	0.2797557664353693	108.0	138.0	79.0	28.0	58.0	29.0
subimage_H3	12293	0.3281733746130031	0.38847117794486213	0.20417932725625032	0.336986301369863	0.4297752808988764	0.2336448598130841	0.35222839441474807	0.4548055541829322	0.26715686274509803	118.0	153.0	81.0	36.0	66.0	32.0
subimage_G3	9596	0.328125	0.3870010844552596	0.22050883898709986	0.33687002652519893	0.4255952380952381	0.23653045197660885	0.35358528267964273	0.4389438943894389	0.2750514056997358	114.0	144.0	81.0	33.0	63.0	30.0
subimage_F3	7209	0.32558139534883723	0.3941018766756032	0.21766561514195584	0.3356643356643357	0.4144736842105263	0.2515923566878981	0.3566995494795712	0.4336283185840708	0.2680722891566265	112.0	137.0	83.0	28.0	54.0	26.0
subimage_E3	9987	0.32492378654932	0.39528440048585806	0.20930232558139536	0.3333333333333333	0.4251497005988024	0.24203821656050956	0.34275618374558303	0.45849802371541504	0.2639483290520028	114.0	145.0	83.0	31.0	62.0	31.0
subimage_D3	7813	0.3281701746386029	0.3859886737158924	0.21212121212121213	0.3398876404494382	0.42406876790830944	0.23783783783783785	0.3538961038961039	0.4448051948051948	0.2699450881975714	122.0	152.0	85.0	37.0	66.0	30.0
subimage_C3	14380	0.3180428134556575	0.39749881703470036	0.2222222222222222	0.33114754098360655	0.42817290483230874	0.2422145328719723	0.34210526315789475	0.44366197183098594	0.2701321485532011	109.0	140.0	78.0	29.0	61.0	32.0
subimage_B3	5072	0.3287292817679558	0.3503787878787879	0.21584699453551912	0.34794520547945207	0.4106666666666667	0.2535612535612536	0.3742626367899948	0.43581865062311986	0.2868047400057805	127.0	154.0	92.0	39.0	57.0	26.0
subimage_A3	9015	0.3252914885347843	0.3858215339490546	0.22408026755852842	0.33429394812680113	0.43037974683544306	0.23529411764705882	0.3501259445843829	0.4444444444444444	0.27455919395465994	109.0	139.0	77.0	31.0	61.0	30.0
subimage_H4	11062	0.3225184845907217	0.3935309973045822	0.20588235294117646	0.3333333333333333	0.4358974358974359	0.23	0.34606174886285657	0.46048109965635736	0.27005228581856267	110.0	142.0	75.0	31.0	63.0	32.0
subimage_G4	15201	0.3161764705882353	0.3922077922077922	0.22033898305084745	0.3291139240506329	0.43243243243243246	0.2398843930635838	0.3471502590673575	0.44694533762057875	0.27455919395465994	108.0	142.0	77.0	29.0	62.0	33.0
subimage_F4	2375	0.35774702582578155	0.34201954397394135	0.27093404634581103	0.3698630136986301	0.3449419568822554	0.2849364791288566	0.38226272925484156	0.3487615329894438	0.29901960784313725	221.0	206.0	170.0	51.0	36.0	-15.0
subimage_E4	16705	0.318708048026147	0.3958821833840217	0.22522522522522523	0.33175355450236965	0.4255952380952381	0.24233983286908078	0.34748010610079577	0.4410112359550562	0.27341772151898736	118.0	152.0	86.0	32.0	65.0	33.0
subimage_D4	10920	0.3242502683510858	0.3969465648854962	0.2160656270305393	0.33608815426997246	0.4266304347826087	0.23684210526315788	0.3479381443298969	0.44660194174757284	0.26776021029187064	123.0	156.0	86.0	36.0	69.0	33.0
subimage_C4	1340	0.3542009884678748	0.3422818791946309	0.2879297127415849	0.35785953177257523	0.3443708609271523	0.29716193656093487	0.36717428087986465	0.34722338156186233	0.30201342281879195	213.0	203.0	175.0	35.0	28.0	-8.0
subimage_B4	4232	0.35714285714285715	0.3424190800681431	0.23592056864499453	0.3704318936877076	0.3452991452991453	0.2819870667649895	0.3847826086956522	0.3860551945667236	0.2975559230168573	215.0	199.0	163.0	51.0	37.0	-13.0
subimage_A4	9081	0.3249097472924188	0.3923766816143498	0.2125	0.3368421052631579	0.43288590604026844	0.23134328358208955	0.35336538461538464	0.44983818770226536	0.2641509433962264	106.0	135.0	72.0	33.0	60.0	29.0
subimage_H5	9663	0.322884012539185	0.38776007964161274	0.21120831910777285	0.3314285714285714	0.42901234567901236	0.24085365853658536	0.3468188630038341	0.4565141645205271	0.2708808016877637	108.0	140.0	78.0	29.0	61.0	32.0
subimage_G5	4539	0.3258064516129032	0.3809406809406809	0.22485207100591717	0.33238636363636365	0.4186746987951807	0.24925816023738873	0.3526150130651674	0.4389438943894389	0.28050024888003977	111.0	140.0	83.0	28.0	56.0	29.0
subimage_F5	4059	0.34169278996865204	0.3608816818164815	0.2402895958765635	0.35944700460829493	0.3879310344827586	0.2529411764705882	0.3754523405287412	0.4	0.2784132181377944	136.0	147.0	98.0	38.0	50.0	11.0
subimage_E5	13343	0.31985294117647056	0.3970951328209987	0.2161290322580645	0.3313953488372093	0.4338461538461538	0.23548387096774193	0.34375	0.45125913533503564	0.2681704260651629	110.0	143.0	77.0	30.0	63.0	33.0
subimage_D5	12052	0.3202614379084967	0.39771551724137927	0.22478386167146974	0.33238636363636365	0.42857142857142855	0.23870967741935484	0.34532374100719426	0.4411764705882353	0.27019815143074194	118.0	153.0	84.0	33.0	67.0	34.0
subimage_C5	3762	0.32961048607994553	0.38812846927346795	0.22965116279069767	0.33773087071240104	0.42485549132947975	0.2393617021276596	0.3503166720644859	0.43242845786963435	0.2697650748565004	118.0	149.0	83.0	34.0	65.0	31.0
subimage_B5	2171	0.356672095548317	0.34067796610169493	0.2646553466747524	0.3776223776223776	0.34519572953736655	0.2763385146804836	0.3893805309734513	0.3483754512635379	0.30135833218025	218.0	201.0	159.0	58.0	40.0	-18.0
subimage_A5	9630	0.3181818181818182	0.39555857452793386	0.22044728434504793	0.32802547770700635	0.4340836012861736	0.2392638036809816	0.34049079754601225	0.4481549609810479	0.2724643409809594	103.0	136.0	74.0	27.0	60.0	33.0
subimage_H6	2399	0.35406698564593303	0.34230511099638616	0.25	0.3651804670912951	0.36041666666666666	0.2673992673992674	0.3839372737399053	0.387479878773077	0.299645390070922	177.0	174.0	127.0	45.0	44.0	-3.0
subimage_G6	8064	0.3217993079584775	0.3839812154696133	0.22857142857142856	0.3313253012048193	0.42424242424242425	0.245014245014245	0.3543307086614173	0.4383561643835616	0.2746351449275361	114.0	143.0	83.0	29.0	60.0	31.0
subimage_F6	3747	0.35448925011288246	0.34271523178807944	0.24043270380109968	0.3685393258426966	0.36507936507936506	0.2639225181598063	0.38227088227088224	0.38834212212310876	0.29927007299270075	176.0	177.0	117.0	47.0	42.0	-5.0
subimage_E6	11494	0.3249268792690578	0.3856041131105398	0.2026431718061674	0.3371757925072046	0.4281609195402299	0.22853632853632855	0.35597826086956524	0.46766169154228854	0.27154046997389036	115.0	146.0	79.0	34.0	66.0	30.0
subimage_D6	2509	0.35452020543752133	0.34223706176961605	0.28529874126598387	0.3591549295774648	0.3447098976109215	0.2956521739130435	0.3683304647160069	0.3496118344642093	0.301904876725541	216.0	205.0	175.0	37.0	29.0	-9.0
subimage_C6	5540	0.33630820691108304	0.3657129958078039	0.21534408044203854	0.3510264282704232	0.41022798339871513	0.23943661971830985	0.3699437462226286	0.43380281690140843	0.2716476543023344	132.0	155.0	88.0	42.0	63.0	23.0
subimage_B6	3245	0.3300394745356889	0.3477229125790277	0.260233918128655	0.3549432739059968	0.3787878787878788	0.2688821752265861	0.3657587548638132	0.3954248366013072	0.2920612991531711	116.0	124.0	88.0	29.0	35.0	7.0
subimage_A6	11297	0.31981981981981983	0.40208338941078303	0.20526315789473684	0.3323170731707317	0.43174603174603177	0.23450134770889489	0.3475783475783476	0.46522946859903375	0.2634171293119581	107.0	139.0	75.0	30.0	62.0	31.0
subimage_H7	10980	0.3300653594771242	0.38461538461538464	0.2072059628689463	0.33994334277620397	0.4278282869280515	0.23225806451612904	0.3577023498694517	0.4484848484848485	0.2708333333333333	119.0	149.0	79.0	35.0	64.0	30.0
subimage_G7	20318	0.3230240549828179	0.40482573726541554	0.22318840579710145	0.33045977011494254	0.4341317365269461	0.2345679012345679	0.34276729559748426	0.44574780058651026	0.2640641210740533	113.0	148.0	80.0	32.0	67.0	34.0
subimage_F7	15888	0.3230240549828179	0.39801850697373087	0.21944444444444444	0.3323943661971831	0.43666666666666665	0.23100303951367782	0.34375	0.44776119402985076	0.2660098522167488	114.0	149.0	79.0	34.0	67.0	35.0
subimage_E7	16539	0.31864406779661014	0.39800995024875624	0.2198773818678971	0.3303834808259587	0.43342776203966005	0.2361963190184049	0.3431831629908553	0.44947735191637633	0.26666666666666666	110.0	144.0	77.0	31.0	65.0	34.0
subimage_D7	10430	0.3277027027027027	0.38162418790604696	0.20203182722364307	0.3402985074626866	0.42724458204334365	0.23546511627906977	0.3606428857028617	0.4488331904056547	0.2711071411968627	117.0	146.0	80.0	36.0	64.0	30.0
subimage_C7	8321	0.3249097472924188	0.3890160183066362	0.2206896551724138	0.33488372093023255	0.4276094276094276	0.237012987012987	0.35	0.44476744186046513	0.2736077481840194	111.0	139.0	78.0	30.0	59.0	29.0
subimage_B7	9664	0.32666666666666666	0.3807354505851886	0.21897810218978103	0.3367003367003367	0.43209876543209874	0.23218997361477572	0.3561607786589762	0.4454022988505747	0.27674418604651163	114.0	143.0	77.0	34.0	62.0	30.0
subimage_A7	17076	0.3194444444444444	0.4006001751814379	0.22115384615384615	0.32941176470588235	0.43425076452599387	0.23636363636363636	0.3419815699313092	0.4473684210526316	0.2692307692307692	108.0	142.0	77.0	30.0	63.0	33.0
subimage_H8	8655	0.31961046587498365	0.4	0.2134387351778656	0.33147632311977715	0.4280701754385965	0.24085365853658536	0.3424242424242424	0.4597052280311456	0.2603891509433962	99.0	128.0	72.0	28.0	57.0	30.0
subimage_G8	9739	0.329073482428115	0.394007405728104	0.20972644376899696	0.3391304347826087	0.4265129682997118	0.2356164383561644	0.35365853658536583	0.4440993788819876	0.2673579136561858	118.0	148.0	82.0	35.0	67.0	30.0
subimage_F8	2091	0.35431654676258995	0.34290271132376393	0.2882722580231477	0.35748031496062993	0.3454861111111111	0.29692832764505117	0.36348684210526316	0.35009143823823424	0.3014951197503166	222.0	213.0	185.0	37.0	30.0	-7.0
subimage_E8	8722	0.32641204482649616	0.3917301603173016	0.21672050323019382	0.3389308743631681	0.4265129682997118	0.23404255319148937	0.35103244837758113	0.4429530201342282	0.268842870265305	116.0	145.0	79.0	35.0	65.0	30.0
subimage_D8	16970	0.3181818181818182	0.40095365053322396	0.2222222222222222	0.3323262839879154	0.4305555555555556	0.23676880222841226	0.3462649357092653	0.4448051948051948	0.26666666666666666	114.0	147.0	80.0	33.0	65.0	33.0
subimage_C8	9379	0.3277591973244147	0.3978140575031102	0.21613832853025935	0.33429394812680113	0.4230769230769231	0.24269005847953215	0.3458823529411765	0.44673539518900346	0.26349579831932773	116.0	146.0	84.0	31.0	62.0	31.0
subimage_B8	3575	0.3487469525311917	0.34392523364485983	0.22281763910790717	0.36830357142857145	0.3738095238095238	0.25571725571725573	0.38572327044025156	0.4146341463414634	0.2933173241852487	162.0	168.0	112.0	50.0	51.0	3.0
subimage_A8	12885	0.31973215618535816	0.3977010741419963	0.21926910299003322	0.33121019108280253	0.4262295081967213	0.24307692307692308	0.3405994550408719	0.45051194539249145	0.26795580110497236	107.0	137.0	79.0	28.0	59.0	31.0
subimage_H9	20282	0.31896551724137934	0.40244052996085516	0.2222222222222222	0.33142033758748457	0.4310850439882698	0.23692307692307693	0.3473389355742297	0.4444444444444444	0.2674772036474164	113.0	146.0	79.0	32.0	64.0	33.0
subimage_G9	7300	0.32692041338163225	0.3925916101778171	0.2342313832820162	0.33423180592991913	0.4214876033057851	0.2443820224719101	0.34104046242774566	0.43322475570032576	0.2723020037435944	117.0	147.0	85.0	31.0	61.0	30.0
subimage_F9	5772	0.3391812865497076	0.376311663304603	0.22021352118829182	0.3493975903614458	0.3941176470588235	0.25806451612903225	0.36363636363636365	0.4254227994227994	0.27296907143363836	116.0	132.0	84.0	31.0	45.0	16.0
subimage_E9	7515	0.32917705735660846	0.3851508120649652	0.20977011494252873	0.3435374149659864	0.41916167664670656	0.23952095808383234	0.36158614762528707	0.44195671958742033	0.2721238938053097	123.0	151.0	86.0	37.0	64.0	28.0
subimage_D9	9212	0.32934131736526945	0.3974025974025974	0.20446096654275092	0.3368747295746562	0.4277286135693215	0.2356687898089172	0.3519163763066202	0.4489051094890511	0.2605093350802488	114.0	144.0	80.0	34.0	64.0	30.0
subimage_C9	9860	0.3198647009308774	0.3985320995424726	0.21771092200717926	0.3305785123966942	0.42771084337349397	0.24198250728862974	0.3414123777801654	0.45195729537366547	0.26666666666666666	105.0	136.0	77.0	29.0	60.0	31.0
subimage_B9	2941	0.355	0.34177215189873417	0.27599243856332706	0.3624161073825503	0.344391785150079	0.29292929292929293	0.3743016759776536	0.3532934131736527	0.30204778156996587	212.0	200.0	170.0	40.0	30.0	-10.0
subimage_A9	15792	0.31985294117647056	0.39762611275964393	0.22382671480144403	0.32919254658385094	0.43346007604562736	0.23824451410658307	0.3425076452599388	0.4444444444444444	0.26685393258426965	105.0	138.0	75.0	28.0	61.0	33.0
subimage_H10	11465	0.33436532507739936	0.3873917501036145	0.20765027322404372	0.3436426116838488	0.42662116040955633	0.2298507462686567	0.3585507887365472	0.44476744186046513	0.2645718141843354	115.0	140.0	76.0	37.0	61.0	26.0
subimage_G10	8877	0.3333333333333333	0.341948310139165	0.20884520884520885	0.35135135135135137	0.42058823529411765	0.23782234957020057	0.3715753424657534	0.43323603845438596	0.2934752076935894	135.0	161.0	88.0	42.0	67.0	27.0
subimage_F10	3837	0.3536977491961415	0.3418869450905046	0.24362606232294617	0.36253776435045315	0.3639240506329114	0.2732732732732733	0.3873933536185192	0.39482741681949174	0.2879941831805186	118.0	117.0	88.0	29.0	28.0	1.0
subimage_E10	8922	0.32661290322580644	0.38858695652173914	0.20948616600790515	0.33532934131736525	0.42567567567567566	0.23961661341853036	0.3506080039248668	0.45136186770428016	0.2701298701298701	110.0	140.0	79.0	31.0	60.0	29.0
subimage_D10	11577	0.3238434163701068	0.387153868113046	0.2109704641350211	0.3333333333333333	0.42492917847025496	0.24188790560471976	0.34812286689419797	0.4558303886925795	0.2708333333333333	110.0	140.0	79.0	30.0	60.0	30.0
subimage_C10	10626	0.32602739726027397	0.3994811286282795	0.2120253164556962	0.33518005540166207	0.42935535348669157	0.23578390613451589	0.34522994129158513	0.45311235841423947	0.26026572041591023	113.5	145.0	79.0	33.0	64.0	31.0
subimage_B10	3342	0.3565596968759666	0.33985940195697706	0.253533242465546	0.3809949740182298	0.34593572778827975	0.27187421582999854	0.3934740882917466	0.3595238095238095	0.3014415275663845	202.0	183.0	144.0	57.0	39.0	-17.0
subimage_A10	16404	0.3188405797101449	0.4	0.22449896126115118	0.3284132841328413	0.4318181818181818	0.2408026755852843	0.34187624586985604	0.4444444444444444	0.26900307202605667	104.0	136.0	75.0	27.0	58.0	32.0
subimage_H11	14073	0.3248515599697722	0.3952802359882006	0.2239554101914033	0.33421750663129973	0.42857142857142855	0.2375366568914956	0.34523809523809523	0.44025157232704404	0.26891633938170567	110.0	141.0	78.0	31.0	61.0	31.0
subimage_G11	4277	0.3555956678700361	0.34179357021996615	0.2624793388429752	0.3732876712328767	0.34629629629629627	0.27958833619210977	0.3847626488095238	0.35789473684210527	0.3009009009009009	207.0	191.0	154.0	51.0	37.0	-15.0
subimage_F11	3265	0.3443396226415094	0.3462214411247803	0.24490826633683777	0.36666666666666664	0.3556910569105691	0.27165354330708663	0.3822349493156946	0.4068627450980392	0.29423076923076924	178.0	173.0	133.0	45.0	41.0	-5.0
subimage_E11	6001	0.3231552162849873	0.39313984168865435	0.22672064777327935	0.3324468085106383	0.4227129337539432	0.24363636363636362	0.3441108545034642	0.44052863436123346	0.27154046997389036	105.0	134.0	78.0	28.0	56.0	28.0
subimage_D11	12263	0.3249211356466877	0.3967870973232903	0.20962753574991685	0.3333333333333333	0.425531914893617	0.24203821656050956	0.34459459459459457	0.45588235294117646	0.26795580110497236	108.0	138.0	78.0	30.0	59.0	30.0
subimage_C11	8029	0.32686442729204207	0.38918083031485096	0.21304945465411623	0.33429394812680113	0.4265129682997118	0.23853211009174313	0.345679012345679	0.452755905511811	0.27164775565546273	110.0	139.0	78.0	31.0	61.0	31.0
subimage_B11	461	0.3463855421686747	0.34831460674157305	0.2537313432835821	0.3592964824120603	0.3609467455621302	0.2751196172248804	0.37906976744186044	0.38109756097560976	0.29444444444444445	120.0	124.0	89.0	29.0	32.0	0.0
subimage_A11	11011	0.32270916334661354	0.3947017543859649	0.21818181818181817	0.33098591549295775	0.4263322884012539	0.24	0.3541666666666667	0.44573643410852715	0.2716049382716049	99.0	128.0	72.0	26.0	55.0	28.0
subimage_H12	11169	0.32679738562091504	0.39335180055401664	0.2229299363057325	0.33532934131736525	0.4294117647058823	0.23529411764705882	0.34615384615384615	0.4405144694533762	0.26851127819548876	109.0	139.0	76.0	32.0	63.0	30.0
subimage_G12	2526	0.34818941504178275	0.362962962962963	0.2325	0.3663594470046083	0.38557993730407525	0.25	0.37844036697247707	0.4	0.2785645346894836	148.0	157.0	99.0	48.0	54.0	8.0
subimage_F12	4012	0.3261538461538461	0.380890088593577	0.24057824974808154	0.3380281690140845	0.3984375	0.2636363636363636	0.35264190287693503	0.424	0.2775967209309686	102.0	121.0	80.0	22.0	40.0	18.0
subimage_E12	18937	0.32167832167832167	0.39751552795031053	0.22435897435897437	0.3322784810126582	0.4314868804664723	0.23738872403560832	0.34365499498539226	0.4413145539906103	0.26740130806983176	105.0	136.0	74.0	29.0	60.0	31.0
subimage_D12	11121	0.3217993079584775	0.39385474860335196	0.22727272727272727	0.3287671232876712	0.4266666666666667	0.24482758620689654	0.34579439252336447	0.4401294498381877	0.2698412698412698	100.0	129.0	73.0	25.0	54.0	29.0
subimage_C12	4925	0.35665019020067884	0.34111310592459604	0.258252427184466	0.3825242718446602	0.3467889908256881	0.2693798449612403	0.3931297709923664	0.35180562461548837	0.30154934115987214	203.0	184.0	143.0	59.0	41.0	-18.0
subimage_B12	1670	0.3413897280966767	0.35131931500465985	0.2596385329987232	0.3538011695906433	0.3793103448275862	0.2702283028369985	0.368815696312837	0.38823529411764707	0.2882451664876477	118.0	127.0	90.0	28.0	36.0	9.0
subimage_A12	15418	0.32558139534883723	0.39256952414249124	0.19889270625377223	0.3474900530503979	0.42956536469677165	0.225130890052356	0.36243386243386244	0.45662100456621	0.26478257721134	120.0	147.0	75.0	41.0	67.0	27.0