subimage	all_plant_pixels	ratio_r_q5	ratio_g_q5	ratio_b_q5	ratio_r_median	ratio_g_median	ratio_b_median	ratio_r_q95	ratio_g_q95	ratio_b_q95	pix_r_median	pix_g_median	pix_b_median	diff_rb_median	diff_gb_median	diff_gr_median
subimage_H1	2516	0.3367003367003367	0.35528942115768464	0.23775905207005618	0.3553459119496855	0.37959583671262503	0.26586102719033233	0.3665480427046263	0.40869565217391307	0.2861638772542681	112.0	121.0	84.0	29.0	37.0	8.0
subimage_G1	2931	0.3290112430387727	0.383487985794885	0.2369284374162423	0.34110787172011664	0.40816326530612246	0.25142857142857145	0.3514718614718615	0.4197952218430034	0.277551261829653	113.0	134.0	83.0	29.0	50.0	22.0
subimage_F1	7788	0.33147632311977715	0.3859223300970874	0.190625	0.34146341463414637	0.4351851851851852	0.2229299363057325	0.35591475573280157	0.4577922077922078	0.27379985636946197	112.0	143.0	72.0	37.0	68.0	30.0
subimage_E1	9607	0.33229813664596275	0.38388625592417064	0.17727175692023056	0.3467153284671533	0.43454038997214484	0.219435736677116	0.3701078582434514	0.46037735849056605	0.2727272727272727	114.0	141.0	71.0	38.0	67.0	27.0
subimage_D1	7839	0.33226837060702874	0.3855721393034826	0.18855218855218855	0.3402777777777778	0.43641618497109824	0.2236024844720497	0.35555555555555557	0.46360153256704983	0.27378466467793616	110.0	141.0	72.0	38.0	69.0	31.0
subimage_C1	4986	0.33242506811989103	0.3870967741935484	0.19578313253012047	0.3431952662721893	0.4280821917808219	0.22865853658536586	0.3618981846882399	0.4486959957850369	0.27383863080684595	118.0	147.0	77.0	38.0	67.0	29.0
subimage_B1	6396	0.33451337309509344	0.38924577780709857	0.19135802469135801	0.34413674560733387	0.4373259052924791	0.2188365650969529	0.3560830860534125	0.4600159744408946	0.27215675002395323	119.0	151.0	76.0	43.0	76.0	32.0
subimage_A1	3144	0.3435384615384615	0.29446640316205536	0.21703296703296704	0.35443037974683544	0.39840630423433465	0.2478629703291797	0.3624960021321961	0.42939002291106193	0.34693047950887673	133.0	152.0	93.0	41.0	58.0	18.0
subimage_H2	4653	0.3527332361516035	0.3573934011769955	0.20713046265775592	0.37083333333333335	0.3747072599531616	0.2525	0.3804100227790433	0.4241645244215938	0.28003501094091904	151.0	160.0	100.0	51.0	51.0	3.0
subimage_G2	3852	0.33589743589743587	0.383336295014332	0.22	0.3488372093023256	0.41002949852507375	0.24074074074074073	0.36653032962432164	0.4307375396139441	0.26812347417137206	112.0	131.0	77.0	34.0	53.0	20.0
subimage_F2	8071	0.3373027971780055	0.38461538461538464	0.18947368421052632	0.3480825958702065	0.4316109422492401	0.21971830985915494	0.3659182873384579	0.45042492917847027	0.27513158720622655	129.0	158.0	79.0	45.0	76.0	29.0
subimage_E2	8946	0.3357487922705314	0.3832936986041911	0.18769230769230769	0.35167829916743487	0.4359673024523161	0.2113095238095238	0.36220472440944884	0.4570552147239264	0.2765957446808511	123.0	152.0	74.0	48.0	78.0	29.0
subimage_D2	7807	0.3296296296296296	0.38063063063063063	0.16608996539792387	0.34534534534534533	0.4483985765124555	0.2090032154340836	0.36363636363636365	0.4785714285714286	0.27229707562644945	108.0	140.0	64.0	42.0	73.0	32.0
subimage_C2	9769	0.33440514469453375	0.3891625615763547	0.18209323751612308	0.34591194968553457	0.4371069182389937	0.21690140845070421	0.36127167630057805	0.4603174603174603	0.27294458653026427	117.0	148.0	72.0	43.0	74.0	30.0
subimage_B2	4534	0.3442265795206972	0.38064007555943036	0.19540229885057472	0.35784313725490197	0.4219114219114219	0.21933962264150944	0.375	0.43697389350843197	0.2690831430363122	148.0	173.0	90.0	57.0	84.0	26.0
subimage_A2	2912	0.3547591504468111	0.35	0.23925638234712054	0.3684210526315789	0.3670212765957447	0.25879396984924624	0.38912230333852843	0.3937677053824363	0.28936329873829875	148.0	147.0	103.0	43.0	45.0	-2.0
subimage_H3	2669	0.3352778683321037	0.3511450381679389	0.23809523809523808	0.36	0.37341772151898733	0.26517571884984026	0.37116564417177916	0.4133451491995235	0.28859060402684567	110.0	114.0	82.0	29.0	34.0	3.0
subimage_G3	4254	0.336231884057971	0.3819703063707235	0.1985605604509879	0.35142118863049093	0.4173669467787115	0.2309941520467836	0.371900826446281	0.4407169937555754	0.2736077481840194	126.0	148.0	82.0	42.0	66.0	24.0
subimage_F3	7361	0.3342857142857143	0.38311688311688313	0.19373219373219372	0.3501577287066246	0.4318181818181818	0.21921921921921922	0.359375	0.45125348189415043	0.2751842751842752	127.0	157.0	79.0	47.0	76.0	30.0
subimage_E3	7436	0.3395768888777568	0.38317757009345793	0.18125	0.3498582431792079	0.42776203966005666	0.22252747252747251	0.3633440514469453	0.45939611486486487	0.27423167848699764	125.0	153.0	79.0	45.0	73.0	28.0
subimage_D3	8254	0.33807475331607895	0.39285714285714285	0.20065789473684212	0.34593023255813954	0.4382716049382716	0.21574344023323616	0.35294117647058826	0.45053625287721244	0.2656015444572748	116.0	147.0	72.0	43.0	74.0	31.0
subimage_C3	9160	0.335149863760218	0.38181818181818183	0.19932432432432431	0.3413173652694611	0.4269005847953216	0.2323529411764706	0.3581081081081081	0.44654088050314467	0.275609756097561	115.0	145.0	78.0	36.0	65.0	28.0
subimage_B3	3056	0.3439306358381503	0.3590255046372068	0.21306818181818182	0.36070381231671556	0.3915343915343915	0.25	0.38095238095238093	0.4228571428571429	0.2755950552825553	128.0	142.0	88.0	39.0	50.0	12.0
subimage_A3	6149	0.3325635103926097	0.3903990800512244	0.19760479041916168	0.3445121951219512	0.4342105263157895	0.22186495176848875	0.3546325878594249	0.452991452991453	0.2698019801980198	118.0	150.0	75.0	41.0	73.0	31.0
subimage_H4	6349	0.33665835411471323	0.38221153846153844	0.19256756756756757	0.3465346534653465	0.43515850144092216	0.21893491124260356	0.3583061889250814	0.4563106796116505	0.27365728900255754	117.0	146.0	73.0	42.0	72.0	29.0
subimage_G4	3283	0.3390362511052166	0.36434765471028774	0.2072863291658127	0.3567708333333333	0.4049586776859504	0.23976608187134502	0.3780151644970196	0.42939481268011526	0.2764022358985941	127.0	146.0	85.0	41.0	59.0	18.0
subimage_F4	8376	0.337945362498806	0.3826291079812207	0.18308665552637862	0.3521722792064156	0.4318181818181818	0.21351351351351353	0.3651226158038147	0.4603174603174603	0.2768147496824799	126.0	154.0	77.0	47.0	77.0	27.0
subimage_E4	9292	0.33727810650887574	0.38672768878718533	0.19414893617021275	0.3463687150837989	0.43023255813953487	0.22324159021406728	0.3582089552238806	0.4537037037037037	0.2705742296918767	121.0	150.0	78.0	42.0	72.0	29.0
subimage_D4	7368	0.3323170731707317	0.38406391066761697	0.20187364069204694	0.34	0.4314333492594362	0.22832369942196531	0.35422898533393693	0.4507042253521127	0.27693526495266296	114.0	144.0	76.0	36.0	67.0	29.0
subimage_C4	7400	0.3381995133819951	0.3822843822843823	0.1875	0.3485645604395604	0.4273255813953488	0.22424242424242424	0.3630373546908831	0.45428215077605305	0.2761904761904762	122.0	150.0	78.0	43.0	70.0	27.0
subimage_B4	3756	0.33980582524271846	0.37007317941189555	0.20805020261542	0.35339330000393654	0.41063641617484803	0.23850574712643677	0.3746397694524496	0.4289963174171866	0.27218227923627686	127.0	146.0	84.0	40.0	62.0	21.0
subimage_A4	8623	0.3284132841328413	0.38384085352300507	0.20675105485232068	0.3371104815864023	0.4268292682926829	0.23684210526315788	0.3538011695906433	0.45267489711934156	0.2722063037249284	98.0	124.0	69.0	29.0	55.0	26.0
subimage_H5	791	0.35517499349466564	0.34504443635985654	0.2651589428042565	0.3648393194706994	0.349609375	0.28544061302681994	0.38454480128240565	0.353595531479396	0.2978300109872861	191.0	184.0	149.0	41.0	33.0	-8.0
subimage_G5	3528	0.34097421203438394	0.35470822049139605	0.1994219653179191	0.36	0.39366447728516696	0.25110678892284893	0.3809039313399778	0.4304485736942497	0.2772180685358255	122.0	136.0	85.0	38.0	49.0	14.0
subimage_F5	9784	0.33962861237162645	0.3837818979266348	0.184	0.35398230088495575	0.43567251461988304	0.2110964526531809	0.36338028169014086	0.4558011049723757	0.273972602739726	130.0	159.0	75.0	50.0	78.0	29.0
subimage_E5	8287	0.3333333333333333	0.381294964028777	0.19484240687679083	0.35	0.4265129682997118	0.22714681440443213	0.3638968481375358	0.4514285714285714	0.2772150562604235	126.0	152.0	79.0	42.0	68.0	26.0
subimage_D5	5725	0.3259493670886076	0.3856749311294766	0.19367063492063494	0.3431372549019608	0.4307692307692308	0.22522522522522523	0.3591549295774648	0.46441947565543074	0.27008212375859436	112.0	140.0	73.0	39.0	67.0	29.0
subimage_C5	11508	0.32971014492753625	0.39271160269742234	0.2037037037037037	0.33815028901734107	0.4380664652567976	0.2236024844720497	0.3477874641359523	0.4558641654541675	0.27040816326530615	107.0	138.0	70.0	36.0	67.0	31.0
subimage_B5	5432	0.3393258426966292	0.38114754098360654	0.1921921921921922	0.34805194805194806	0.41277641277641275	0.23869346733668342	0.3659942363112392	0.4441036009832805	0.27669321234426886	139.0	166.0	95.0	44.0	69.0	25.0
subimage_A5	3378	0.3333333333333333	0.3852040816326531	0.19935691318327975	0.345988845988846	0.415041782729805	0.2378300937040192	0.36910030445308484	0.44193548387096776	0.2732418932197838	116.0	140.0	79.0	37.0	59.0	23.0
subimage_H6	848	0.3274039305141253	0.35018542190506957	0.2698412698412698	0.35379061371841153	0.3634848484848485	0.28312117857895847	0.3665776081424936	0.3888888888888889	0.2947094062007357	96.0	100.0	77.0	19.0	23.0	2.0
subimage_G6	3501	0.33620689655172414	0.38009049773755654	0.19220055710306408	0.35185185185185186	0.4251968503937008	0.22192513368983957	0.3763440860215054	0.44668587896253603	0.2729528535980149	131.0	156.0	82.0	48.0	75.0	27.0
subimage_F6	8220	0.33692722371967654	0.38173302107728335	0.18604651162790697	0.35128205128205126	0.4281767955801105	0.21763085399449036	0.3687150837988827	0.45325926071145006	0.27601809954751133	130.0	156.0	79.0	47.0	76.0	26.0
subimage_E6	8442	0.3333333333333333	0.3832944307944308	0.19219261043773578	0.3489736070381232	0.4322766570605187	0.21712538226299694	0.3619791666666667	0.4542366913344474	0.2751196172248804	120.0	148.0	74.0	44.0	72.0	28.0
subimage_D6	6091	0.3314285714285714	0.38590234151913194	0.20508776187009625	0.3418079096045198	0.4297994269340974	0.2289855072463768	0.35714285714285715	0.4444444444444444	0.2765432098765432	118.0	147.0	78.0	38.0	69.0	29.0
subimage_C6	12282	0.3379501385041551	0.3864168618266979	0.19154929577464788	0.34574468085106386	0.4266304347826087	0.22662889518413598	0.3648289688544632	0.4503311258278146	0.2661290322580645	125.0	153.0	82.0	42.0	73.0	28.0
subimage_B6	4087	0.34458748312488857	0.3789237668161435	0.20493827160493827	0.3541666666666667	0.4187192118226601	0.22249388753056235	0.37275064267352187	0.4342105263157895	0.2699003961935794	146.0	169.0	89.0	52.0	79.0	24.0
subimage_A6	3576	0.33860759493670883	0.35353535353535354	0.219435736677116	0.3575949367088608	0.3799392097264438	0.26447321856069284	0.37919463087248323	0.4217687074829932	0.283987915407855	112.0	123.0	83.0	29.0	37.0	7.0
subimage_H7	6063	0.33653846153846156	0.3832929094171064	0.1836734693877551	0.352112676056338	0.43197278911564624	0.22085889570552147	0.3645833333333333	0.45722713864306785	0.2719543404964049	116.0	142.0	71.0	43.0	67.0	25.0
subimage_G7	7203	0.3333333333333333	0.38221153846153844	0.19113590893042465	0.34269662921348315	0.42528735632183906	0.23303834808259588	0.3615819209039548	0.45357142857142857	0.2772488386279386	115.0	144.0	78.0	36.0	65.0	27.0
subimage_F7	4984	0.3348115299334812	0.3766757388713591	0.2131578947368421	0.34886577909833727	0.4209039548022599	0.22946175637393768	0.36611619070635465	0.4378698224852071	0.2777777777777778	131.0	156.0	86.0	43.0	71.0	27.0
subimage_E7	3049	0.3395176571920758	0.36630209532581165	0.21469243932093485	0.35398230088495575	0.40214477211796246	0.24338624338624337	0.3753289362421783	0.4200516134039622	0.2781034706876381	138.0	156.0	93.0	42.0	59.0	19.0
subimage_D7	4900	0.33551127521715757	0.38048515376458114	0.20062647548279733	0.34371535476718407	0.41622329135418146	0.2410958904109589	0.36	0.4440993788819876	0.2782816101767267	127.0	155.0	89.0	37.0	64.0	25.0
subimage_C7	5497	0.3358473625140292	0.38107416879795397	0.18983050847457628	0.345679012345679	0.4263803680981595	0.22865013774104684	0.36129032258064514	0.45454545454545453	0.2784503631961259	119.0	147.0	78.0	39.0	68.0	26.0
subimage_B7	5115	0.3333333333333333	0.39036144578313253	0.18661734490851653	0.34593023255813954	0.43157894736842106	0.2222222222222222	0.3628048780487805	0.4570552147239264	0.27228915662650605	121.0	150.0	77.0	42.0	72.0	30.0
subimage_A7	5657	0.3333333333333333	0.382051282051282	0.1858974358974359	0.344311377245509	0.4318840579710145	0.22424242424242424	0.3583061889250814	0.46075085324232085	0.27970643218167973	115.0	145.0	74.0	39.0	68.0	29.0
subimage_H8	4582	0.3380952380952381	0.38369304556354916	0.19135802469135801	0.35014836795252224	0.4306153695000737	0.22085889570552147	0.36721311475409835	0.4485981308411215	0.27341678618195425	119.0	147.0	74.0	43.0	71.0	27.0
subimage_G8	9308	0.32710280373831774	0.3860103626943005	0.205607476635514	0.3392405063291139	0.4326647564469914	0.22653721682847897	0.3543046357615894	0.4495114006514658	0.27586206896551724	112.0	141.0	73.0	36.0	67.0	30.0
subimage_F8	6123	0.33692722371967654	0.3789954337899543	0.208955223880597	0.3453038674033149	0.42024539877300615	0.23512747875354106	0.3602150537634409	0.43948506324571635	0.2759433962264151	123.0	150.0	84.0	39.0	66.0	27.0
subimage_E8	3275	0.34441087613293053	0.3563218390804598	0.22792889846485323	0.36257309941520466	0.3778409090909091	0.259375	0.37823043184885285	0.41369047619047616	0.27753611898016994	119.0	124.0	84.0	34.0	39.0	5.0
subimage_D8	5314	0.3315068493150685	0.3835294117647059	0.20611538461538462	0.34402332361516036	0.4189564315510917	0.23736102868447084	0.3564719784905824	0.44574780058651026	0.27733239281113903	129.0	156.0	88.0	39.0	67.0	28.0
subimage_C8	5817	0.3342776203966006	0.3861378737541528	0.2085889570552147	0.34210526315789475	0.43646408839779005	0.221875	0.3483709273182957	0.4472843450479233	0.2741445813114346	116.0	148.0	75.0	40.0	71.0	31.0
subimage_B8	5358	0.3343333745539342	0.38957816377171217	0.19323576629780403	0.34911242603550297	0.43034055727554177	0.22054380664652568	0.36085626911314983	0.449839663194342	0.2707317073170732	119.0	148.0	76.0	44.0	72.0	28.0
subimage_A8	6346	0.3298633658008658	0.3859029927760578	0.21493234760775562	0.33774834437086093	0.4336569579288026	0.22847682119205298	0.3449367088607595	0.44519979065216403	0.27733612777336125	107.0	137.0	72.0	34.0	64.0	30.0
subimage_H9	8307	0.3333333333333333	0.384403360589451	0.20226005660862853	0.33986928104575165	0.4309210526315789	0.2292358803986711	0.3495440729483283	0.4572601912750611	0.2734375	104.0	132.0	71.0	33.0	61.0	28.0
subimage_G9	4	0.355267097384179	0.35469660314012047	0.28573513167839076	0.3558811083274352	0.35627235564639753	0.2881778656570536	0.3571602397129274	0.35728484778016784	0.28939221882097366	186.5	186.5	150.5	35.5	35.0	0.0
subimage_F9	2345	0.3467280586978485	0.3452595452595453	0.25071225071225073	0.36227544910179643	0.3586626139817629	0.28	0.37237237237237236	0.39067055393586003	0.2896308143409303	122.0	121.0	94.0	27.0	26.0	-1.0
subimage_E9	2258	0.3344370860927152	0.3602304727287252	0.24034507345000053	0.3501442119874656	0.38580246913580246	0.2660684586082944	0.36666666666666664	0.41178977272727274	0.2833333333333333	111.0	121.0	84.0	26.0	39.0	13.0
subimage_D9	7272	0.3302752293577982	0.390792043298739	0.20871055126642285	0.34	0.42857142857142855	0.23160762942779292	0.35127478753541075	0.4479495268138801	0.2729437340153453	117.0	147.0	80.0	37.0	68.0	31.0
subimage_C9	4512	0.33480176211453744	0.3856812933025404	0.1686635040662006	0.3488372093023256	0.4274508865708778	0.22282608695652173	0.37013859275053307	0.46645367412140576	0.2748170935951907	127.0	156.0	82.0	46.0	74.0	29.0
subimage_B9	8582	0.33611111111111114	0.3808411214953271	0.17586206896551723	0.34328358208955223	0.42485549132947975	0.2334293948126801	0.36607142857142855	0.46031483233469983	0.2780487804878049	121.0	150.0	81.0	38.0	67.0	27.0
subimage_A9	6516	0.331306990881459	0.3907004253692109	0.21851851851851853	0.33860759493670883	0.43037974683544306	0.23076923076923078	0.3449367088607595	0.44089456869009586	0.2743142144638404	111.0	141.0	75.0	35.0	64.0	30.0
subimage_H10	4693	0.33875338753387535	0.3840749414519906	0.1853146853146853	0.35127478753541075	0.4218289085545723	0.2262295081967213	0.3664383561643836	0.4557823129251701	0.2690756407846086	123.0	147.0	79.0	43.0	67.0	24.0
subimage_G10	7658	0.3368780217092763	0.3826291079812207	0.18039029535864978	0.3475409836065574	0.43243243243243246	0.2197317663945456	0.3678571428571429	0.45925925925925926	0.2749391727493917	116.0	143.0	72.0	41.0	69.0	26.0
subimage_F10	3971	0.3424828767123288	0.36133449883449886	0.21438146304098046	0.3516483516483517	0.42359249329758714	0.22615803814713897	0.3645972966934763	0.43370165745856354	0.2786885245901639	131.0	158.0	84.0	46.0	74.0	27.0
subimage_E10	2395	0.3475783475783476	0.34332425068119893	0.24247727272727274	0.3673469387755102	0.3759036144578313	0.2589073634204275	0.3815899428236329	0.39791387637485287	0.28432959915981093	142.0	150.0	102.0	41.0	46.0	3.0
subimage_D10	4894	0.3333333333333333	0.3822843822843823	0.2	0.3463855421686747	0.42492917847025496	0.22922636103151864	0.3569230769230769	0.44654088050314467	0.2785714285714286	121.0	148.0	80.0	41.0	68.0	27.0
subimage_C10	5493	0.32875452684616596	0.387685841870239	0.2099125364431487	0.34110787172011664	0.42201834862385323	0.2359882005899705	0.3516483516483517	0.4441340782122905	0.27509147046422106	119.0	148.0	82.0	36.0	65.0	28.0
subimage_B10	4893	0.3361581920903955	0.3812287581699346	0.19827586206896552	0.3482849604221636	0.4230769230769231	0.22647058823529412	0.3638888888888889	0.44610778443113774	0.27751196172248804	128.0	154.0	82.0	44.0	71.0	27.0
subimage_A10	9789	0.32837295006449235	0.3887354151719971	0.20216606498194944	0.3373860182370821	0.4341317365269461	0.22839506172839505	0.3470790378006873	0.4581818181818182	0.27430281439258997	105.0	134.0	71.0	33.0	64.0	30.0
subimage_H11	6443	0.33427925316962065	0.39313984168865435	0.20988125530110263	0.3408360128617363	0.43425076452599387	0.22442244224422442	0.35119047619047616	0.44625017843933706	0.26811594202898553	107.0	136.0	70.0	36.0	64.0	28.0
subimage_G11	7317	0.334326591892608	0.393637829683192	0.19230769230769232	0.3440514469453376	0.4339080459770115	0.22189349112426035	0.35795454545454547	0.4555160142348754	0.26649870303947976	114.0	144.0	73.0	40.0	70.0	30.0
subimage_F11	5567	0.3423180592991914	0.3826291079812207	0.20891364902506965	0.3494897959183674	0.41944444444444445	0.23035230352303523	0.3699421965317919	0.4289940828402367	0.26729650363494384	127.0	151.0	83.0	42.0	68.0	24.0
subimage_E11	5907	0.336472807991121	0.3846655518394649	0.21084337349397592	0.3433734939759036	0.4293785310734463	0.226775956284153	0.3583535108958838	0.44144144144144143	0.2712144227694276	122.0	152.0	81.0	41.0	72.0	30.0
subimage_D11	8899	0.3272243303392734	0.3919207806381203	0.20689655172413793	0.3366013071895425	0.43154761904761907	0.2309941520467836	0.3483539390454284	0.4512987012987013	0.2741514360313316	112.0	144.0	76.0	35.0	67.0	32.0
subimage_C11	6238	0.3333333333333333	0.38848029014804686	0.20521172638436483	0.3403386087596614	0.43521594684385384	0.22435897435897437	0.34812286689419797	0.45084745762711864	0.2741684596382182	110.0	140.0	73.0	37.0	68.0	30.0
subimage_B11	6797	0.335243553008596	0.3872296679453952	0.17933130699088146	0.3465045592705167	0.4260869565217391	0.22741433021806853	0.3649510556294553	0.4595630062915837	0.27126681340180975	119.0	148.0	77.0	40.0	68.0	27.0
subimage_A11	7853	0.3235294117647059	0.3889720144084234	0.21476510067114093	0.3359375	0.4289772727272727	0.23511904761904762	0.34560906515580736	0.4481389273090518	0.27709022487936635	106.0	134.0	74.0	31.0	60.0	29.0
subimage_H12	3095	0.3305250913924892	0.3031837533200358	0.225	0.3473053892215569	0.3972222222222222	0.25806451612903225	0.36537577028143065	0.426047294841664	0.3339360008386459	125.0	145.0	95.0	31.0	50.0	19.0
subimage_G12	7201	0.3333333333333333	0.38046272493573263	0.1865671641791045	0.3425925925925926	0.4198250728862974	0.24085365853658536	0.3660377358490566	0.4521072796934866	0.27631578947368424	114.0	139.0	80.0	33.0	59.0	24.0
subimage_F12	3658	0.33897592935479276	0.369887717860867	0.2123051138805329	0.35013262599469497	0.4246192699165837	0.22580645161290322	0.36243386243386244	0.436950146627566	0.27577937649880097	127.0	154.0	82.0	45.0	73.0	27.0
subimage_E12	4418	0.3430493273542601	0.3825503355704698	0.2094240837696335	0.35626535626535627	0.4176904176904177	0.22486772486772486	0.37346437346437344	0.4267723763691505	0.2708803611738149	142.0	164.0	88.0	51.0	75.0	23.0
subimage_D12	5109	0.3343108504398827	0.37971698113207547	0.20063694267515925	0.34444444444444444	0.42196531791907516	0.2331288343558282	0.3653701289294509	0.4407088764102828	0.2817628520026029	117.0	143.0	78.0	37.0	63.0	25.0
subimage_C12	3157	0.3279742765273312	0.38658927488521183	0.20860927152317882	0.3389830508474576	0.4268292682926829	0.23389830508474577	0.3567073170731707	0.44242424242424244	0.2791161630806704	111.0	138.0	75.0	34.0	62.0	27.0
subimage_B12	7197	0.32996632996632996	0.38734177215189874	0.22641509433962265	0.335423197492163	0.42249240121580545	0.24260355029585798	0.3449160283381882	0.43343653250773995	0.2740740740740741	110.0	139.0	79.0	30.0	59.0	28.0
subimage_A12	4113	0.33251833740831294	0.38535662803436543	0.19615289153636137	0.34375	0.4276923076923077	0.2289855072463768	0.35816618911174786	0.44645041502839666	0.27769587769587767	118.0	147.0	78.0	38.0	66.0	29.0