subimage	all_plant_pixels	ratio_r_q5	ratio_g_q5	ratio_b_q5	ratio_r_median	ratio_g_median	ratio_b_median	ratio_r_q95	ratio_g_q95	ratio_b_q95	pix_r_median	pix_g_median	pix_b_	diff_rb_median	diff_gb_median	diff_gr_median
subimage_H1	4925	0.33611577964519146	0.39463364293085657	0.19461077844311378	0.3482142857142857	0.434375	0.21794871794871795	0.35847919981814047	0.4507936507936508	0.26313295086056376	115.0	144.0	71.0	42.0	69.0	28.0
subimage_G1	4179	0.3261538461538461	0.38636363636363635	0.21660649819494585	0.3333333333333333	0.41009463722397477	0.25748502994011974	0.3491447728516694	0.44360902255639095	0.27901194911987665	104.0	127.0	81.0	24.0	48.0	24.0
subimage_F1	7192	0.3385093167701863	0.39715400202634243	0.19648093841642228	0.35161290322580646	0.43670886075949367	0.21112740306288694	0.36	0.44868035190615835	0.2590730030485892	123.0	152.0	72.0	47.0	75.0	29.0
subimage_E1	329	0.34444444444444444	0.3439184038274493	0.22962962962962963	0.3644578313253012	0.35864978902953587	0.2748091603053435	0.41688402685170534	0.38337316710806796	0.2960109615155487	112.0	106.0	79.0	29.0	27.0	-1.0
subimage_D1	1096	0.3262678689853364	0.3766385463984426	0.25244330382862834	0.3390120733689343	0.3964230502692041	0.2647058823529412	0.35853664601568713	0.40789473684210525	0.2828118202419371	107.0	126.0	84.0	23.0	42.0	18.0
subimage_C1	5293	0.34064560439560443	0.34271523178807944	0.19645999162128194	0.351288056206089	0.4258064516129032	0.22429906542056074	0.36810527251711567	0.44072948328267475	0.29967103134370215	125.0	151.0	80.0	44.0	72.0	26.0
subimage_B1	3631	0.3304093567251462	0.3587642376047211	0.2312145014094875	0.3468354430379747	0.4017857142857143	0.25449101796407186	0.3762140499764262	0.41693300521785304	0.2765957446808511	120.0	140.0	89.0	34.0	50.0	20.0
subimage_A1	702	0.32786885245901637	0.3618156078901973	0.2534474062002871	0.3333333333333333	0.39425824175824176	0.2701413992131174	0.36432160804020103	0.40713659147869674	0.28823529411764703	103.0	121.0	83.0	19.0	38.0	19.0
subimage_H2	7300	0.3355263157894737	0.39534610123119013	0.20138770383010998	0.345	0.42956536469677165	0.225	0.36075949367088606	0.4483870967741935	0.2595654686843211	112.0	140.0	72.0	39.0	66.0	28.0
subimage_G2	8005	0.3350463973433671	0.38461538461538464	0.18	0.346031746031746	0.4351851851851852	0.21725239616613418	0.35941948398576506	0.46875	0.27025662025662023	109.0	137.0	68.0	41.0	69.0	28.0
subimage_F2	4173	0.3333333333333333	0.3586816910954842	0.23295264809991317	0.3413173652694611	0.4106583072100313	0.2484472049689441	0.360041450777202	0.4244604316546763	0.28143681369812024	111.0	134.0	81.0	30.0	52.0	23.0
subimage_E2	6162	0.33879781420765026	0.3818657186422699	0.19938650306748465	0.34951456310679613	0.4375	0.21428571428571427	0.3582554517133956	0.4482758620689655	0.2757847533632287	115.0	144.0	71.0	44.0	73.0	29.0
subimage_D2	2030	0.3288135593220339	0.37126928273843035	0.23174603174603176	0.3476923076923077	0.4036697247706422	0.25073746312684364	0.36250631023850755	0.4176829268292683	0.27875584266690184	116.0	136.0	83.0	34.0	51.0	20.0
subimage_C2	1845	0.33740881458966565	0.35657679360079064	0.2440262910798122	0.3462897526501767	0.396875	0.25722543352601157	0.3653367379508458	0.40716612377850164	0.28376055138232786	108.0	124.0	81.0	28.0	44.0	16.0
subimage_B2	451	0.3311680094486861	0.35508432945799906	0.2545361909144698	0.34810126582278483	0.37943262411347517	0.27531645569620256	0.3695090439276486	0.38640215716486903	0.291107840577302	101.0	113.0	81.0	22.0	31.0	9.0
subimage_A2	6536	0.33938708350473057	0.3865418463617481	0.19416047972587092	0.3487105593733836	0.4369624682717662	0.21367521367521367	0.36046511627906974	0.45482162294035955	0.26701927329272296	117.0	147.0	70.0	45.0	74.0	30.0
subimage_H3	6443	0.3436619718309859	0.3903934593765968	0.19186360779384037	0.36018957345971564	0.42857142857142855	0.21301775147928995	0.3744493392070485	0.4411764705882353	0.25749712643678163	146.0	171.0	84.0	56.0	81.0	27.0
subimage_G3	8702	0.34055727554179566	0.34448160535117056	0.18882978723404256	0.35602094240837695	0.4358974358974359	0.2135635806149391	0.36745862662962375	0.45027624309392267	0.29382260812694694	132.0	162.0	76.0	49.0	75.0	29.0
subimage_F3	5347	0.3373603837843776	0.396658315276273	0.2	0.34507042253521125	0.4365781710914454	0.21846153846153846	0.3557692307692308	0.45195729537366547	0.2570736528107872	111.0	141.0	71.0	41.0	70.0	29.0
subimage_E3	2609	0.34217436116146	0.35327535813517125	0.21764705882352942	0.36523929471032746	0.38461538461538464	0.24	0.39269994316734275	0.43034055727554177	0.2829098293650452	141.0	153.0	92.0	46.0	59.0	5.0
subimage_D3	2772	0.35650623885918004	0.3429726644995652	0.2487130252212507	0.3711507293354943	0.3482587064676617	0.27866101618755545	0.39118393166264903	0.3773333040112596	0.2997443528693528	222.0	207.0	166.0	54.0	42.0	-14.0
subimage_C3	2706	0.33104036718841945	0.36005763688760806	0.23125	0.34185303514376997	0.3961661341853035	0.26366559485530544	0.3689264073164688	0.4158415841584158	0.28122735507246377	106.0	124.0	82.0	24.0	41.0	17.0
subimage_B3	4549	0.34177215189873417	0.3931203931203931	0.18034862004565264	0.35149863760217986	0.43597560975609756	0.21351351351351353	0.3671516543158334	0.45777391622462044	0.26071634783160424	125.0	153.0	77.0	50.0	80.0	29.0
subimage_A3	2250	0.3310580204778157	0.357672321494499	0.22472868711924998	0.3444783197831978	0.4091490351081144	0.2465325869498307	0.36809669924489224	0.43185971005738444	0.2823014169171318	122.0	145.0	87.0	34.0	55.0	22.0
subimage_H4	6035	0.3388704318936877	0.3855721393034826	0.18117709437963944	0.35218508997429304	0.42857142857142855	0.22054380664652568	0.3659998869864949	0.4635529007652868	0.2641211295199966	118.0	142.0	73.0	44.0	69.0	26.0
subimage_G4	13600	0.3371212121212121	0.4054638921381518	0.1837318662404721	0.3476923076923077	0.4454828660436137	0.2073170731707317	0.35987261146496813	0.4634920634920635	0.252429587618956	118.0	150.0	68.0	46.0	77.0	32.0
subimage_F4	7555	0.33797909407665505	0.39669394392425317	0.1949685534591195	0.34911242603550297	0.4309859154929577	0.21866666666666668	0.3646723646723647	0.4536741214057508	0.2570069122242211	117.0	145.0	72.0	44.0	71.0	28.0
subimage_E4	8172	0.33841890088748217	0.3834080717488789	0.16845878136200718	0.3492499812495312	0.43567251461988304	0.21621621621621623	0.3659588375915135	0.4724137931034483	0.2672811059907834	118.0	147.0	73.0	45.0	74.0	29.0
subimage_D4	5314	0.3385093167701863	0.39659367396593675	0.18518518518518517	0.3482758620689655	0.44067724164133737	0.21100917431192662	0.35555555555555557	0.46564885496183206	0.2585306433786329	111.0	141.0	68.0	43.0	73.0	29.0
subimage_C4	7130	0.34036144578313254	0.39612709928253637	0.19793266496018203	0.3468208092485549	0.438953488372093	0.2138728323699422	0.3541666666666667	0.4527027027027027	0.2600787589498806	113.0	143.0	70.0	43.0	73.0	30.0
subimage_B4	6204	0.3360950991967035	0.38084190204608376	0.17882381566976283	0.3511705685618729	0.43529411764705883	0.21652421652421652	0.36696257672760874	0.4612794612794613	0.27045454545454545	114.0	142.0	70.0	43.0	70.0	28.0
subimage_A4	8390	0.34008936261843237	0.39473684210526316	0.1831831831831832	0.3522727272727273	0.44812398340552295	0.20105820105820105	0.36045093590470784	0.46017699115044247	0.26092200610221195	122.0	155.0	67.0	50.0	81.0	32.0
subimage_H5	10901	0.3447204968944099	0.3956043956043956	0.1878048780487805	0.36519607843137253	0.43529411764705883	0.19954648526077098	0.3706293706293706	0.446064139941691	0.2525879917184265	151.0	180.0	82.0	68.0	97.0	29.0
subimage_G5	10670	0.3385093167701863	0.3963254593175853	0.1897590361445783	0.3502994011976048	0.4417910447761194	0.20906522855675397	0.36065573770491804	0.4560810810810811	0.25864258979055504	121.0	152.0	70.0	48.0	78.0	31.0
subimage_F5	8460	0.3442622950819672	0.3904761904761905	0.17992479233296585	0.3524355300859599	0.4421364985163205	0.20489296636085627	0.3638691426613297	0.46358074199683763	0.25783132530120484	119.0	149.0	69.0	49.0	80.0	30.0
subimage_E5	7113	0.3420402746165725	0.39667458432304037	0.191044776119403	0.35119047619047616	0.4365079365079365	0.21203438395415472	0.3619631901840491	0.45294117647058824	0.25725601131541714	122.0	152.0	74.0	49.0	78.0	30.0
subimage_D5	6313	0.34265734265734266	0.38967136150234744	0.2033709456588452	0.35014005602240894	0.4344262295081967	0.215633423180593	0.3597122302158273	0.44345238095238093	0.26155270655270657	124.0	154.0	77.0	48.0	78.0	30.0
subimage_C5	2351	0.3343151885335508	0.3663184999818663	0.24621212121212122	0.3522388059701492	0.3860182370820669	0.26282051282051283	0.36538461538461536	0.40601503759398494	0.2803118187091226	111.0	122.0	83.0	28.0	39.0	11.0
subimage_B5	2457	0.35755813953488375	0.3433962264150943	0.2300601012730112	0.3715083798882682	0.35234215885947046	0.2606060606060606	0.3939393939393939	0.3994413407821229	0.2945874861572536	180.0	168.0	124.0	48.0	45.0	-8.0
subimage_A5	2525	0.3333333333333333	0.38198757763975155	0.24759454907364875	0.34365325077399383	0.39590443686006827	0.2608695652173913	0.3538316400580551	0.40666113416320887	0.27823783472502156	107.0	123.0	81.0	26.0	42.0	16.0
subimage_H6	8198	0.33986928104575165	0.36209981851179673	0.16494845360824742	0.3509933774834437	0.43788819875776397	0.21362229102167182	0.36507936507936506	0.4755700325732899	0.28194692633329194	117.0	146.0	71.0	46.0	74.0	29.0
subimage_G6	11941	0.3380281690140845	0.3533190578158458	0.189873417721519	0.34911242603550297	0.44036697247706424	0.21246458923512748	0.36363636363636365	0.45768025078369906	0.2830188679245283	116.0	146.0	69.0	44.0	73.0	30.0
subimage_F6	2579	0.3275199980370025	0.37100981767180924	0.24722405398958933	0.3409090909090909	0.3956386292834891	0.262987012987013	0.3629372229372229	0.410958904109589	0.2845805331118326	110.0	127.0	84.0	25.0	41.0	18.0
subimage_E6	9990	0.3357142857142857	0.3971631205673759	0.18578877790834314	0.34627831715210355	0.44126984126984126	0.2112676056338028	0.3604336043360434	0.4636363636363636	0.2581478116007874	116.0	148.0	69.0	45.0	76.0	31.0
subimage_D6	2898	0.35751295336787564	0.345679012345679	0.23620309050772628	0.375	0.35223860494228193	0.27137546468401486	0.3907815631262525	0.37722205867922676	0.2958801498127341	203.0	189.0	145.0	55.0	44.0	-11.0
subimage_C6	3006	0.34409392789373816	0.35714285714285715	0.23109892275354701	0.35555555555555557	0.39708013640238704	0.24691358024691357	0.38303281644428416	0.4124629080118694	0.27617770968977406	124.0	138.0	86.0	38.0	52.0	15.0
subimage_B6	2187	0.356076956616525	0.34443736128128577	0.23419758412424505	0.37130801687763715	0.359375	0.26411290322580644	0.38196102969040546	0.3957345971563981	0.2966666666666667	185.0	181.0	131.0	53.0	46.0	-6.0
subimage_A6	2884	0.355433241919083	0.34840313922624083	0.2315035799522673	0.3720508166969147	0.3620689655172414	0.2589865762176519	0.3933920305615972	0.4	0.28654802069275753	167.0	163.0	114.0	51.0	47.0	-5.0
subimage_H7	4387	0.33982486198362843	0.34924795840244993	0.2111669231439273	0.3542234332425068	0.41055718475073316	0.23661971830985915	0.3680557587763233	0.4317991896682704	0.2945054945054945	129.0	151.0	86.0	41.0	62.0	20.0
subimage_G7	5177	0.3333333333333333	0.3840963624148191	0.22093023255813954	0.3452054794520548	0.40540540540540543	0.24857142857142858	0.36585365853658536	0.4246031746031746	0.2722063037249284	111.0	129.0	80.0	31.0	49.0	19.0
subimage_F7	4364	0.34375	0.389048416392326	0.1945288753799392	0.35377840799475246	0.43641618497109824	0.21067415730337077	0.3626373626373626	0.44642857142857145	0.2609853961827646	124.0	153.0	74.0	50.0	79.0	29.0
subimage_E7	2877	0.34545454545454546	0.35622015406601837	0.23134803921568628	0.3564954682779456	0.3930635838150289	0.2513812154696133	0.38084163898117385	0.4069400630914827	0.27526695526695527	123.0	134.0	86.0	36.0	48.0	13.0
subimage_D7	7371	0.3416149068322981	0.38927807442969353	0.176056338028169	0.35135135135135137	0.4416403785488959	0.20634920634920634	0.36495301619263365	0.47058823529411764	0.2626384325179506	110.0	139.0	64.0	45.0	74.0	29.0
subimage_C7	7656	0.3413102196561531	0.3808498791640999	0.16666666666666666	0.35118052237617453	0.4303960589847319	0.21994134897360704	0.3697546542732849	0.46855727298531724	0.26904761904761904	122.0	148.0	77.0	45.0	73.0	27.0
subimage_B7	6838	0.34195402298850575	0.39653866248693836	0.19631901840490798	0.349862258953168	0.43714285714285717	0.212707182320442	0.3581267217630854	0.45	0.2565763407386443	119.0	149.0	72.0	46.0	76.0	30.0
subimage_A7	6305	0.33981123401033075	0.3956755503383911	0.18239843617202106	0.35365853658536583	0.4450704225352113	0.203125	0.3626373626373626	0.45896656534954405	0.25941941941941926	122.0	153.0	68.0	51.0	81.0	31.0
subimage_H8	3559	0.349861455798376	0.34845360824742266	0.19249280131633073	0.3601108033240997	0.4080604534005038	0.22969187675070027	0.3788241848271342	0.4350132625994695	0.29373785097192223	144.0	161.0	87.0	49.0	68.0	16.0
subimage_G8	824	0.3483146130517803	0.34841634429400387	0.2553191489361702	0.3580645161290323	0.36480036055968695	0.2746696226743175	0.38240203976546017	0.37985163570606606	0.2923076923076923	108.0	112.0	83.0	25.0	28.0	1.0
subimage_F8	5413	0.33901202375778644	0.38199126092384517	0.18867924528301888	0.3507692307692308	0.42686567164179107	0.22522522522522523	0.3684210526315789	0.45	0.2646645543463287	118.0	145.0	75.0	42.0	67.0	26.0
subimage_E8	3941	0.34451901565995524	0.3605150214592275	0.1933534743202417	0.3586626139817629	0.41348973607038125	0.22965116279069767	0.38285714285714284	0.4447852760736196	0.28	131.0	150.0	82.0	47.0	65.0	19.0
subimage_D8	4304	0.33620689655172414	0.38251936619718313	0.20497899816792528	0.34472934472934474	0.41954022988505746	0.23595505617977527	0.36395412153159934	0.44272445820433437	0.2719537643083755	121.0	148.0	83.0	39.0	65.0	27.0
subimage_C8	6343	0.3445016284025572	0.3952391237272447	0.17218743122386507	0.35945945945945945	0.4312169312169312	0.21037463976945245	0.3740053050397878	0.4561933534743202	0.2539290808538325	134.0	161.0	79.0	56.0	83.0	27.0
subimage_B8	8564	0.3402777777777778	0.39119265996934266	0.1868609125893348	0.3489736070381232	0.4362017804154303	0.2147239263803681	0.3626012623627056	0.45768025078369906	0.26220844567057494	120.0	150.0	73.0	45.0	75.0	30.0
subimage_A8	7608	0.3373860182370821	0.3864168618266979	0.17131474103585656	0.3483483483483483	0.4329268292682927	0.21846153846153846	0.36330935251798563	0.4745530076437354	0.2679271136059759	117.0	144.0	73.0	43.0	72.0	29.0
subimage_H9	3397	0.3383237505528527	0.34218448792092204	0.2516216549512887	0.35611510791366907	0.3706293706293706	0.2730496453900709	0.38381728512276814	0.38943894389438943	0.2995846262457108	110.0	118.0	84.0	27.0	30.0	4.0
subimage_G9	3447	0.34285714285714286	0.3514938546025104	0.2055711318795431	0.35714285714285715	0.4174454828660436	0.22727272727272727	0.39010662604722013	0.4331395348837209	0.27740492170022374	126.0	147.0	78.0	46.0	64.0	21.0
subimage_F9	3532	0.35547576301615796	0.34318555008210183	0.26285182401967483	0.3714774134024712	0.3482758620689655	0.2797319932998325	0.38476524851989535	0.3560345415778251	0.30085470085470084	214.0	199.0	161.0	53.0	40.0	-13.0
subimage_E9	6573	0.3449197860962567	0.39803893155581316	0.18823529411764706	0.35602094240837695	0.4367469879518072	0.20728291316526612	0.36363636363636365	0.4524083985179086	0.251719708862566	127.0	156.0	74.0	52.0	80.0	28.0
subimage_D9	3308	0.35658914728682173	0.3515558316342114	0.2074468085106383	0.36910994764397903	0.3878860583665087	0.2373717026378897	0.38177874186550975	0.42736594566203506	0.2892555533827289	155.0	163.0	98.0	55.0	62.0	6.0
subimage_C9	3414	0.35558162855996794	0.34341141958370347	0.24544623783527178	0.36982968369829683	0.3532934131736527	0.2645151091045199	0.39069785198004686	0.3863080684596577	0.29849858633128595	188.0	175.0	133.0	49.0	45.0	-9.0
subimage_B9	10561	0.33620689655172414	0.39473684210526316	0.19197707736389685	0.3502673796791444	0.43217665615141954	0.21794871794871795	0.36127167630057805	0.4554140127388535	0.25728155339805825	124.0	153.0	76.0	46.0	75.0	29.0
subimage_A9	7990	0.33676975945017185	0.3971729203891205	0.18559478980183963	0.3476923076923077	0.44	0.21159420289855072	0.3608815426997245	0.4623287671232877	0.2598128271675537	112.0	142.0	67.0	44.0	73.0	29.0
subimage_H10	9082	0.33448275862068966	0.3502836365310044	0.18662725379514442	0.3475609756097561	0.4394904458598726	0.21515151515151515	0.36122410180802356	0.4626334519572954	0.2927400468384075	109.0	138.0	67.0	41.0	70.0	28.0
subimage_G10	10600	0.3362818920457486	0.384453314659197	0.19	0.3467153284671533	0.44281524926686217	0.2088607594936709	0.36508121077888517	0.4617945967146549	0.26634382566585957	112.0	143.0	67.0	43.0	73.0	31.0
subimage_F10	7297	0.3389213691915875	0.38696301034004904	0.1875	0.34983498349834985	0.43874643874643876	0.21194029850746268	0.36363636363636365	0.4582043343653251	0.2660740108574544	117.0	148.0	69.0	46.0	76.0	30.0
subimage_E10	7454	0.34324324324324323	0.3930232558139535	0.19090909090909092	0.3525641025641026	0.4358974358974359	0.21142857142857144	0.3633440514469453	0.45051194539249145	0.25707727011139886	121.0	149.0	72.0	47.0	76.0	28.0
subimage_D10	7677	0.34411764705882353	0.3989762857687386	0.18214285714285713	0.3512658227848101	0.43567251461988304	0.21288515406162464	0.3605804975693451	0.461796327057955	0.2517560516636729	119.0	147.0	72.0	47.0	75.0	29.0
subimage_C10	8059	0.3404255319148936	0.3910891089108911	0.17391304347826086	0.35324675324675325	0.430635838150289	0.21750663129973474	0.372972972972973	0.46099290780141844	0.26174971508167655	124.0	151.0	77.0	48.0	75.0	27.0
subimage_B10	8591	0.33980582524271846	0.38235294117647056	0.17785234899328858	0.34831460674157305	0.43243243243243246	0.2206703910614525	0.36517812631821145	0.46464646464646464	0.2676056338028169	117.0	145.0	73.0	42.0	71.0	28.0
subimage_A10	7691	0.34355828220858897	0.3868694198882878	0.1875	0.3504273504273504	0.43425076452599387	0.2152777777777778	0.35834342211460857	0.45907473309608543	0.26609203906481205	116.0	143.0	71.0	44.0	72.0	27.0
subimage_H11	5736	0.3393939393939394	0.3408695652173913	0.21199911979210329	0.3532934131736527	0.41607453416149065	0.23303834808259588	0.36740690559859057	0.4368932038834951	0.29979879275653926	125.0	147.0	82.0	41.0	63.0	22.0
subimage_G11	3553	0.33817556750198013	0.3548387096774194	0.21176470588235294	0.3507692307692308	0.41620111731843573	0.23615160349854228	0.38568988882890226	0.43283582089552236	0.2703206703206703	122.0	145.0	81.0	41.0	62.0	24.0
subimage_F11	4527	0.3416242003686436	0.38602494825598355	0.19942550838901976	0.3519061583577713	0.42151162790697677	0.2275449101796407	0.36950677063205195	0.43641618497109824	0.2664302211724606	126.0	150.0	80.0	44.0	69.0	25.0
subimage_E11	5112	0.345088161209068	0.3668710562783376	0.18597560975609756	0.3615819209039548	0.42	0.21971830985915494	0.37861289259550307	0.44005389221556884	0.27446496270025683	127.0	148.0	78.0	50.0	71.0	20.0
subimage_D11	5577	0.34285714285714286	0.38533845186197324	0.18429827907983873	0.35400516795865633	0.42628205128205127	0.22	0.37401216669509346	0.44860453207015744	0.26450116009280744	126.0	151.0	77.0	47.0	73.0	25.0
subimage_C11	5281	0.35060975609756095	0.3530701754385965	0.1838006230529595	0.3632183908045977	0.3983286908077994	0.24249422632794457	0.38650306748466257	0.43653250773993807	0.28662420382165604	133.0	147.0	88.0	44.0	56.0	13.0
subimage_B11	8540	0.3356164383561644	0.38016428871590663	0.20270045793301608	0.3507246376811594	0.4217252396166134	0.22635135135135134	0.3798219584569733	0.445993031358885	0.2670258030086682	113.0	137.0	73.0	40.0	64.0	24.0
subimage_A11	7447	0.34580056815842564	0.3796719181609626	0.20287523550345407	0.3556231003039514	0.41566265060240964	0.22816901408450704	0.37119113573407203	0.4388836642284918	0.2653061224489796	124.0	145.0	80.0	45.0	66.0	21.0
subimage_H12	4914	0.3355405228186746	0.34151785714285715	0.20817843866171004	0.34558823529411764	0.42138364779874216	0.2359882005899705	0.36341268849082325	0.4431963869463869	0.29873069083887577	111.0	136.0	76.0	34.0	59.0	25.0
subimage_G12	931	0.33793103448275863	0.3442803640845738	0.25694578429480996	0.35051546391752575	0.3783783783783784	0.2727272727272727	0.38004469122426865	0.39070474020271073	0.2931630131098216	102.0	111.0	79.0	23.0	30.0	8.0
subimage_F12	2796	0.33548387096774196	0.35943468296409475	0.24544060234244283	0.3460974509361606	0.391304347826087	0.2626865671641791	0.3681705123520981	0.4019063657454516	0.2803936882793677	113.0	128.0	86.0	27.0	42.0	15.0
subimage_E12	2913	0.32903225806451614	0.34109643498332903	0.21900241131955292	0.3431372549019608	0.41509433962264153	0.24242424242424243	0.36702741702741704	0.43436671314141995	0.30091968745997183	106.0	129.0	75.0	31.0	53.0	22.0
subimage_D12	12672	0.3396786576949621	0.4014902676399027	0.18658892128279883	0.3520710059171598	0.4407894736842105	0.20711974110032363	0.36253776435045315	0.45686900958466453	0.2542857142857143	117.0	144.0	68.0	47.0	75.0	29.0
subimage_C12	8369	0.3386615548455804	0.3915264748182454	0.1891025641025641	0.35081967213114756	0.43567251461988304	0.21176470588235294	0.36314363143631434	0.4581891152325935	0.264	117.0	146.0	70.0	46.0	75.0	28.0
subimage_B12	2779	0.3556899214243539	0.3430127041742287	0.22571173078326887	0.3875968992248062	0.3530701754385965	0.25851703406813625	0.4138013529120607	0.36185819070904646	0.30035971223021585	185.0	169.0	126.0	61.0	45.0	-15.0
subimage_A12	8340	0.34294871794871795	0.38106768088970605	0.17704918032786884	0.35492957746478876	0.43322475570032576	0.21385542168674698	0.372436477789368	0.46	0.2718216594436239	115.0	140.0	67.0	45.0	70.0	25.0