subimage	all_plant_pixels	ratio_r_q5	ratio_g_q5	ratio_b_q5	ratio_r_median	ratio_g_median	ratio_b_median	ratio_r_q95	ratio_g_q95	ratio_b_q95	pix_r_median	pix_g_median	pix_b_	diff_rb_median	diff_gb_median	diff_gr_median
subimage_H1	6830	0.32798990825688074	0.3813840045377198	0.21428571428571427	0.3401826484018265	0.41424802110817943	0.24821002386634844	0.35279805352798055	0.4383053346291411	0.28353858784893265	142.0	174.0	101.0	37.0	67.0	31.0
subimage_G1	11752	0.3333333333333333	0.3983324199483285	0.20105198447235	0.3471264367816092	0.43882978723404253	0.2128146453089245	0.35514018691588783	0.4525412181496116	0.2609147504769554	147.0	184.0	89.0	55.0	93.0	38.0
subimage_F1	6845	0.3401015228426396	0.392375539266642	0.20619013875237158	0.35251798561151076	0.42788461538461536	0.21890547263681592	0.3611738148984199	0.44110275689223055	0.26327748439514964	153.0	184.0	96.0	57.0	90.0	33.0
subimage_E1	7711	0.31976744186046513	0.38406645623324165	0.1834862385321101	0.32989690721649484	0.45016077170418006	0.2195845697329377	0.3541666666666667	0.47987616099071206	0.2820782726045884	115.0	157.0	75.0	37.0	78.0	41.0
subimage_D1	10653	0.32463768115942027	0.347008547008547	0.1912568306010929	0.3350253807106599	0.45161290322580644	0.21227621483375958	0.36199295002814064	0.47398843930635837	0.285004914004914	120.0	164.0	76.0	44.0	83.0	42.0
subimage_C1	9165	0.3211009174311927	0.39317069122894366	0.1893491124260355	0.335149863760218	0.45507246376811594	0.21114369501466276	0.34782608695652173	0.4745222929936306	0.2715494733051229	121.0	164.0	75.0	44.0	86.0	43.0
subimage_B1	12599	0.32628398791540786	0.39088485556732283	0.19337016574585636	0.3361581920903955	0.4491017964071856	0.21448467966573817	0.3494318181818182	0.4715909090909091	0.267975478032404	122.0	163.0	77.0	43.0	83.0	40.0
subimage_A1	7889	0.31871345029239767	0.3689142789486147	0.1976401179941003	0.3313253012048193	0.44224422442244227	0.22866894197952217	0.35472906403940885	0.46932515337423314	0.2847826086956522	114.0	152.0	77.0	35.0	71.0	38.0
subimage_H2	10653	0.33430744049648775	0.38637331084112486	0.19760479041916168	0.3493975903614458	0.4401805869074492	0.21108179419525067	0.3575343068410633	0.45604395604395603	0.26946612039079737	150.0	188.0	90.0	57.0	94.0	38.0
subimage_G2	7883	0.33134328358208953	0.3930885529157667	0.1921937521937522	0.3448275862068966	0.44212962962962965	0.21226415094339623	0.35714285714285715	0.46153846153846156	0.26399821029082776	135.0	172.0	84.0	50.0	88.0	38.0
subimage_F2	4329	0.3279094976996282	0.38959415584415585	0.20924574209245742	0.33601609657947684	0.43187066974595845	0.23097826086956522	0.35351089588377727	0.4470284237726098	0.2699235489732249	132.0	168.0	90.0	40.0	77.0	37.0
subimage_E2	9898	0.32425742574257427	0.39347291518175337	0.2086720867208672	0.33238636363636365	0.42477969618567	0.2436548223350254	0.3403141361256545	0.45555555555555555	0.2747747747747748	130.0	167.0	95.0	35.0	71.0	37.0
subimage_D2	11093	0.32753623188405795	0.39737991266375544	0.19116017598175003	0.3370473537604457	0.45161290322580644	0.2113022113022113	0.35170603674540685	0.47126436781609193	0.26394849785407726	129.0	173.0	80.0	47.0	90.0	43.0
subimage_C2	10711	0.32727272727272727	0.395473174366617	0.1904123579726797	0.33604336043360433	0.45251396648044695	0.21067415730337077	0.35198343685300204	0.4727272727272727	0.2633788916206237	125.0	168.0	78.0	46.0	89.0	43.0
subimage_B2	9071	0.3241590214067278	0.3966940996732573	0.18950437317784258	0.33430232558139533	0.45073891625615764	0.21333333333333335	0.3487179487179487	0.4745762711864407	0.26908241029693425	124.0	168.0	79.0	45.0	88.0	43.0
subimage_A2	5077	0.3211009174311927	0.38596491228070173	0.19436619718309858	0.3352112676056338	0.44715447154471544	0.21739130434782608	0.35060757453666397	0.47147147147147145	0.28120808607130793	122.0	163.0	78.0	43.0	83.0	40.0
subimage_H3	8537	0.3289817232375979	0.3900862068965517	0.184	0.34324324324324323	0.44358974358974357	0.2152230971128609	0.3567567567567568	0.46578947368421053	0.2703252032520325	136.0	175.0	84.0	50.0	89.0	39.0
subimage_G3	7132	0.33261168659197415	0.39243027888446214	0.19607843137254902	0.3438320209973753	0.44474765826272133	0.21144278606965175	0.3542168674698795	0.4601990049751244	0.2643270677930724	142.0	183.0	86.0	54.0	95.0	41.0
subimage_F3	5463	0.3333333333333333	0.38702507652129964	0.20558876099235004	0.34375	0.43315508021390375	0.2261072261072261	0.36147186147186144	0.4509222489688904	0.26152569422278965	134.0	169.0	88.0	47.0	80.0	35.0
subimage_E3	7711	0.3231197771587744	0.3887733887733888	0.19382022471910113	0.33181818181818185	0.42710997442455245	0.23918575063613232	0.3407960199004975	0.47398843930635837	0.2782517736947426	131.0	168.0	94.0	35.0	73.0	37.0
subimage_D3	6698	0.3325842696629214	0.3825345659326242	0.2093953488372093	0.3411486096304193	0.40540540540540543	0.2554112554112554	0.3543332762752482	0.4378238341968912	0.2785571142284569	152.0	181.0	113.0	38.0	67.0	29.0
subimage_C3	8143	0.3216392893060677	0.3849214431189992	0.20245398773006135	0.33064516129032256	0.4260204081632653	0.24438902743142144	0.3449873270833969	0.4666666666666667	0.278372591006424	131.0	169.0	95.0	34.0	70.0	37.0
subimage_B3	6258	0.32038834951456313	0.39722378105372214	0.19387755102040816	0.33040291624803564	0.45207530145189073	0.21712538226299694	0.3442622950819672	0.4747233571671774	0.2700972198713608	119.0	162.0	77.0	39.0	82.0	43.0
subimage_A3	4656	0.3181818181818182	0.3911805555555556	0.18495297805642633	0.32972972972972975	0.44565217391304346	0.22408495170643508	0.3473088787460045	0.48641753998896853	0.2751117820354777	117.0	155.0	78.0	36.0	77.0	40.0
subimage_H4	9998	0.32763532763532766	0.40048206580366774	0.18925831202046037	0.3425	0.45219638242894056	0.20588235294117646	0.3521505376344086	0.46900269541778977	0.25773883161512023	135.0	176.0	80.0	52.0	94.0	43.0
subimage_G4	8556	0.32937154309752625	0.3979159738388205	0.1876750700280112	0.3385416666666667	0.450261780104712	0.211340206185567	0.3489583333333333	0.4747336878605008	0.2610044993765924	131.0	174.0	81.0	49.0	91.0	43.0
subimage_F4	7605	0.33149474002875956	0.39421255457762094	0.2027101073676416	0.3385012919896641	0.4375	0.2236503856041131	0.34814814814814815	0.45751675896240157	0.2647702407002188	133.0	171.0	88.0	45.0	84.0	39.0
subimage_E4	9838	0.3285024154589372	0.39049291617473436	0.20365535248041775	0.33858267716535434	0.43765281173594134	0.2225	0.352803738317757	0.4573002754820937	0.2697095435684647	137.0	176.0	90.0	46.0	87.0	40.0
subimage_D4	8746	0.3068849106612439	0.3894523326572008	0.1746987951807229	0.33539417104634495	0.4503105590062112	0.21606648199445982	0.35073742661102075	0.5070797123164519	0.27367362067139683	129.0	171.0	80.0	42.0	83.0	43.0
subimage_C4	8159	0.3097580280416101	0.39264871664036266	0.18781594749336683	0.33783783783783783	0.4393203883495146	0.22160664819944598	0.3530701754385965	0.4835845363347198	0.2695884987343415	135.0	174.0	88.0	45.0	85.0	40.0
subimage_B4	7337	0.3239795918367347	0.3811563169164882	0.2186429606971594	0.3342541436464088	0.4123456790123457	0.2538860103626943	0.3468945301697915	0.4435526204385742	0.28509719222462204	137.0	169.0	103.0	33.0	64.0	32.0
subimage_A4	10229	0.3231707317073171	0.38492386771409176	0.1813031161473088	0.33879781420765026	0.45454545454545453	0.20725388601036268	0.35400516795865633	0.48171947167976664	0.27673353452867033	126.0	169.0	76.0	48.0	89.0	43.0
subimage_H5	11725	0.3296398891966759	0.4019370460048426	0.1925133689839572	0.34177215189873417	0.45243619489559167	0.2048780487804878	0.35077752598265216	0.4666666666666667	0.2570831105339546	137.0	180.0	82.0	54.0	98.0	44.0
subimage_G5	6670	0.32665616045845275	0.385105399785259	0.20429344438778402	0.34023668639053256	0.4318181818181818	0.22807017543859648	0.3618272282464956	0.4518950437317784	0.26944444444444443	123.0	156.0	81.0	41.0	72.0	33.0
subimage_F5	2850	0.33001116625310173	0.37227032273719973	0.22748546228841957	0.3432098765432099	0.40338521772345304	0.2520107238605898	0.3673827997652735	0.4317988885091994	0.275554394986341	124.0	147.0	91.0	34.0	55.0	23.0
subimage_E5	4518	0.33678756476683935	0.3862088922879762	0.2	0.351288056206089	0.42452830188679247	0.2229072963518241	0.3682795698924731	0.44622937757780273	0.26908685068501575	149.0	179.0	94.0	54.0	85.0	31.0
subimage_D5	11575	0.32459016393442625	0.40397350993377484	0.17534246575342466	0.3402061855670103	0.4596100278551532	0.2005420054200542	0.3539669674932095	0.4895708401612117	0.259946949602122	128.0	173.0	75.0	52.0	96.0	45.0
subimage_C5	6922	0.32783212186823385	0.3864187278987096	0.1989389920424403	0.3385416666666667	0.43884892086330934	0.21975308641975308	0.3556085918854415	0.46296021540828663	0.2704538307604345	136.0	175.0	87.0	48.0	86.0	39.0
subimage_B5	7403	0.3217391304347826	0.39059191176470587	0.19263715986173557	0.33170731707317075	0.45118733509234826	0.21705426356589147	0.34916201117318435	0.475	0.2756061917612913	119.0	163.0	77.0	40.0	83.0	42.0
subimage_A5	6320	0.335632183908046	0.39215482873647384	0.1975888921539818	0.34382566585956414	0.4376470588235294	0.21914357682619648	0.3556085918854415	0.45409429280397023	0.2648221343873518	141.0	180.0	89.0	50.0	89.0	38.0
subimage_H6	14136	0.33055555555555555	0.39503709096548517	0.18911917098445596	0.34430379746835443	0.4485294117647059	0.20588235294117646	0.35491205250085645	0.4696132596685083	0.26045627376425856	145.0	187.0	87.0	57.0	101.0	44.0
subimage_G6	1601	0.32398753894080995	0.3470225872689938	0.23783783783783785	0.33618233618233617	0.3904761904761905	0.2724458204334365	0.39313984168865435	0.40181268882175225	0.2962962962962963	113.0	133.0	91.0	22.0	40.0	19.0
subimage_F6	3321	0.33611691022964507	0.3708086785009862	0.19047619047619047	0.35374149659863946	0.4219114219114219	0.2242152466367713	0.37566137566137564	0.44675324675324674	0.2735229759299781	145.0	174.0	92.0	51.0	81.0	26.0
subimage_E6	3348	0.33421750663129973	0.38662922966162705	0.21428571428571427	0.3462532299741602	0.41918500069185	0.2351421188630491	0.36363636363636365	0.43636363636363634	0.2704451462515978	134.0	162.0	90.0	42.0	69.0	28.0
subimage_D6	9942	0.3333333333333333	0.3836477987421384	0.1804733727810651	0.345679012345679	0.43488372093023253	0.21671018276762402	0.36009732360097324	0.4749262536873156	0.2753623188405797	143.0	179.0	90.0	52.0	90.0	36.0
subimage_C6	7448	0.3349875930521092	0.3447761194029851	0.2045977011494253	0.35391435246278213	0.4196642685851319	0.228643216080402	0.3796864081062194	0.43478260869565216	0.29513343799058084	144.0	172.0	93.0	48.0	77.0	27.0
subimage_B6	3705	0.3367399401920151	0.3522267206477733	0.21204188481675393	0.3526448362720403	0.4148936170212766	0.2329192546583851	0.36314363143631434	0.4327792157990605	0.28643224699828473	134.0	157.0	88.0	44.0	68.0	23.0
subimage_A6	4630	0.3311095307939612	0.3640202247191011	0.2046783625730994	0.34203655352480417	0.4375	0.22043010752688172	0.3661486142893466	0.45454545454545453	0.276163089285984	132.0	170.0	86.0	47.0	84.0	37.0
subimage_H7	10312	0.32792207792207795	0.4006908352729862	0.18686868686868688	0.3424317617866005	0.45588235294117646	0.20164616797386606	0.35195530726256985	0.470404984423676	0.259682324442455	136.0	180.0	80.0	54.0	97.0	44.0
subimage_G7	8572	0.32486664372365137	0.3919673190895021	0.18783872665088133	0.336283185840708	0.44935064935064933	0.21329639889196675	0.3536086275829053	0.4753416149068323	0.2709386351340907	130.0	172.0	81.0	45.0	88.0	43.0
subimage_F7	10846	0.32576294102498066	0.3995381062355658	0.18322981366459629	0.3404255319148936	0.4543269230769231	0.20417633410672853	0.35406698564593303	0.4808259587020649	0.261293160171544	133.0	177.0	80.0	52.0	96.0	44.0
subimage_E7	7816	0.330749354005168	0.3866874566874567	0.17073170731707318	0.3436754176610978	0.441025641025641	0.21717171717171718	0.3608815426997245	0.47576405076405076	0.27006038120180414	135.0	172.0	85.0	48.0	87.0	38.0
subimage_D7	7569	0.34232365145228216	0.38692546583850934	0.20472008113590265	0.3587962962962963	0.4202247191011236	0.2214765100671141	0.36893203883495146	0.4400977995110024	0.2621145374449339	166.0	191.0	103.0	62.0	91.0	29.0
subimage_C7	8028	0.34314645429217266	0.3769446802245011	0.2123015873015873	0.36790123456790125	0.4086444007858546	0.22593320235756384	0.3771760154738878	0.43333333333333335	0.2630896686159843	182.0	197.0	111.0	67.0	83.0	20.0
subimage_B7	6965	0.3399447486626505	0.38667708333333334	0.20728418930214457	0.3629441624365482	0.41735537190082644	0.22015915119363394	0.371900826446281	0.4387755102040816	0.25987236567282973	172.0	194.0	103.0	64.0	88.0	25.0
subimage_A7	3105	0.3483562437005425	0.34946236559139787	0.21580362792659777	0.3584474885844749	0.391304347826087	0.24754901960784315	0.3765519812293051	0.4328566607609887	0.2887323943661972	166.0	190.0	112.0	56.0	64.0	16.0
subimage_H8	7047	0.33070866141732286	0.3914261195194258	0.1871508379888268	0.3418013856812933	0.44692737430167595	0.21329639889196675	0.35680409316741873	0.46685082872928174	0.26165653967068897	131.0	171.0	80.0	48.0	87.0	41.0
subimage_G8	13704	0.32904884318766064	0.4031233070486968	0.18863049095607234	0.3409090909090909	0.45368171021377673	0.2042755344418052	0.3528331206236418	0.4710526315789474	0.2576059186714924	135.0	180.0	81.0	54.0	99.0	45.0
subimage_F8	10525	0.3201320132013201	0.3953488372093023	0.18207282913165265	0.33787465940054495	0.44327176781002636	0.215962441314554	0.35560344827586204	0.48245053528389664	0.2661256790289048	131.0	173.0	85.0	47.0	88.0	41.0
subimage_E8	8613	0.32629094641376394	0.39269994316734275	0.18569912845774916	0.33886255924170616	0.44662921348314605	0.2127659574468085	0.355228784210365	0.4771671732522796	0.26388162868560316	132.0	172.0	82.0	48.0	90.0	41.0
subimage_D8	4692	0.33861680396490523	0.38470243748021526	0.1967654986522911	0.35079726651480636	0.4226327944572748	0.22772277227722773	0.3672445498393278	0.4472127329192547	0.2660839526850204	148.0	176.0	95.0	50.0	81.0	29.0
subimage_C8	4914	0.3226837060702875	0.3729327170005136	0.20359281437125748	0.3432665050035862	0.4186356589147287	0.23529411764705882	0.371267860318966	0.45516169154228847	0.272318192468953	131.0	162.0	94.0	42.0	73.0	30.0
subimage_B8	12336	0.3288545378896145	0.4008438818565401	0.1881720430107527	0.3385416666666667	0.448	0.212707182320442	0.35516372795969775	0.47399285853175654	0.25927960927960925	130.0	172.0	81.0	48.0	89.0	42.0
subimage_A8	5864	0.3324324324324324	0.38853976883850505	0.20317257629844934	0.3426395939086294	0.4323607427055703	0.22580645161290322	0.35353535353535354	0.4488153401005597	0.26811594202898553	133.0	168.0	87.0	45.0	80.0	35.0
subimage_H9	18579	0.3323943661971831	0.38653846153846155	0.19856285552092867	0.34306569343065696	0.4453551912568306	0.21066666666666667	0.35604395604395606	0.4581005586592179	0.26961770623742454	142.0	184.0	87.0	54.0	95.0	42.0
subimage_G9	7881	0.3299492385786802	0.39662447257383965	0.19302949061662197	0.3409090909090909	0.44	0.21788990825688073	0.35597826086956524	0.46475195822454307	0.2616822429906542	131.0	169.0	82.0	47.0	84.0	39.0
subimage_F9	9437	0.325068870523416	0.3941413111224432	0.18356164383561643	0.34102564102564104	0.4424083769633508	0.21608040201005024	0.35829377950882285	0.4732394366197183	0.26419213973799127	133.0	172.0	84.0	48.0	88.0	39.0
subimage_E9	3763	0.33941005981813804	0.3837542032352032	0.20750471698113207	0.35253456221198154	0.4233409610983982	0.22417582417582418	0.3719359935049974	0.4352078239608802	0.26733830280441795	153.0	181.0	97.0	55.0	85.0	31.0
subimage_D9	5198	0.33967391304347827	0.3443318717335459	0.19946091644204852	0.3485254691689008	0.43719806763285024	0.2135678391959799	0.36	0.4540682414698163	0.29375	142.0	179.0	87.0	54.0	91.0	36.0
subimage_C9	1192	0.32707635337682944	0.3459752600142316	0.256797583081571	0.3398328690807799	0.3868421052631579	0.2727272727272727	0.37349781058568976	0.4026857585139319	0.29789050829666114	120.0	139.0	97.0	25.0	40.0	18.0
subimage_B9	5762	0.33421750663129973	0.3867309269893355	0.18919718535103153	0.3434204684204684	0.4421052631578947	0.21359223300970873	0.3577961879152167	0.4696969696969697	0.2638834208223972	134.0	171.0	84.0	50.0	89.0	38.0
subimage_A9	10730	0.3253731343283582	0.4	0.18789808917197454	0.33753148614609574	0.4564102564102564	0.2047872340425532	0.34946236559139787	0.4758842443729904	0.2611045836959675	125.0	167.0	76.0	47.0	90.0	43.0
subimage_H10	878	0.3333333333333333	0.3474408218810496	0.23758085314365343	0.344311377245509	0.38968481375358166	0.26305220883534136	0.38484514571797196	0.4072020093551499	0.2925851703406814	119.0	136.0	91.0	29.0	44.0	16.0
subimage_G10	9911	0.32753623188405795	0.3886413259229853	0.18181818181818182	0.3422982885085575	0.4481012658227848	0.21067415730337077	0.3577586206896552	0.47799664324314356	0.2653061224489796	128.0	169.0	79.0	50.0	88.0	39.0
subimage_F10	10705	0.3273809523809524	0.39452009709137287	0.18559556786703602	0.33967391304347827	0.4501347708894879	0.2086720867208672	0.35668511059387586	0.4757834757834758	0.2620967741935484	130.0	172.0	80.0	50.0	92.0	42.0
subimage_E10	2602	0.33242506811989103	0.3746089075208714	0.22727935329976146	0.34184412574243084	0.40023980815347726	0.2564841498559078	0.36577741501274447	0.4298753744116388	0.27631578947368424	118.0	139.0	88.0	31.0	49.0	21.0
subimage_D10	4882	0.33507853403141363	0.36796536796536794	0.21329824561403507	0.34739454094292804	0.41842105263157897	0.23376623376623376	0.3706875107222508	0.43939189741076534	0.2741228070175439	131.0	159.0	87.0	42.0	69.0	27.0
subimage_C10	10402	0.3293062253079247	0.39610598181261997	0.19060773480662985	0.3389830508474576	0.4482758620689655	0.21172320279463136	0.35584264572636665	0.4715447154471545	0.26115629162504156	131.0	173.0	82.0	49.0	91.0	42.0
subimage_B10	11174	0.32167832167832167	0.3837471783295711	0.16666666666666666	0.33783783783783783	0.4477211796246649	0.2127659574468085	0.3620689655172414	0.49097472924187724	0.2709251101321586	124.0	164.0	78.0	45.0	85.0	40.0
subimage_A10	7396	0.3333333333333333	0.3832044396706051	0.19402985074626866	0.344559585492228	0.44552058111380144	0.20930232558139536	0.3581383105530833	0.46200607902735563	0.26942006398162577	136.0	172.0	82.0	51.0	89.0	38.0
subimage_H11	15887	0.3277591973244147	0.39598997493734334	0.19504643962848298	0.34146341463414637	0.4475	0.20987654320987653	0.35545023696682465	0.46447671354470055	0.2631578947368421	134.0	176.0	81.0	50.0	90.0	41.0
subimage_G11	12102	0.32951289398280803	0.39762044817927167	0.18309859154929578	0.3398328690807799	0.4573643410852713	0.20212765957446807	0.355220872965149	0.475	0.26004491725768314	126.0	170.0	74.0	50.0	92.0	42.0
subimage_F11	6675	0.3405275779376499	0.38854414963593975	0.20595533498759305	0.34988713318284426	0.42727272727272725	0.22115384615384615	0.3654708520179372	0.44584382871536526	0.2635190115023356	149.0	182.0	94.0	55.0	89.0	33.0
subimage_E11	10068	0.33527131782945735	0.3446722332639923	0.19576719576719576	0.34438775510204084	0.44010098308883455	0.21686746987951808	0.3621734234234234	0.4578005115089514	0.2888629196809497	137.0	176.0	86.0	50.0	89.0	38.0
subimage_D11	11594	0.3277777777777778	0.3798449612403101	0.18994413407821228	0.34146341463414637	0.4441687344913151	0.21333333333333335	0.36095228301110655	0.4676470588235294	0.28238643210025305	129.0	166.0	80.0	47.0	85.0	39.0
subimage_C11	8976	0.32180620996834275	0.3934925015794899	0.18387096774193548	0.3385416666666667	0.4470899470899471	0.21329639889196675	0.35649716174657575	0.4831804281345566	0.2665600568585643	127.0	167.0	80.0	46.0	86.0	40.0
subimage_B11	1045	0.3370473537604457	0.35866688665236757	0.24523415977961432	0.3502994011976048	0.39002932551319647	0.2616279069767442	0.3685963618485742	0.3994082840236686	0.2853928469241774	120.0	135.0	91.0	31.0	44.0	14.0
subimage_A11	6314	0.3424209901351845	0.391468085106383	0.1968503937007874	0.35180722891566263	0.4271356783919598	0.2222222222222222	0.3692722371967655	0.4430051813471503	0.260552021808269	138.0	167.0	86.0	49.0	78.0	30.0
subimage_H12	9673	0.33238636363636365	0.39375	0.19395465994962216	0.34595959595959597	0.44584382871536526	0.20812182741116753	0.3548387096774194	0.4587628865979381	0.26532617961189386	139.0	179.0	82.0	54.0	93.0	39.0
subimage_G12	8014	0.33134328358208953	0.3940591343973165	0.19109947643979058	0.34615384615384615	0.45	0.20351758793969849	0.3552941176470588	0.4642857142857143	0.2649933065595716	137.0	177.0	80.0	55.0	93.0	40.0
subimage_F12	3661	0.33414634146341465	0.35008665511265163	0.2005420054200542	0.3477157360406091	0.42857142857142855	0.22865013774104684	0.3705263157894737	0.45507246376811594	0.287215411558669	134.0	165.0	87.0	45.0	74.0	32.0
subimage_E12	2546	0.34473845064985204	0.38156868545611017	0.22025316455696203	0.35537261601679393	0.40898876404494383	0.23574332171893148	0.36551724137931035	0.4206896551724138	0.26551831981041485	156.0	178.0	103.0	52.0	75.0	23.0
subimage_D12	15569	0.32919254658385094	0.40342718028899127	0.19151053244416216	0.3459715639810427	0.44801980198019803	0.2062146892655367	0.3556085918854415	0.4636500341763499	0.2563516303880237	140.0	181.0	83.0	56.0	95.0	41.0
subimage_C12	8025	0.325	0.39569368202120764	0.18857142857142858	0.3378016085790885	0.4558011049723757	0.20658682634730538	0.352112676056338	0.471976401179941	0.2663387681044892	121.0	163.0	72.0	46.0	87.0	41.0
subimage_B12	11479	0.33078880407124683	0.3961283646867769	0.18925831202046037	0.3427835051546392	0.45224719101123595	0.20293398533007334	0.35714285714285715	0.46944444444444444	0.2611015948512415	131.0	173.0	78.0	53.0	96.0	41.0
subimage_A12	11020	0.32545931758530183	0.39694572786929155	0.18904109589041096	0.34139784946236557	0.45478723404255317	0.20512820512820512	0.35180311890838206	0.4691358024691358	0.26406087392639954	126.0	167.0	74.0	49.0	88.0	40.0