subimage	all_plant_pixels	ratio_r_q5	ratio_g_q5	ratio_b_q5	ratio_r_median	ratio_g_median	ratio_b_median	ratio_r_q95	ratio_g_q95	ratio_b_q95	pix_r_median	pix_g_median	pix_b_median	diff_rb_median	diff_gb_median	diff_gr_median
subimage_H1	2398	0.3375401809539176	0.3922001527883881	0.19736842105263158	0.3494760807548826	0.43157894736842106	0.21875	0.3563692985215477	0.4506578947368421	0.2656461148648649	125.0	153.0	80.0	46.0	76.0	29.0
subimage_G1	9120	0.34375	0.3984975757301131	0.18461538461538463	0.3561976089849861	0.4450402144772118	0.1981671792826176	0.36492890995260663	0.4597014925373134	0.2532231381520485	141.0	172.0	79.0	60.0	94.0	34.0
subimage_F1	3252	0.3356563725252916	0.37875886524822694	0.20236010746711136	0.3484042553191489	0.41638784759133884	0.2334384858044164	0.38222222222222224	0.43850325800279255	0.27215710541642396	107.0	130.0	71.0	35.0	56.0	21.0
subimage_E1	11658	0.34025974025974026	0.3995381062355658	0.18032786885245902	0.35340314136125656	0.44923857868020306	0.19726027397260273	0.36387434554973824	0.46355685131195334	0.2536694575900983	132.0	167.0	73.0	58.0	93.0	35.0
subimage_D1	16243	0.33865814696485624	0.4086043584818176	0.18006430868167203	0.353099730458221	0.45	0.1951219512195122	0.3634085213032581	0.46607669616519176	0.2466032356040414	130.0	167.0	71.0	58.0	92.0	36.0
subimage_C1	4650	0.33749710921239323	0.3969465648854962	0.17829457364341086	0.3469387755102041	0.44166666666666665	0.21067041198501874	0.35294117647058826	0.47388059701492535	0.2620931193201936	121.0	153.0	74.0	47.0	79.0	33.0
subimage_B1	12738	0.33962264150943394	0.404693930610258	0.1744186046511628	0.35171508733822066	0.45526315789473687	0.19298245614035087	0.3608815426997245	0.46920821114369504	0.24822944175926387	124.0	160.0	68.0	55.0	92.0	36.0
subimage_A1	13112	0.3403192023077888	0.4049814049586777	0.17647058823529413	0.3522388059701492	0.45257452574525747	0.19553072625698323	0.3620689655172414	0.4658753709198813	0.24841031351032283	123.0	158.0	67.0	54.0	88.0	34.0
subimage_H2	3680	0.3390173828195584	0.39330443594914866	0.19387755102040816	0.347600317892213	0.43699731903485256	0.21502590673575128	0.36250563063063057	0.45757832562917305	0.2613941192059829	128.0	161.0	79.0	48.0	80.0	33.0
subimage_G2	3341	0.3403805496828753	0.3923766816143498	0.18562874251497005	0.35294117647058826	0.43640897755610975	0.2109375	0.3617021276595745	0.45565749235474007	0.26258205689277897	136.0	168.0	81.0	54.0	87.0	32.0
subimage_F2	2745	0.35347432024169184	0.34916201117318435	0.23008849557522124	0.3625	0.36688311688311687	0.26973684210526316	0.3831036759850319	0.40335205905566646	0.2892511125238398	119.0	121.0	88.0	30.0	31.0	1.0
subimage_E2	2410	0.3381885413124788	0.3644479862376037	0.21967288491854967	0.3708791208791209	0.3902439024390244	0.23575129533678757	0.3851508120649652	0.4095976872313374	0.27975329199203797	151.0	158.0	94.0	55.0	62.0	8.0
subimage_D2	14202	0.34293193717277487	0.39512391817466563	0.18372922656744278	0.36818181818181817	0.4339080459770115	0.19811320754716982	0.3785025161754133	0.449685534591195	0.2468000263178919	151.0	177.0	81.0	70.0	96.0	27.0
subimage_C2	11516	0.3457142857142857	0.3982494529540481	0.1828961105388911	0.35883905013192613	0.444141689373297	0.1964735516372796	0.36585365853658536	0.45685279187817257	0.2516692851531815	147.0	181.0	79.0	66.0	100.0	34.0
subimage_B2	8119	0.342316082220128	0.39270288278754384	0.18873239436619718	0.3522727272727273	0.4344262295081967	0.21364985163204747	0.36235955056179775	0.45652173913043476	0.25806451612903225	132.0	165.0	78.0	52.0	82.0	31.0
subimage_A2	7929	0.34015764538174503	0.384515700282439	0.16485091968962937	0.3508771929824561	0.44126074498567336	0.20765027322404372	0.3651877133105802	0.4774436090225564	0.2668192648236971	123.0	154.0	73.0	50.0	82.0	32.0
subimage_H3	2145	0.3434700974159924	0.37090619525402135	0.2368015482054891	0.3525835866261398	0.38953488372093026	0.25892857142857145	0.3638214203099699	0.4040733869305298	0.2767630442007311	116.0	128.0	86.0	31.0	42.0	12.0
subimage_G3	8261	0.3404255319148936	0.38427947598253276	0.17716535433070865	0.35294117647058826	0.438953488372093	0.20857142857142857	0.36875	0.463768115942029	0.26401869158878505	125.0	156.0	74.0	51.0	81.0	30.0
subimage_F3	5809	0.3333333333333333	0.3916663670250381	0.2	0.3447204968944099	0.432	0.2235294117647059	0.35911602209944754	0.4501674014651772	0.26342710997442453	118.0	148.0	76.0	41.0	71.0	29.0
subimage_E3	5119	0.34238862711501394	0.39082969432314413	0.19317199371233953	0.35064935064935066	0.4386422976501306	0.21114369501466276	0.35884224189292707	0.4531766223211604	0.2621634648488603	130.0	162.0	78.0	51.0	84.0	33.0
subimage_D3	15905	0.3368055555555556	0.40584757333525806	0.17563739376770537	0.3530864197530864	0.45478723404255317	0.19070904645476772	0.3640661938534279	0.4697508896797153	0.24939228170866587	132.0	169.0	71.0	60.0	99.0	37.0
subimage_C3	6987	0.3447368421052632	0.3965254300954098	0.19047619047619047	0.3526170798898072	0.4403183023872679	0.2066326530612245	0.3620689655172414	0.4553314121037464	0.2532621424190041	132.0	164.0	77.0	54.0	86.0	33.0
subimage_B3	11509	0.33962264150943394	0.40015325670498086	0.1833810888252149	0.3526448362720403	0.4487534626038781	0.1983695652173913	0.36082474226804123	0.46175637393767704	0.2513089005235602	129.0	164.0	72.0	56.0	89.0	35.0
subimage_A3	15771	0.34146341463414637	0.41076140936575767	0.1780821917808219	0.35398230088495575	0.45194805194805193	0.19230769230769232	0.3643410852713178	0.4657534246575342	0.24133308680780252	128.0	165.0	69.0	58.0	95.0	35.0
subimage_H4	7096	0.3412189970336548	0.3920575582718041	0.18635170603674542	0.35558207372049855	0.44302157801534725	0.20145631067961164	0.3634085213032581	0.4540059347181009	0.2645897438590227	141.0	174.0	79.0	60.0	92.0	34.0
subimage_G4	1627	0.3422018203902639	0.35549329613893077	0.21532846715328466	0.3559322033898305	0.40437158469945356	0.24250681198910082	0.3886543675336778	0.4176829268292683	0.28071131980286385	124.0	142.0	84.0	40.0	56.0	17.0
subimage_F4	4456	0.35656065969450423	0.34586988080598075	0.21599568034557234	0.3691102843231822	0.35843941071052077	0.2648337482219061	0.383635734851775	0.412532637075718	0.29432786183826676	199.0	197.0	144.0	58.0	52.0	-4.0
subimage_E4	1950	0.3552722253566535	0.3437037037037037	0.28244271814187066	0.3602438050673574	0.3456973293768546	0.29402985074626864	0.36767194570135747	0.35034672319632076	0.30043541364296084	241.0	231.0	197.0	44.0	34.5	-10.0
subimage_D4	4926	0.34127457665643823	0.38675213675213677	0.17376177188698988	0.3520710059171598	0.4444444444444444	0.2028985507246377	0.3612040133779264	0.4710083098382549	0.2673965401149842	122.0	154.0	70.0	50.0	82.0	31.0
subimage_C4	15732	0.34274193548387094	0.4	0.17679558011049723	0.3537234042553192	0.4531645569620253	0.19140335086140192	0.36528497409326427	0.4684385382059801	0.25050248407720677	136.0	172.0	73.0	61.0	98.0	37.0
subimage_B4	5426	0.3412698412698413	0.3936842105263158	0.18120805369127516	0.3525835866261398	0.4462809917355372	0.20168067226890757	0.3585434173669468	0.46488294314381273	0.26127861753738824	124.0	157.0	71.0	53.0	86.0	33.0
subimage_A4	7086	0.3412887828162291	0.3897153092006033	0.18670886075949367	0.35034013605442177	0.4346628787878788	0.21448467966573817	0.35714285714285715	0.46153846153846156	0.2660098522167488	128.0	158.0	79.0	49.0	80.0	30.0
subimage_H5	1426	0.3432533279548205	0.36385267047831543	0.22	0.3543859649122807	0.40816376828739304	0.2384003444528735	0.37034106891701823	0.4236993879472693	0.2775247797356828	110.0	129.0	74.0	36.0	53.0	17.0
subimage_G5	10583	0.3403153565457231	0.40455067920585164	0.18005540166204986	0.35128205128205126	0.4537313432835821	0.19420289855072465	0.3601190476190476	0.46742209631728043	0.24938814935554954	129.0	165.0	71.0	56.0	92.0	37.0
subimage_F5	11962	0.3401165750959125	0.40355558310388473	0.17777777777777778	0.35106382978723405	0.4511494252873563	0.19690713431646073	0.3602150537634409	0.4691011235955056	0.2511737089201878	129.0	165.0	72.0	55.0	91.0	36.0
subimage_E5	4564	0.3430546942085679	0.376571988108824	0.18584070796460178	0.3553008595988539	0.44041450777202074	0.2047872340425532	0.3776041666666667	0.4567060650504702	0.26459143968871596	132.0	163.0	76.0	56.0	88.0	32.0
subimage_D5	18478	0.33451957295373663	0.39819004524886875	0.17875647668393782	0.35340314136125656	0.44974874371859297	0.1975	0.36533957845433257	0.4659090909090909	0.25303717603948106	136.0	173.0	75.0	59.0	95.0	36.0
subimage_C5	4419	0.34977578475336324	0.37914325263321935	0.19667590027700832	0.35772357723577236	0.4308093994778068	0.21138211382113822	0.3799030310814282	0.44352617079889806	0.2568790485829957	136.0	163.0	80.0	55.0	82.0	28.0
subimage_B5	6128	0.34643305268134783	0.35731983212396606	0.2113095238095238	0.3628808864265928	0.40226628895184136	0.2361313573048267	0.3834300200260657	0.4206128133704735	0.2743703122274551	128.0	142.0	82.0	44.0	58.0	14.0
subimage_A5	6021	0.3403755868544601	0.39849624060150374	0.187683284457478	0.3504273504273504	0.441340782122905	0.20857142857142857	0.3589041095890411	0.4583333333333333	0.25485436893203883	126.0	159.0	75.0	51.0	84.0	33.0
subimage_H6	1765	0.3302180685358255	0.35679713804713803	0.24906213283571774	0.34076433121019106	0.3867924528301887	0.2709677419354839	0.37301926150017684	0.4052769070010449	0.28492526245950905	106.0	120.0	83.0	22.0	36.0	15.0
subimage_G6	4581	0.3442622950819672	0.3894736842105263	0.19338422391857507	0.3553921568627451	0.4358974358974359	0.20906801007556675	0.36590038314176243	0.4502487562189055	0.26180257510729615	143.0	177.0	83.0	58.0	89.0	32.0
subimage_F6	5295	0.352824068987128	0.35423728813559324	0.1985981308411215	0.36476426799007444	0.4080717488789238	0.22845691382765532	0.3858407079646018	0.43373493975903615	0.2797238182293027	164.0	185.0	100.0	62.0	78.0	20.0
subimage_E6	3089	0.3568458174636761	0.34523809523809523	0.2376369299378838	0.37337662337662336	0.3495297805642633	0.2739059967585089	0.3837341187848947	0.3891267964344188	0.29534943603639596	231.0	216.0	171.0	62.0	48.0	-14.0
subimage_D6	7493	0.3445162874447536	0.3888345558272209	0.19809069212410502	0.3560830860534125	0.42857142857142855	0.21468926553672316	0.37362637362637363	0.44047619047619047	0.25495459928938013	134.0	159.0	81.0	51.0	78.0	27.0
subimage_C6	9419	0.3416666666666667	0.3907705958573548	0.1617099679892801	0.3502415458937198	0.44376899696048633	0.20612813370473537	0.36333440514469456	0.4813445484442196	0.2600896860986547	120.0	151.0	71.0	49.0	81.0	32.0
subimage_B6	18597	0.33647058823529413	0.4075829383886256	0.1774193548387097	0.35405405405405405	0.45408163265306123	0.1910828025477707	0.36341463414634145	0.46757679180887374	0.2486659310188722	132.0	169.0	70.0	61.0	98.0	36.0
subimage_A6	5950	0.3404255319148936	0.38913486130238045	0.18688524590163935	0.34983498349834985	0.43874643874643876	0.21100917431192662	0.358974358974359	0.46153846153846156	0.26435491730444005	123.0	154.0	74.0	48.0	80.0	31.0
subimage_H7	11075	0.34128880221030394	0.4037122969837587	0.1856763925729443	0.35365853658536583	0.44297082228116713	0.20293398533007334	0.3652694610778443	0.4582210242587601	0.24932574275040026	135.0	169.0	76.0	57.0	91.0	34.0
subimage_G7	9667	0.33843802485723884	0.3942222679140537	0.1540983606557377	0.34870317002881845	0.45454545454545453	0.19760479041916168	0.3612284551347548	0.487012987012987	0.25806451612903225	118.0	153.0	67.0	50.0	85.0	35.0
subimage_F7	12112	0.3412802591203546	0.3985522638019268	0.17449900450138503	0.35128205128205126	0.45058139534883723	0.19726027397260273	0.3665768194070081	0.4676923076923077	0.2538548315778732	128.0	163.0	71.0	55.0	91.0	36.0
subimage_E7	0	0	0	0	0	0	0	0	0	0	0	0	0	0	0	0
subimage_D7	6803	0.34349030470914127	0.38913364746198326	0.19384615384615383	0.35344827586206895	0.43316831683168316	0.2123456790123457	0.37388724035608306	0.44970414201183434	0.2564502132700333	136.0	165.0	81.0	53.0	84.0	31.0
subimage_C7	6337	0.3387096774193548	0.3995423244434602	0.17891373801916932	0.3507853403141361	0.44352617079889806	0.20512820512820512	0.36314363143631434	0.46687906073077484	0.2505743173914731	127.0	160.0	74.0	53.0	87.0	34.0
subimage_B7	6002	0.3357664233576642	0.3880597014925373	0.1958762886597938	0.3462603878116344	0.43573667711598746	0.2177650429799427	0.36140350877192984	0.45390070921985815	0.2647058823529412	116.0	145.0	73.0	42.0	72.0	30.0
subimage_A7	2468	0.348891837053223	0.3625185275249542	0.2189170435053797	0.36129032258064514	0.3914532215770744	0.24921135646687698	0.37723489729401954	0.4124364509074384	0.27794258953072654	110.0	120.0	76.5	34.0	43.0	9.0
subimage_H8	1878	0.33885962163644195	0.3648245303084013	0.22160428733316545	0.3536868889781706	0.4082235130917288	0.24096385542168675	0.3707399287476021	0.4207492795389049	0.2741357005568971	130.0	150.0	87.0	42.0	59.0	20.0
subimage_G8	8974	0.3448275862068966	0.39232551074656336	0.15976331360946747	0.3538011695906433	0.4424083769633508	0.20350298001636086	0.36656891495601174	0.477124183006536	0.2588697895865302	133.0	166.0	77.0	56.0	89.0	33.0
subimage_F8	3996	0.3455297225721852	0.38558666783155693	0.1834319526627219	0.3543307086614173	0.4444444444444444	0.20108695652173914	0.363905325443787	0.4594594594594595	0.2649970184853906	130.0	163.0	74.0	56.0	90.0	33.0
subimage_E8	5112	0.3423792568001714	0.3936539753639418	0.19533527696793002	0.3502824858757062	0.43467336683417085	0.21446405778151367	0.36	0.45103857566765576	0.26047013399954577	132.0	164.0	81.0	50.0	82.0	31.0
subimage_D8	3872	0.3541145889196641	0.3684861028976937	0.21153846153846154	0.3701064908722109	0.4032258064516129	0.22554347826086957	0.38422955915717166	0.41927365712851405	0.26943759119883265	144.0	156.0	87.0	57.0	67.0	13.0
subimage_C8	7320	0.33793103448275863	0.4051492432127678	0.16592217617445	0.3482758620689655	0.4476744186046512	0.2040133779264214	0.358974358974359	0.4845831921382582	0.24757398244958922	118.0	151.0	69.0	48.0	81.0	33.0
subimage_B8	9852	0.34152251164973685	0.39642158289263746	0.1830601092896175	0.35083532219570407	0.44050632911392407	0.20595533498759305	0.36082474226804123	0.46546546546546547	0.2547624338410568	133.0	165.0	79.0	54.0	89.0	34.0
subimage_A8	6891	0.34182232214919867	0.3830734966592428	0.16506395438434274	0.35324675324675325	0.4409221902017291	0.20723684210526316	0.3691275167785235	0.4724137931034483	0.2685589519650655	123.0	154.0	73.0	52.0	83.0	31.0
subimage_H9	4631	0.3403141361256545	0.39114980424479706	0.20156053411258573	0.3530864197530864	0.42455242966751916	0.22164948453608246	0.3681239050804268	0.44	0.26205557186656203	137.0	166.0	87.0	52.0	79.0	28.0
subimage_G9	5950	0.34492753623188405	0.38848920863309355	0.2005813953488372	0.3551912568306011	0.42077922077922075	0.2236180904522613	0.37080492544389765	0.4415787915787916	0.25635109266110295	140.0	165.0	87.0	52.0	77.0	26.0
subimage_F9	9039	0.3435114503816794	0.391304347826087	0.14582627118644068	0.35327635327635326	0.44339622641509435	0.20396600566572237	0.36904761904761907	0.4925980392156863	0.2606837606837607	127.0	159.0	73.0	54.0	87.0	33.0
subimage_E9	8101	0.33421052631578946	0.39913232104121477	0.18064516129032257	0.34818941504178275	0.44376899696048633	0.20698924731182797	0.3608815426997245	0.46932515337423314	0.2571428571428571	126.0	160.0	73.0	50.0	84.0	34.0
subimage_D9	6695	0.3425531914893617	0.34532861088379707	0.16954022988505746	0.3582887700534759	0.43037974683544306	0.2169576059850374	0.375	0.4647171945701357	0.28938906752411575	135.0	164.0	82.0	54.0	81.0	28.0
subimage_C9	8768	0.34618279569892474	0.37884615384615383	0.16754040122596822	0.3579676674364896	0.43364928909952605	0.20930232558139536	0.37490299334811517	0.46647759662524224	0.2699538127784646	144.0	174.0	84.0	60.0	91.0	31.0
subimage_B9	4448	0.34278563768857695	0.3824908925318761	0.1924198250728863	0.3511343168367784	0.4368131868131868	0.21282798833819241	0.36807095343680707	0.4548253762714409	0.2621509671993271	129.0	160.0	78.0	50.0	82.0	32.0
subimage_A9	11072	0.3416666666666667	0.3926422764227642	0.18639798488664988	0.3538011695906433	0.44527363184079605	0.2	0.36548223350253806	0.45786516853932585	0.2599103156480205	132.0	166.0	74.0	56.0	89.0	34.0
subimage_H10	10841	0.3368421052631579	0.4032258064516129	0.17105263157894737	0.34688346883468835	0.4527777777777778	0.2	0.3597560975609756	0.4752475247524752	0.2535211267605634	119.0	154.0	68.0	48.0	82.0	35.0
subimage_G10	6737	0.3373191458973077	0.3933044441234532	0.16998692810457516	0.34782608695652173	0.4435028248587571	0.20909090909090908	0.3592233009708738	0.4758364312267658	0.2635933439354563	121.0	153.0	73.0	47.0	79.0	33.0
subimage_F10	12839	0.3486005089058524	0.3981264637002342	0.18134715025906736	0.3586387434554974	0.4393939393939394	0.20149253731343283	0.37100808318199624	0.45480308346098725	0.24837283556428824	142.0	173.0	79.0	60.0	92.0	32.0
subimage_E10	16232	0.3389261744966443	0.3957894736842105	0.17692307692307693	0.35278514588859416	0.4524421593830334	0.19389168409746171	0.3668403157089797	0.46944444444444444	0.257985257985258	132.0	168.0	72.0	57.0	94.0	37.0
subimage_D10	1943	0.3556710629883469	0.3458401305057096	0.23890219644028787	0.376	0.3544520547945205	0.26485568760611206	0.39226519337016574	0.3935817805383023	0.29692887931034484	210.0	199.0	149.0	61.0	52.0	-10.0
subimage_C10	4806	0.3540502366773553	0.36015325670498083	0.19951338199513383	0.3670212765957447	0.40875912408759124	0.22332506203473945	0.39051845590307127	0.421875	0.2815084695295441	147.0	164.0	88.0	56.0	73.0	15.0
subimage_B10	5737	0.3430727362691737	0.38872021473247065	0.20159151193633953	0.35989717223650386	0.4244791666666667	0.21705426356589147	0.3700787401574803	0.43604728749637367	0.26136908654894264	139.0	163.0	83.0	54.0	78.0	25.0
subimage_A10	3253	0.33727810650887574	0.3704918032786885	0.22085889570552147	0.35294117647058826	0.39263803680981596	0.25559105431309903	0.37201771493580366	0.4252906949681143	0.27382417582417584	116.0	130.0	83.0	32.0	44.0	13.0
subimage_H11	3876	0.35727132698143316	0.3463949843260188	0.22727272727272727	0.3706422018348624	0.35993058314970683	0.2681660899653979	0.3778669926478348	0.40047830035981696	0.2930363629554732	212.0	205.0	153.0	57.0	52.0	-6.0
subimage_G11	13331	0.3457142857142857	0.3955633918320485	0.18434343434343434	0.3629976580796253	0.43863636363636366	0.19852941176470587	0.37073170731707317	0.4520716233045	0.2506393861892583	148.0	178.0	81.0	65.0	95.0	31.0
subimage_F11	3280	0.3501322919241794	0.38997114525995924	0.21098147121704014	0.3582474226804124	0.4120807014507802	0.22888283378746593	0.3765451633067667	0.4231809836321731	0.25622793592490545	134.0	155.0	86.0	48.0	68.0	20.0
subimage_E11	14497	0.33753943217665616	0.4077911432829466	0.17834394904458598	0.349862258953168	0.45098039215686275	0.19941348973607037	0.36050651707639003	0.46831955922865015	0.24765024458420679	130.0	165.0	73.0	54.0	90.0	36.0
subimage_D11	3155	0.35598562093377883	0.3443609022556391	0.20995670995670995	0.36927621861152143	0.34870317002881845	0.2816691505216095	0.38927706376668314	0.4142531698418029	0.29818361539613597	227.0	213.0	171.0	56.0	43.0	-12.0
subimage_C11	16243	0.3362573099415205	0.40204292026088784	0.18581907090464547	0.35127478753541075	0.4471299093655589	0.20050761421319796	0.3669527896995708	0.46153846153846156	0.2506065469103208	131.0	165.0	75.0	54.0	88.0	35.0
subimage_B11	7350	0.3382352941176471	0.3934357757669389	0.18341708542713567	0.35792349726775957	0.4415954415954416	0.20136523188750943	0.36766600082656015	0.45595854922279794	0.2590529247910863	142.0	175.0	77.0	60.0	92.0	32.0
subimage_A11	13714	0.3398876404494382	0.3947990543735225	0.18075801749271136	0.35294117647058826	0.4491803278688525	0.19749608150470221	0.36363636363636365	0.46355685131195334	0.25813339005483077	128.0	162.0	71.0	55.0	89.0	34.0
subimage_H12	0	0	0	0	0	0	0	0	0	0	0	0	0	0	0	0
subimage_G12	4849	0.3349146880924438	0.40105057091702023	0.18	0.34421364985163205	0.44518272425249167	0.21098265895953758	0.3530857384402226	0.4711864406779661	0.2568010633584404	114.0	148.0	70.0	45.0	79.0	34.0
subimage_F12	6993	0.34007163775099464	0.3879155713623009	0.18106019766397125	0.35054347826086957	0.4380165289256198	0.21067415730337077	0.36060916066031157	0.4666666666666667	0.2669656080302781	130.0	162.0	78.0	51.0	84.0	32.0
subimage_E12	2351	0.3426378635292284	0.375560583207642	0.20720077091779093	0.35368956743002544	0.42626728110599077	0.21914357682619648	0.371571072319202	0.43846153846153846	0.27142265418746414	144.0	173.0	88.0	54.0	84.0	29.0
subimage_D12	10977	0.34106574883606583	0.39580645161290323	0.18018018018018017	0.35175879396984927	0.45058139534883723	0.19756838905775076	0.36023054755043227	0.46511627906976744	0.2568360519466361	129.0	164.0	71.0	54.0	89.0	35.0
subimage_C12	4296	0.3444131242546397	0.3879268333669422	0.18732583895015126	0.3567961165048544	0.43132530120481927	0.2113022113022113	0.3670733969263381	0.4476439790575916	0.2647219719397606	148.0	179.0	88.0	60.0	92.0	30.0
subimage_B12	2079	0.35784218910001137	0.3420606974391939	0.24596113167636172	0.38225806451612904	0.3484848484848485	0.2685337726523888	0.39700925313945806	0.3640482164284935	0.2993920972644377	229.0	207.0	160.0	66.0	48.0	-19.0
subimage_A12	2885	0.33532934131736525	0.38801300630033564	0.19848450830713965	0.34310850439882695	0.4329608938547486	0.22418879056047197	0.3545318860244233	0.45714285714285713	0.26647387882810275	115.0	145.0	75.0	40.0	70.0	30.0