subimage	all_plant_pixels	ratio_r_q5	ratio_g_q5	ratio_b_q5	ratio_r_median	ratio_g_median	ratio_b_median	ratio_r_q95	ratio_g_q95	ratio_b_q95	pix_r_median	pix_g_median	pix_b_	diff_rb_median	diff_gb_median	diff_gr_median
subimage_H1	3823	0.33815028901734107	0.3867035897994176	0.21034594353308783	0.3467048710601719	0.4169278996865204	0.23615160349854228	0.36656797201346525	0.4359861591695502	0.26489658489658474	117.0	141.0	79.0	37.0	61.0	24.0
subimage_G1	5103	0.336986301369863	0.38388966806919117	0.2059800664451827	0.3469945355191257	0.42105263157894735	0.23249299719887956	0.3669724770642202	0.44089456869009586	0.2674969879518072	119.0	144.0	80.0	40.0	65.0	26.0
subimage_F1	5042	0.3353846153846154	0.39109301308679767	0.21724137931034482	0.34448160535117056	0.41823899371069184	0.23809523809523808	0.3560606060606061	0.43197278911564624	0.2642846417846418	112.0	136.0	77.0	34.0	58.0	24.0
subimage_E1	6093	0.33860759493670883	0.3930024673381062	0.1989795918367347	0.34971098265895956	0.42433234421364985	0.22647058823529412	0.369620253164557	0.4387243819501884	0.2615803814713896	126.0	151.0	81.0	42.0	68.0	26.0
subimage_D1	3574	0.3391304347826087	0.35264019620840514	0.22663846928499495	0.3488372093023256	0.4084507042253521	0.24324324324324326	0.37094146656964994	0.4194528875379939	0.28172863855667835	118.0	139.0	82.0	36.0	56.0	20.0
subimage_C1	6304	0.3375796178343949	0.34060402684563756	0.209375	0.3465346534653465	0.42136498516320475	0.23249299719887956	0.36085404233841034	0.44135802469135804	0.3032258064516129	121.0	147.0	82.0	39.0	65.0	26.0
subimage_B1	5714	0.33817566974088714	0.38950276243093923	0.18705035971223022	0.3492063492063492	0.4281524926686217	0.22408963585434175	0.3621448803134849	0.458041958041958	0.2631578947368421	117.0	145.0	78.0	43.0	71.0	27.0
subimage_A1	3420	0.3342776203966006	0.3848164225594804	0.2297273421831726	0.34049079754601225	0.4107142857142857	0.24885964030945446	0.35611510791366907	0.42356687898089174	0.27225130890052357	114.0	137.0	83.0	31.0	54.0	23.0
subimage_H2	3885	0.3392857142857143	0.393574889403834	0.20448736566947429	0.34796238244514105	0.4297520661157025	0.2222222222222222	0.35714285714285715	0.4417023088386135	0.26027606229855077	124.0	153.0	79.0	45.0	74.0	29.0
subimage_G2	10543	0.3404255319148936	0.39767970401691327	0.19047619047619047	0.35412026726057905	0.44155844155844154	0.20364741641337386	0.36243386243386244	0.452991452991453	0.25585640278452315	129.0	160.0	73.0	54.0	86.0	31.0
subimage_F2	6815	0.33600870455709164	0.3905334803554785	0.18339100346020762	0.346031746031746	0.43823529411764706	0.21597633136094674	0.36016456631583144	0.46258503401360546	0.2657271802695143	111.0	140.0	69.0	42.0	72.0	30.0
subimage_E2	5191	0.3365695792880259	0.38624965520700116	0.2087460364159393	0.345565749235474	0.43130990415335463	0.22291021671826625	0.3561643835616438	0.4440789473684211	0.27222970949386044	113.0	141.0	73.0	40.0	67.0	28.0
subimage_D2	1310	0.35665529010238906	0.34183673469387754	0.24953445065176907	0.3837423839354673	0.34954112991496167	0.2660844139333842	0.39664804469273746	0.35514475557664926	0.3003362281620654	213.0	194.0	147.0	64.0	45.5	-19.0
subimage_C2	2484	0.33226988716787315	0.3812178999044086	0.23148594736215314	0.34169278996865204	0.407514450867052	0.25071225071225073	0.36358917898710286	0.41904761904761906	0.27370845813721295	114.0	136.5	83.0	31.0	52.0	22.0
subimage_B2	5134	0.330188679245283	0.34645153204164086	0.1981836990330889	0.3400673400673401	0.4281437125748503	0.23353293413173654	0.3656565656565657	0.4526065298875517	0.29221210478326226	112.0	141.0	77.0	35.0	64.0	29.0
subimage_A2	6805	0.3354632587859425	0.3900787156106305	0.19939577039274925	0.3458904109589041	0.43312101910828027	0.22118380062305296	0.35924412400114525	0.45121951219512196	0.26381307014689753	115.0	145.0	73.0	42.0	71.0	29.0
subimage_H3	10238	0.3435754189944134	0.3921910858799372	0.1850828729281768	0.35772357723577236	0.4424552429667519	0.2	0.3657289002557545	0.45321637426900585	0.25613297965516374	132.0	163.0	74.0	58.0	89.0	31.0
subimage_G3	10753	0.34097421203438394	0.3847980997624703	0.17198980891719745	0.3562231759656652	0.43636363636363634	0.20725388601036268	0.3693467336683417	0.46710526315789475	0.265625	121.0	150.0	71.0	50.0	78.0	27.0
subimage_F3	8332	0.3417321604900953	0.39948863114528255	0.19202898550724637	0.347953216374269	0.4369747899159664	0.21468926553672316	0.3567251461988304	0.45733788395904434	0.2512304331998544	120.0	151.0	74.0	45.0	76.0	30.0
subimage_E3	9892	0.3400543703133734	0.39213639051908467	0.1834862385321101	0.3496039459109244	0.4411764705882353	0.2078117665467063	0.36312849162011174	0.4627831715210356	0.2576832151300236	122.0	153.0	71.0	49.0	79.0	31.0
subimage_D3	3766	0.348253348731739	0.3728813559322034	0.20526315789473684	0.36152219873150104	0.4104040987464168	0.22633269656620952	0.38345864661654133	0.43680529240874066	0.26741573033707866	155.0	175.0	98.0	58.0	79.0	22.0
subimage_C3	2709	0.3573250393017835	0.3426314986109839	0.24035113330024427	0.384	0.3517857142857143	0.26128266033254155	0.4019122732512285	0.3702770780856423	0.2989513357720874	207.0	188.0	138.0	64.0	47.0	-17.0
subimage_B3	5858	0.3388223684210526	0.38482384823848237	0.18211920529801323	0.3504043126684636	0.43440233236151604	0.21508379888268156	0.36827195467422097	0.4597315436241611	0.2614213197969543	121.0	149.0	74.0	47.0	76.0	29.0
subimage_A3	4932	0.3460187831768069	0.3946731234866828	0.19642857142857142	0.35597826086956524	0.42280285035629456	0.21978021978021978	0.3755600804424334	0.43615611381697	0.2539454001495886	131.0	156.0	81.0	50.0	75.0	24.0
subimage_H4	6585	0.3428708461801987	0.3934888081565686	0.19736842105263158	0.35014005602240894	0.4402332361516035	0.20943952802359883	0.3628571428571429	0.44984802431610943	0.25159011000192166	118.0	149.0	71.0	47.0	78.0	30.0
subimage_G4	5385	0.33548387096774196	0.3950361539964823	0.2006390039783151	0.34579439252336447	0.42485549132947975	0.22935779816513763	0.3646991788168259	0.4481707317073171	0.2598781084567819	115.0	141.0	76.0	39.0	65.0	27.0
subimage_F4	8904	0.3396303322395406	0.39304511923142904	0.18895348837209303	0.3505747126436782	0.44021739130434784	0.20994475138121546	0.3624311991761656	0.4552804039535884	0.26029923038064956	125.0	156.0	73.0	49.0	80.0	31.0
subimage_E4	7496	0.341206279809221	0.392018779342723	0.17762522861207072	0.35106382978723405	0.4403409090909091	0.20810810810810812	0.3609271523178808	0.4716312056737589	0.2569444444444444	122.0	152.0	72.0	49.0	80.0	31.0
subimage_D4	5861	0.3413173652694611	0.39847715736040606	0.1987179487179487	0.3485714285714286	0.43909348441926344	0.2125748502994012	0.35502958579881655	0.4495114006514658	0.2564705882352941	118.0	149.0	72.0	46.0	76.0	30.0
subimage_C4	6994	0.33932959764304904	0.4005233990147783	0.19805194805194806	0.3475783475783476	0.4393063583815029	0.2138728323699422	0.3548387096774194	0.4519230769230769	0.25217573140367244	116.0	147.0	72.0	45.0	75.0	30.0
subimage_B4	4977	0.33806683859875347	0.3936755604098403	0.20615384615384616	0.34492753623188405	0.4365781710914454	0.2191780821917808	0.35362997658079626	0.44654088050314467	0.2631578947368421	117.0	149.0	75.0	43.0	74.0	31.0
subimage_A4	8223	0.3385222673819036	0.38235992734385915	0.18518518518518517	0.35051546391752575	0.44333333333333336	0.20552147239263804	0.358974358974359	0.46060606060606063	0.27543424317617865	117.0	149.0	67.0	47.0	76.0	31.0
subimage_H5	9646	0.3372093023255814	0.3890204993696638	0.1906158357771261	0.34760705289672544	0.42857142857142855	0.22572178477690288	0.360686322485931	0.45345345345345345	0.26488836797587045	119.0	148.0	77.0	41.0	69.0	28.0
subimage_G5	3630	0.3323773318444561	0.3573006071528814	0.21316652097902097	0.34375	0.41543026706231456	0.23943661971830985	0.37707953855494836	0.4388282899366643	0.27836434550780603	117.0	141.0	81.0	35.0	60.0	24.0
subimage_F5	1506	0.3420674618442991	0.3483913864104324	0.2423609352578712	0.35093167701863354	0.3877278184000873	0.2606060606060606	0.39020339716542246	0.4012345679012346	0.29206107392889546	118.0	131.0	88.0	30.0	42.0	12.5
subimage_E5	1895	0.3575625584337018	0.3451178451178451	0.2293613365504131	0.3813387423935091	0.3604887983706721	0.2545871559633027	0.39307535641547864	0.39177488104678826	0.294964961279295	186.0	175.0	124.0	61.0	51.0	-10.0
subimage_D5	2707	0.35202424793151277	0.3444864060424701	0.24795371900826446	0.3722871452420701	0.3518850987432675	0.269449715370019	0.38945578231292516	0.3922777222777223	0.29675292449485996	208.0	194.0	149.0	55.0	46.0	-12.0
subimage_C5	9216	0.3392201003984888	0.3827433628318584	0.18507462686567164	0.3492537313432836	0.4331395348837209	0.21929824561403508	0.36177579071829735	0.4567901234567901	0.2696629213483146	122.0	151.0	76.0	45.0	74.0	29.0
subimage_B5	5662	0.3402302251241243	0.38914080508836335	0.2028985507246377	0.35	0.4342857142857143	0.21568627450980393	0.3586626139817629	0.44545454545454544	0.26260504201680673	123.0	152.0	76.0	47.0	77.0	30.0
subimage_A5	6363	0.3341902313624679	0.4	0.18699186991869918	0.34421364985163205	0.43450479233226835	0.2208955223880597	0.352112676056338	0.46638655462184875	0.261360606060606	112.0	141.0	73.0	40.0	70.0	29.0
subimage_H6	5573	0.33921821496864857	0.38331107654763213	0.19936301843786886	0.3486238532110092	0.4265536723163842	0.22459893048128343	0.36363636363636365	0.44761904761904764	0.26807111907963543	122.0	148.0	78.0	43.0	71.0	27.0
subimage_G6	3387	0.34355832351455984	0.3841474791583962	0.18729964434763333	0.35960591133004927	0.42349726775956287	0.21703296703296704	0.37537273343724953	0.4444444444444444	0.26618705035971224	133.0	156.0	80.0	52.0	76.0	23.0
subimage_F6	5977	0.33608815426997246	0.3880148190916089	0.2106587222773916	0.34300791556728233	0.4140845070422535	0.24258760107816713	0.35555555555555557	0.44042077468537716	0.2699779614325069	121.0	146.0	86.0	36.0	61.0	26.0
subimage_E6	6095	0.34047121785667667	0.3897725392886683	0.18773531405175872	0.3485915492957746	0.43478260869565216	0.21712538226299694	0.3628465668129336	0.4557823129251701	0.25806451612903225	114.0	141.0	71.0	43.0	71.0	28.0
subimage_D6	4250	0.3362295825771325	0.3939393939393939	0.20166790473095317	0.3474576271186441	0.4225352112676056	0.22910216718266255	0.3650574544746324	0.44884488448844884	0.2634347814694476	118.0	143.0	77.0	40.0	66.0	26.0
subimage_C6	4685	0.34036303525447437	0.3855140186915888	0.1867234104466754	0.35522388059701493	0.4266304347826087	0.21875	0.36962605636357043	0.44984802431610943	0.2669400452488688	127.0	153.0	79.0	49.0	76.0	26.0
subimage_B6	5784	0.3397620315516208	0.3922983866592889	0.20354777171321076	0.3480825958702065	0.43478260869565216	0.21700879765395895	0.3562874251497006	0.44660194174757284	0.2619508623494956	120.0	150.0	75.0	45.0	75.0	30.0
subimage_A6	6112	0.33193431623554337	0.3942684542298556	0.21262458471760798	0.34310850439882695	0.4314005602240897	0.22522522522522523	0.34831460674157305	0.4448457452375968	0.2695417789757412	114.0	143.0	75.0	39.0	68.0	29.0
subimage_H7	8046	0.34271099744245526	0.3666291367985428	0.1864406779661017	0.3526448362720403	0.4378454725912353	0.20987654320987653	0.3659217877094972	0.45671641791044776	0.27741935483870966	124.0	154.0	73.0	49.0	80.0	30.0
subimage_G7	2480	0.3394724770642202	0.3606854586409711	0.22063037249283668	0.35327635327635326	0.4044493171023419	0.24441323345817728	0.3826303056433841	0.4255350810536981	0.27209302325581397	129.0	151.0	88.0	42.0	57.0	20.0
subimage_F7	4449	0.3361581920903955	0.3936274254798939	0.1994535519125683	0.3492957746478873	0.4336283185840708	0.21568627450980393	0.36432160804020103	0.4507462686567164	0.263112128146453	124.0	155.0	76.0	47.0	77.0	30.0
subimage_E7	5929	0.3322558824447659	0.39248387096774195	0.20473005474494355	0.34405940594059403	0.42857142857142855	0.2276923076923077	0.3539325842696629	0.44966442953020136	0.2638749832885217	116.0	144.0	77.0	39.0	67.0	28.0
subimage_D7	6661	0.3391304347826087	0.3936651583710407	0.19197707736389685	0.35195530726256985	0.43342036553524804	0.21236559139784947	0.36363636363636365	0.4537313432835821	0.2618510158013544	128.0	156.0	76.0	50.0	80.0	29.0
subimage_C7	5862	0.33620689655172414	0.3923341174713416	0.1916950923634966	0.345821325648415	0.43026706231454004	0.22413793103448276	0.36222395935118235	0.45054945054945056	0.26462027088768036	113.0	141.0	73.0	40.0	67.0	27.0
subimage_B7	8364	0.34048257372654156	0.39036337864828297	0.1780821917808219	0.35051546391752575	0.4341736694677871	0.21487603305785125	0.3685897435897436	0.46511627906976744	0.2608695652173913	119.0	147.0	73.0	47.0	76.0	29.0
subimage_A7	7846	0.33618233618233617	0.3855721393034826	0.2006269592476489	0.34615384615384615	0.4301994301994302	0.22404371584699453	0.35942028985507246	0.4503311258278146	0.26811108520806626	115.0	144.0	74.0	40.0	69.0	28.0
subimage_H8	6570	0.34328358208955223	0.3804082751935513	0.19101123595505617	0.35344827586206895	0.4358974358974359	0.2112676056338028	0.3691460055096419	0.45042492917847027	0.26927493174883566	126.0	156.0	73.0	50.0	79.0	29.0
subimage_G8	3227	0.34802409950764446	0.3588709677419355	0.20365535248041775	0.35967302452316074	0.42337662337662335	0.22010869565217392	0.38265759285437284	0.4363143631436314	0.2711072932426767	135.0	159.0	82.0	52.0	75.0	24.0
subimage_F8	1883	0.3504531722054381	0.35648355754857997	0.2328476933514247	0.3622291021671827	0.38095238095238093	0.25510204081632654	0.38095238095238093	0.40523294708413515	0.2761254691689008	122.0	133.0	84.0	38.0	43.0	6.0
subimage_E8	3852	0.3421479583915541	0.3814078580769887	0.19576719576719576	0.3554758574593705	0.41687979539641945	0.2278177458033573	0.3844282238442822	0.4304461942257218	0.2626058997652342	137.0	157.0	84.0	48.0	71.0	23.0
subimage_D8	10926	0.3385093167701863	0.3981745136005467	0.19091644601353341	0.352	0.4373259052924791	0.2111111111111111	0.36193029490616624	0.4535211267605634	0.256117931446575	129.0	158.0	75.0	50.0	79.0	31.0
subimage_C8	6872	0.3381294964028777	0.3923444976076555	0.20186335403726707	0.34718100890207715	0.43026706231454004	0.2206703910614525	0.35915112679098565	0.44891640866873067	0.26266975185510255	124.0	153.0	78.0	44.0	74.0	29.0
subimage_B8	10941	0.336986301369863	0.39690721649484534	0.18787878787878787	0.3495440729483283	0.4437869822485207	0.20783132530120482	0.35942028985507246	0.46	0.25617283950617287	119.0	152.0	69.0	47.0	78.0	31.0
subimage_A8	5653	0.3333333333333333	0.3978832404436187	0.20817843866171004	0.3440514469453376	0.43567251461988304	0.2202797202797203	0.3504823151125402	0.44802867383512546	0.2622323622323621	112.0	140.0	72.0	40.0	68.0	29.0
subimage_H9	4321	0.3498542274052478	0.350293542074364	0.2051948051948052	0.3583959899749373	0.41566265060240964	0.2263681592039801	0.375	0.43380281690140843	0.27505330490405117	141.0	163.0	88.0	51.0	73.0	22.0
subimage_G9	1615	0.34806629834254144	0.36244612487038225	0.22160664819944598	0.36438923395445133	0.382830626450116	0.2541966426858513	0.3747620745157771	0.41761363636363635	0.2752516435761245	172.0	180.0	117.0	51.0	58.0	8.0
subimage_F9	4023	0.35736294635834515	0.34390651085141904	0.24760259574079152	0.37702265372168287	0.35060449050086356	0.272572402044293	0.39307535641547864	0.36285097192224625	0.2987012987012987	212.0	197.0	155.0	61.0	45.0	-14.0
subimage_E9	1577	0.3526170798898072	0.3465160075329567	0.23781548990851317	0.36990595611285265	0.3558282208588957	0.26587301587301587	0.38827747832200604	0.39885353786047106	0.2912504661007655	181.0	173.0	130.0	49.0	45.0	-8.0
subimage_D9	9349	0.3444828476894503	0.39357568479960126	0.19207317073170732	0.3557422969187675	0.43478260869565216	0.2099125364431487	0.3653300309597523	0.4501347708894879	0.25541411224465643	133.0	161.0	77.0	53.0	81.0	29.0
subimage_C9	9363	0.33977208831577765	0.40053911958652644	0.18148279952550417	0.34870317002881845	0.43478260869565216	0.21694915254237288	0.3611111111111111	0.46283783783783783	0.2506265664160401	118.0	147.0	73.0	45.0	74.0	29.0
subimage_B9	10035	0.343042071197411	0.39593908629441626	0.18584070796460178	0.3536231884057971	0.43768115942028984	0.20821917808219179	0.36312849162011174	0.4577259475218659	0.2551546391752577	128.0	158.0	74.0	53.0	83.0	30.0
subimage_A9	10469	0.338727161465163	0.3994444187943426	0.18126888217522658	0.35014836795252224	0.4457831325301205	0.20414201183431951	0.36046511627906974	0.4624624624624625	0.2553191489361702	117.0	149.0	67.0	48.0	79.0	32.0
subimage_H10	5096	0.34011627906976744	0.3855351311789213	0.19060773480662985	0.35454545454545455	0.43342036553524804	0.2138364779874214	0.3673982739847562	0.44970414201183434	0.26331417884151465	128.0	157.0	75.0	49.0	76.0	29.0
subimage_G10	6996	0.34110787172011664	0.38013158327216157	0.1780821917808219	0.3501577287066246	0.4328767123287671	0.21864951768488747	0.36721311475409835	0.4632411670738583	0.2702702702702703	119.0	147.0	74.0	45.0	74.0	28.0
subimage_F10	7099	0.3406559065934066	0.3838606109999753	0.17869415807560138	0.3492957746478873	0.43059490084985835	0.22028985507246376	0.3685644599303136	0.46048109965635736	0.2678132678132678	121.0	149.0	76.0	44.0	73.0	28.0
subimage_E10	10509	0.34260290931600124	0.39702095430446854	0.18497109826589594	0.3543956043956044	0.44	0.20512820512820512	0.3641456582633053	0.456973293768546	0.25468279879649197	127.0	156.0	73.0	52.0	82.0	30.0
subimage_D10	12758	0.3398876404494382	0.4	0.1880558744737849	0.35100173924677236	0.4423676012461059	0.20572172619047618	0.36164383561643837	0.4575757575757576	0.25409585758747766	123.0	154.0	71.0	50.0	80.0	31.0
subimage_C10	8402	0.3430232558139535	0.3868649818435242	0.17142857142857143	0.3522388059701492	0.4349112426035503	0.2136869219061	0.36789297658862874	0.46551724137931033	0.2644230769230769	119.0	147.0	72.0	47.0	75.0	28.0
subimage_B10	11081	0.336996336996337	0.39948453608247425	0.1896551724137931	0.3493670886075949	0.4375	0.21306818181818182	0.35964912280701755	0.4578313253012048	0.2544987146529563	119.0	148.0	71.0	46.0	75.0	30.0
subimage_A10	5511	0.3378531592817307	0.38943515655199074	0.1853146853146853	0.3493975903614458	0.43103448275862066	0.2191358024691358	0.3616085705148705	0.46054706956666114	0.26674400618716165	119.0	147.0	75.0	45.0	73.0	28.0
subimage_H11	7746	0.345565749235474	0.3775218654818789	0.18867924528301888	0.3569482288828338	0.43731778425655976	0.2062146892655367	0.367839581571612	0.45161290322580644	0.26929099084631447	128.0	157.0	73.0	53.0	81.0	28.0
subimage_G11	6610	0.3433734939759036	0.37040824915824916	0.18055555555555555	0.3584905660377358	0.42228359138771976	0.22188449848024316	0.38132866407263294	0.44744744744744747	0.2763194425164495	129.0	152.0	78.0	49.0	72.0	24.0
subimage_F11	10520	0.3468208092485549	0.3911007025761124	0.1846590909090909	0.3565217391304348	0.4350282485875706	0.20786516853932585	0.3671875	0.4542777075431943	0.2572821972135665	130.0	159.0	75.0	54.0	83.0	29.0
subimage_E11	8290	0.34285714285714286	0.3912489935587762	0.1901840490797546	0.35135135135135137	0.4350282485875706	0.2122905027932961	0.3626062322946176	0.4537313432835821	0.2600706039500047	124.0	153.0	74.0	49.0	78.0	29.0
subimage_D11	6136	0.3415083598010427	0.39593908629441626	0.21031954284381468	0.3475783475783476	0.428169014084507	0.22413793103448276	0.356135112984428	0.439873417721519	0.2566314404549699	119.0	147.0	77.0	42.0	70.0	28.0
subimage_C11	14934	0.3452685421994885	0.39414414414414417	0.19008264462809918	0.3585480244729471	0.4323671497584541	0.20943180589661617	0.36689601339062977	0.4481792717086835	0.255079006772009	137.0	165.0	80.0	56.0	83.0	29.0
subimage_B11	11727	0.3430232558139535	0.3952254641909814	0.18487394957983194	0.3562874251497006	0.4410112359550562	0.2028169014084507	0.3665660861283722	0.45363214310097627	0.25555555555555554	125.0	154.0	70.0	51.0	78.0	29.0
subimage_A11	4713	0.3367557332211235	0.3916007017834694	0.20469798657718122	0.34563758389261745	0.4289940828402367	0.22674418604651161	0.3560371517027864	0.445578231292517	0.2620759849083092	111.0	137.0	73.0	38.0	66.0	27.0
subimage_H12	4053	0.34143718856543404	0.35737704918032787	0.21557492629150107	0.3535031847133758	0.4046920821114369	0.24307692307692308	0.37025028498794477	0.42718446601941745	0.2840207513978061	116.0	135.0	80.0	36.0	53.0	17.0
subimage_G12	3155	0.33583742498636115	0.3892855510353339	0.22453256751802517	0.34594594594594597	0.4065281899109792	0.24725274725274726	0.3601190476190476	0.42323437015203225	0.2677595628415301	124.0	145.0	88.0	35.0	56.0	22.0
subimage_F12	7381	0.34036144578313254	0.3924050632911392	0.19402985074626866	0.35103244837758113	0.43465045592705165	0.2155688622754491	0.3609625668449198	0.45141065830721006	0.2603036876355748	119.0	148.0	72.0	46.0	73.0	28.0
subimage_E12	2226	0.353887399463807	0.34784588580026926	0.22257766601388643	0.37254901960784315	0.3631646251177817	0.24792237390363497	0.4016609096387076	0.4131054131054131	0.28771482277121374	155.0	153.0	105.0	49.0	50.0	-5.0
subimage_D12	5990	0.3402678571428571	0.3906220552102905	0.19553072625698323	0.35537190082644626	0.4312169312169312	0.21753246753246752	0.36538461538461536	0.4426229508196721	0.26150670430486944	124.0	146.0	72.0	44.0	68.0	27.0
subimage_C12	8702	0.3402985074626866	0.3922077922077922	0.1734751636503658	0.3515850144092219	0.43352601156069365	0.21543408360128619	0.36601213011621553	0.46503044925554143	0.260411297250859	114.0	141.0	70.0	45.0	72.0	27.0
subimage_B12	9694	0.3360655737704918	0.3974569944823109	0.18855218855218855	0.346875	0.44336569579288027	0.2098360655737705	0.3614968284611142	0.4594594594594595	0.25885287131479673	106.0	136.0	63.0	42.0	70.0	29.0
subimage_A12	6810	0.3360655737704918	0.39208012276348436	0.19281045751633988	0.34868421052631576	0.43573667711598746	0.21608329941663273	0.3594988448551626	0.45364238410596025	0.2632883874518437	110.0	139.0	67.0	41.0	68.0	27.0