subimage	all_plant_pixels	ratio_r_q5	ratio_g_q5	ratio_b_q5	ratio_r_median	ratio_g_median	ratio_b_median	ratio_r_q95	ratio_g_q95	ratio_b_q95	pix_r_median	pix_g_median	pix_b_	diff_rb_median	diff_gb_median	diff_gr_median
subimage_H1	9534	0.33922006789107784	0.38303341902313626	0.16964285714285715	0.3488372093023256	0.4329896907216495	0.21794871794871795	0.36146002930641485	0.4759886462882096	0.27114427860696516	108.0	133.0	67.0	40.0	66.0	26.0
subimage_G1	5712	0.3402493660185968	0.39477443609022556	0.19931271477663232	0.3484848484848485	0.43425076452599387	0.21766561514195584	0.3556231003039514	0.4482758620689655	0.2607060300698625	113.0	141.0	71.0	42.0	70.0	28.0
subimage_F1	10215	0.3447204968944099	0.3858779059853351	0.1840272341664998	0.35428571428571426	0.43714285714285717	0.2063953488372093	0.36854453839916596	0.4570552147239264	0.26531954887218046	127.0	156.0	73.0	52.0	81.0	29.0
subimage_E1	9561	0.34104046242774566	0.391304347826087	0.18208955223880596	0.3502824858757062	0.43823529411764706	0.2099125364431487	0.36610169491525424	0.45962732919254656	0.26150121065375304	121.0	150.0	71.0	47.0	77.0	29.0
subimage_D1	3859	0.34615384615384615	0.3600912455969273	0.19601328903654486	0.3559870550161812	0.4259818731117825	0.21965317919075145	0.3801035326411266	0.4456771204561653	0.26903674160019336	118.0	142.0	73.0	45.0	68.0	23.0
subimage_C1	4373	0.3487654320987654	0.359375	0.19781324722568516	0.35978835978835977	0.42165242165242167	0.22157434402332363	0.38217065018603774	0.43928910678719163	0.27014631023552127	124.0	145.0	76.0	48.0	68.0	21.0
subimage_B1	3723	0.3558682719928014	0.34586939045727527	0.19170984455958548	0.3720073664825046	0.3849462365591398	0.24329896907216494	0.3902439024390244	0.42317022600041465	0.2929472814209166	168.0	175.0	111.0	60.0	65.0	7.0
subimage_A1	11633	0.34534534534534533	0.39136660786551836	0.18791946308724833	0.3558282208588957	0.4368932038834951	0.2063953488372093	0.3682539682539683	0.4523809523809524	0.25814808761033015	122.0	150.0	70.0	50.0	77.0	27.0
subimage_H2	6549	0.3393347074581008	0.38995215311004783	0.20303030303030303	0.34916201117318435	0.4318840579710145	0.21902017291066284	0.35656836461126007	0.4451532005258368	0.2651617296561117	116.0	144.0	73.0	43.0	70.0	27.0
subimage_G2	6618	0.34534534534534533	0.3914081145584726	0.19265035677879716	0.3522388059701492	0.4332344213649852	0.2144927536231884	0.3609271523178808	0.4511784511784512	0.2601628142674992	120.5	148.0	73.0	46.0	74.0	27.0
subimage_F2	11175	0.34540389972144847	0.38848379942662414	0.16226415094339622	0.3523035230352303	0.4297752808988764	0.21823204419889503	0.36760637061148566	0.4732824427480916	0.26139088729016785	125.0	152.0	77.0	47.0	74.0	27.0
subimage_E2	16509	0.3462385186273789	0.38913043478260867	0.17464788732394365	0.35768261964735515	0.43922651933701656	0.20199501246882792	0.3691460055096419	0.46130952380952384	0.26328080599328335	135.0	166.0	76.0	59.0	89.0	30.0
subimage_D2	5244	0.3525151734104046	0.3581395348837209	0.20834797033567526	0.3717948717948718	0.3935563717662089	0.24064171122994651	0.38963963963963966	0.4101343654533216	0.27430785899329346	150.0	151.0	94.0	49.0	58.0	8.0
subimage_C2	5440	0.3504043126684636	0.3646109742364394	0.2	0.3599544419134396	0.4226190476190476	0.21703296703296704	0.3840408037876324	0.43804034582132567	0.2695662191945502	128.0	150.0	77.0	51.0	73.0	22.0
subimage_B2	6626	0.34718100890207715	0.3727748853004678	0.1751592356687898	0.357630979498861	0.4198250728862974	0.22375690607734808	0.38354936907742915	0.4478424325050092	0.2692307692307692	125.0	147.0	78.0	47.0	68.0	22.0
subimage_A2	2866	0.3557938470410401	0.3426439600015325	0.2767934379634207	0.36688311688311687	0.346218487394958	0.2864916689141632	0.3751570351758794	0.3500649913344887	0.3005051561049453	219.0	206.0	169.0	47.0	35.0	-12.0
subimage_H3	16674	0.34210526315789475	0.401436312351544	0.18478260869565216	0.35276073619631904	0.44321329639889195	0.20402298850574713	0.3617021276595745	0.45901639344262296	0.25183374083129584	123.0	153.0	71.0	50.0	80.0	31.0
subimage_G3	7370	0.3415977961432507	0.3874509541915186	0.19344262295081968	0.3502994011976048	0.4298245614035088	0.22028985507246376	0.3609022556390977	0.44947735191637633	0.26208651399491095	119.0	146.0	75.0	44.0	71.0	27.0
subimage_F3	8277	0.3463855421686747	0.3842653723418519	0.16845878136200718	0.35340314136125656	0.42896935933147634	0.2182741116751269	0.37050359712230213	0.46863468634686345	0.25366876310272535	125.0	152.0	78.0	47.0	74.0	27.0
subimage_E3	9489	0.34265734265734266	0.39124396135265704	0.16776315789473684	0.3554913294797688	0.43661971830985913	0.20625	0.36990595611285265	0.46757679180887374	0.2619047619047619	124.0	152.0	70.0	50.0	78.0	28.0
subimage_D3	4432	0.3502824858757062	0.36241025440923985	0.18972482801751095	0.3602015113350126	0.41766109785202865	0.22094670268133604	0.3879781420765027	0.438336389458167	0.28041133844842286	145.0	166.0	87.0	55.0	77.0	20.0
subimage_C3	5921	0.3561643835616438	0.3501144164759725	0.2	0.37104072398190047	0.401330376940133	0.22682926829268293	0.39617486338797814	0.42455242966751916	0.2833607907742998	167.0	178.0	100.0	61.0	75.0	12.0
subimage_B3	4943	0.3507853403141361	0.35715752420064534	0.17597988826815644	0.36341463414634145	0.4178743961352657	0.21875	0.394813490035769	0.4537790838878904	0.274423088708803	142.0	163.0	86.0	57.0	77.0	21.0
subimage_A3	9359	0.3437425417661098	0.3839080459770115	0.19785806414213877	0.3536977491961415	0.4274193548387097	0.2185792349726776	0.36688311688311687	0.44333333333333336	0.26495726495726496	129.0	156.0	79.0	48.0	75.0	27.0
subimage_H4	6636	0.3413333333333333	0.38823529411764707	0.2039654474575549	0.3476923076923077	0.4269340974212034	0.22507122507122507	0.35550577924431137	0.4452054794520548	0.2671984448300238	120.0	146.0	78.0	42.0	69.0	27.0
subimage_G4	7759	0.3407821229050279	0.3918043283390959	0.19863013698630136	0.34890965732087226	0.42857142857142855	0.2225609756097561	0.3583637475586419	0.44876325088339225	0.26275866160417655	119.0	146.0	76.0	42.0	69.0	27.0
subimage_F4	15740	0.3449197860962567	0.39731837084148725	0.16	0.35714285714285715	0.43626062322946174	0.20652173913043478	0.3742690058479532	0.47249190938511326	0.25432232957595274	133.0	162.0	76.0	56.0	86.0	29.0
subimage_E4	14171	0.3444730077120823	0.39344262295081966	0.16689879294336118	0.35883905013192613	0.4353932584269663	0.20728291316526612	0.37105263157894736	0.46808510638297873	0.2563559322033898	136.0	164.0	78.0	57.0	85.0	29.0
subimage_D4	9316	0.34306569343065696	0.3867512127251532	0.17627933507170795	0.3525089928057554	0.43142857142857144	0.21613832853025935	0.3712498758237027	0.4600159744408946	0.2610073700691183	122.0	149.0	75.0	46.0	74.0	27.0
subimage_C4	4521	0.3484848484848485	0.38064516129032255	0.19594594594594594	0.3587570621468927	0.42696629213483145	0.21468926553672316	0.37142857142857144	0.44200626959247646	0.26174496644295303	124.0	147.0	74.0	49.0	73.0	23.0
subimage_B4	9180	0.3556907606248074	0.34860557768924305	0.19721825396825396	0.3699760243497384	0.4	0.23391812865497075	0.3993907016772871	0.41853932584269665	0.2928717117727203	140.0	151.0	85.0	52.0	59.0	9.0
subimage_A4	6169	0.3446029106029106	0.37337369042487395	0.16883116883116883	0.3562874251497006	0.42857142857142855	0.21671826625386997	0.37423312883435583	0.46238984558169616	0.2703962703962704	116.0	141.0	70.0	45.0	69.0	24.0
subimage_H5	10840	0.3426183844011142	0.391413840071358	0.18354430379746836	0.35093167701863354	0.434388666180758	0.21388888888888888	0.3627760252365931	0.4589041095890411	0.2620099012213063	119.0	147.0	72.0	46.0	74.0	28.0
subimage_G5	7206	0.34540389972144847	0.3914308062767963	0.19463087248322147	0.3523035230352303	0.43059490084985835	0.21703296703296704	0.35967302452316074	0.4482758620689655	0.2608695652173913	125.0	152.0	77.0	47.0	75.0	28.0
subimage_F5	7144	0.3446618453206525	0.39213087046963757	0.20122234387978555	0.3515850144092219	0.42857142857142855	0.21963824289405684	0.3589041095890411	0.4434207489469736	0.25998514851485144	129.0	157.0	80.0	48.0	76.0	28.0
subimage_E5	8839	0.3475177304964539	0.3984127545248869	0.1722689075630252	0.35494880546075086	0.4329608938547486	0.2123076923076923	0.36420161883738045	0.4650430964384453	0.2523855755894591	126.0	153.0	76.0	50.0	78.0	28.0
subimage_D5	5672	0.3493975903614458	0.3814039839245151	0.17315837339223075	0.36318407960199006	0.4194373401534527	0.21734051198699716	0.38506519128495453	0.4452007205352547	0.26585962605901253	144.0	167.0	86.0	57.0	80.0	22.0
subimage_C5	3053	0.3550907087557871	0.3413897280966767	0.2806467579607326	0.36418816388467373	0.3445121951219512	0.29121725731895226	0.3724674669943599	0.34762633996937214	0.30268345496832144	238.0	226.0	192.0	48.0	35.0	-13.0
subimage_B5	8115	0.35097493036211697	0.36384439359267734	0.17926378098409174	0.36228287841191065	0.4230769230769231	0.21635883905013192	0.38506261794475893	0.44537815126050423	0.2757847533632287	137.0	160.0	81.0	53.0	76.0	23.0
subimage_A5	4268	0.35813148788927335	0.3473491773308958	0.19870437651382278	0.3713355048859935	0.3853059557055699	0.23904947018621858	0.3877840024898848	0.43243243243243246	0.28917402056241065	146.0	154.0	92.0	54.0	56.0	4.0
subimage_H6	6952	0.3393939393939394	0.3900923544540566	0.1851195683872849	0.34782608695652173	0.43312101910828027	0.2195845697329377	0.35648148148148145	0.46043601396298484	0.2668496345706775	113.0	140.0	72.0	41.0	68.0	27.0
subimage_G6	10207	0.33978705144021887	0.39133547784580264	0.17647058823529413	0.3473053892215569	0.42900302114803623	0.22418879056047197	0.36503067484662577	0.46586345381526106	0.26044226044226043	116.0	143.0	74.0	40.0	67.0	27.0
subimage_F6	10330	0.34411764705882353	0.3883720930232558	0.19292604501607716	0.35185185185185186	0.43582089552238806	0.2123076923076923	0.35946917505741033	0.45134830447330443	0.2647125694783958	120.0	148.0	72.0	47.0	75.0	28.0
subimage_E6	14158	0.34748010610079577	0.3900709219858156	0.15862068965517243	0.36033519553072624	0.4386422976501306	0.2	0.37343358395989973	0.47828644501278766	0.25758735312306735	128.0	157.0	72.0	55.0	84.0	28.0
subimage_D6	7579	0.3443526170798898	0.3888888888888889	0.19471947194719472	0.352112676056338	0.4318181818181818	0.2161290322580645	0.36070381231671556	0.44932432432432434	0.2621589008304597	127.0	156.0	78.0	48.0	77.0	29.0
subimage_C6	13256	0.34985197086353337	0.39101123595505616	0.17750469535715008	0.3604336043360434	0.42857142857142855	0.20923913043478262	0.37383177570093457	0.45687589511953286	0.2563478662995784	141.0	168.0	82.0	58.0	86.0	26.0
subimage_B6	7934	0.3472222222222222	0.3965735271846131	0.18115942028985507	0.3554817275747508	0.43567251461988304	0.20833333333333334	0.3657473839862994	0.45930655967797457	0.2505533471297909	123.0	151.0	72.0	50.0	77.0	27.0
subimage_A6	8692	0.3443079663457894	0.3929471032745592	0.1936619718309859	0.3515850144092219	0.4294117647058823	0.2188365650969529	0.3591549295774648	0.4517241379310345	0.2590909090909091	121.0	147.0	75.0	45.0	72.0	27.0
subimage_H7	4800	0.3373134328358209	0.3675126460840747	0.19501700196234104	0.3471337579617834	0.4171974522292994	0.23647686147686148	0.3664605095990966	0.4559386973180077	0.2734408386752137	109.0	132.0	75.0	36.0	57.0	23.0
subimage_G7	5527	0.34593023255813954	0.354916067146283	0.18529693666604022	0.35904255319148937	0.40730337078651685	0.23929471032745592	0.38170347003154576	0.43905784138342274	0.2847008162116521	129.0	146.0	85.0	43.0	61.0	18.0
subimage_F7	7787	0.3456667923105918	0.3818919620417439	0.17918075102943887	0.35428571428571426	0.41846153846153844	0.22792022792022792	0.3754474634239027	0.45051194539249145	0.2639225181598063	121.0	143.0	78.0	43.0	66.0	22.0
subimage_E7	6218	0.34900535461709437	0.3715712936009397	0.2025974025974026	0.36186832187386025	0.403030303030303	0.2375366568914956	0.3842239185750636	0.42894736842105263	0.26749364367906475	133.0	152.0	85.0	45.0	61.0	15.0
subimage_D7	8213	0.34472934472934474	0.3789237668161435	0.17452593044539355	0.3541666666666667	0.43059490084985835	0.21649484536082475	0.37730870712401055	0.45857988165680474	0.26948775055679286	127.0	155.0	76.0	48.0	76.0	26.0
subimage_C7	7327	0.3448275862068966	0.38433059029553523	0.19456070793566452	0.35398230088495575	0.43167701863354035	0.21428571428571427	0.3622291021671827	0.4489795918367347	0.2634744487528213	120.0	146.0	72.0	47.0	73.0	26.0
subimage_B7	18621	0.34169278996865204	0.38073394495412843	0.18484848484848485	0.3509933774834437	0.4378531073446328	0.21176470588235294	0.3716012084592145	0.45751633986928103	0.26218097447795824	120.0	148.0	71.0	47.0	75.0	29.0
subimage_A7	13288	0.34782608695652173	0.38648177223884994	0.18253968253968253	0.3605015673981191	0.4367816091954023	0.20212765957446807	0.37163235974360664	0.4514285714285714	0.26188595076856924	132.0	158.0	73.0	56.0	82.0	27.0
subimage_H8	5072	0.3362573099415205	0.38591549295774646	0.20733950566930417	0.348993288590604	0.40752351097178685	0.2440927218344965	0.36300029249744065	0.4344569288389513	0.2674235651707491	110.0	129.0	77.0	33.0	52.0	19.0
subimage_G8	7439	0.34319209353236985	0.36042843005995695	0.196	0.36012861736334406	0.4110429447852761	0.23511904761904762	0.3790849673202614	0.4360949101726278	0.2744075596735595	114.0	127.0	76.0	37.0	56.0	15.0
subimage_F8	5350	0.3467741935483871	0.3534769262785495	0.22321428571428573	0.36127167630057805	0.38769230769230767	0.2492753623188406	0.3890735599135235	0.4139072847682119	0.2814541590771099	123.0	132.0	84.0	38.0	46.0	9.0
subimage_E8	4889	0.3436557340747484	0.3719585965855626	0.1850289638905269	0.3561643835616438	0.43213296398891965	0.21212121212121213	0.3731379497493854	0.4541832669322709	0.26773455377574373	126.0	152.0	75.0	49.0	73.0	26.0
subimage_D8	7524	0.34173669467787116	0.3971342766975466	0.17300795196364815	0.35014005602240894	0.4294117647058823	0.22028985507246376	0.36092031087515736	0.4707707170459423	0.2533950953678474	118.0	145.0	75.0	43.0	70.0	27.0
subimage_C8	8174	0.34594594594594597	0.3937236872236608	0.19081272084805653	0.35294117647058826	0.4269340974212034	0.2202970297029703	0.3640256959314775	0.4528541153951326	0.24793388429752067	125.0	152.0	79.0	46.0	72.0	26.0
subimage_B8	5928	0.33941398978214193	0.3943100007346279	0.2006172839506173	0.3502994011976048	0.43373493975903615	0.21621621621621623	0.3597560975609756	0.444794952681388	0.25991039913114306	114.0	142.0	70.0	43.0	70.0	27.0
subimage_A8	6647	0.34615384615384615	0.3812540849673203	0.17	0.3581267217630854	0.4257703081232493	0.21606648199445982	0.37854354916323585	0.4556845894785739	0.2682754662840746	128.0	152.0	77.0	50.0	75.0	23.0
subimage_H9	5603	0.3463703977922865	0.36187845303867405	0.21003134796238246	0.35735735735735735	0.3914209115281501	0.25	0.3822525597269625	0.4271489504994949	0.28	116.0	126.0	83.0	35.0	46.0	11.0
subimage_G9	4167	0.35097493036211697	0.3478964401294498	0.20823244552058112	0.36650485436893204	0.4	0.23758099352051837	0.37818495530403856	0.4225352112676056	0.2880713410866997	161.0	178.0	99.0	54.0	66.0	14.0
subimage_F9	5432	0.34972677595628415	0.3617264564073075	0.1853369711370864	0.36231884057971014	0.413953488372093	0.22608695652173913	0.39244186046511625	0.43209876543209874	0.2771618625277162	141.0	158.0	84.0	51.0	69.0	19.0
subimage_E9	4844	0.35278514588859416	0.36551724137931035	0.20168067226890757	0.3671965213625866	0.41369455316373127	0.22285714285714286	0.3825160415031229	0.4270225597498325	0.2749366487171365	135.0	153.0	82.0	52.0	70.0	16.0
subimage_D9	6671	0.34308510638297873	0.38823529411764707	0.19377162629757785	0.3542234332425068	0.4327956989247312	0.2132132132132132	0.36639118457300274	0.4479166666666667	0.2589408697363243	126.0	154.0	75.0	49.0	76.0	28.0
subimage_C9	6708	0.3439569499028775	0.39413840469874956	0.18504427382520244	0.3523489932885906	0.42946708463949845	0.21846153846153846	0.36713286713286714	0.4537037037037037	0.25467364928440545	119.0	145.0	74.0	45.0	71.0	26.0
subimage_B9	6781	0.345088161209068	0.38197424892703863	0.16875	0.3583138173302108	0.42939481268011526	0.212707182320442	0.3757062146892655	0.46229508196721314	0.2669683257918552	128.0	153.0	76.0	52.0	77.0	25.0
subimage_A9	11278	0.3425076452599388	0.3864734299516908	0.15804847169470065	0.3512064343163539	0.4353312302839117	0.2135593220338983	0.3729903536977492	0.4760411175540326	0.265	113.0	139.0	68.0	44.0	71.0	27.0
subimage_H10	4471	0.3552397868561279	0.34564652371669913	0.21975308641975308	0.36923076923076925	0.35490196078431374	0.2737864077669903	0.38370937167691527	0.415	0.29739776951672864	187.0	181.0	140.0	51.0	41.0	-6.0
subimage_G10	5660	0.34444444444444444	0.3547619047619048	0.20338427340928036	0.35443037974683544	0.40947075208913647	0.23901098901098902	0.3791690074906367	0.43437756147540985	0.28610348360034676	123.0	142.0	83.0	39.0	58.0	19.0
subimage_F10	4905	0.35014005602240894	0.3741021697253871	0.2	0.36164383561643837	0.4034582132564842	0.23782234957020057	0.3829787234042553	0.4241645244215938	0.26773095010720915	132.0	146.0	85.0	43.0	58.0	16.0
subimage_E10	5574	0.35294117647058826	0.35714285714285715	0.1825125321336761	0.3616471605266658	0.4205607476635514	0.22033898305084745	0.38379366311481194	0.441025641025641	0.27649884607666064	150.0	175.0	90.0	58.0	83.0	25.0
subimage_D10	8483	0.34615384615384615	0.3915094339622642	0.18627823753075376	0.35602094240837695	0.43466666666666665	0.20923076923076922	0.36390447771316187	0.4542483660130719	0.2575161160354552	125.0	152.0	73.0	50.0	77.0	27.0
subimage_C10	7653	0.3484042553191489	0.382830626450116	0.1625	0.3559322033898305	0.4304812834224599	0.21351351351351353	0.3796138915119085	0.4605263157894737	0.2645739910313901	130.0	158.0	78.0	52.0	79.0	25.0
subimage_B10	6951	0.3432634126663977	0.39355559793202816	0.19850187265917604	0.35278514588859416	0.4339080459770115	0.21246458923512748	0.35973416388840146	0.4482758620689655	0.26075223967211925	124.0	152.0	74.0	48.0	76.0	28.0
subimage_A10	12880	0.3408360128617363	0.3864679402722881	0.172	0.3508771929824561	0.4350453172205438	0.21451104100946372	0.3673469387755102	0.46830985915492956	0.2638540750513046	113.0	141.0	69.0	44.0	72.0	27.0
subimage_H11	8637	0.35042274287557307	0.38480275720739604	0.18618618618618618	0.3604336043360434	0.42433234421364985	0.21505376344086022	0.37468354430379747	0.4428969359331476	0.26208651399491095	135.0	158.0	80.0	54.0	78.0	24.0
subimage_G11	9643	0.351123595505618	0.3537129517792437	0.1888643890848873	0.363905325443787	0.3974358974358974	0.2404692082111437	0.3904109589041096	0.4271523178807947	0.28501228501228504	124.0	136.0	81.0	41.0	53.0	11.0
subimage_F11	4841	0.34523809523809523	0.3839541547277937	0.22073578595317725	0.35347432024169184	0.40476190476190477	0.2391304347826087	0.363905325443787	0.4244604316546763	0.2631578947368421	117.0	134.0	79.0	38.0	54.0	16.0
subimage_E11	3859	0.3436619718309859	0.3723628481738004	0.19310344827586207	0.3546511627906977	0.4269005847953216	0.21994134897360704	0.37777777777777777	0.4472049689440994	0.26731436539647635	121.0	146.0	75.0	46.0	71.0	25.0
subimage_D11	22515	0.3469945355191257	0.4028103044496487	0.16986301369863013	0.35833333333333334	0.4437869822485207	0.19736842105263158	0.3729781871904058	0.4609006309385776	0.24683837480091117	131.0	163.0	72.0	58.0	89.0	31.0
subimage_C11	15336	0.3440514469453376	0.39596176622430074	0.18784164985822444	0.3542234332425068	0.43799472295514513	0.20703853824872934	0.36768802228412256	0.4539877300613497	0.2548076923076923	129.0	158.0	75.0	52.0	81.0	30.0
subimage_B11	18825	0.34328358208955223	0.3968609865470852	0.1875	0.3538011695906433	0.4415954415954416	0.20430107526881722	0.36675461741424803	0.45584045584045585	0.256591568850183	128.0	160.0	74.0	54.0	85.0	32.0
subimage_A11	9794	0.3430232558139535	0.3837801323699071	0.18238993710691823	0.35309278350515466	0.43490304709141275	0.21037463976945245	0.36904761904761907	0.4573170731707317	0.26487422906968505	122.0	149.0	71.0	48.0	75.0	28.0
subimage_H12	10793	0.34307734120205	0.40868488356440974	0.1518987341772152	0.35294117647058826	0.4503105590062112	0.1954674220963173	0.3652173913043478	0.49166666666666664	0.24129930394431554	105.0	133.0	58.0	45.0	74.0	28.0
subimage_G12	6760	0.34210526315789475	0.3870113349241999	0.1901083650190114	0.3502994011976048	0.4362017804154303	0.2134502923976608	0.35668789808917195	0.4570446735395189	0.26846150464523305	120.0	148.0	73.0	46.0	75.0	29.0
subimage_F12	8194	0.34169278996865204	0.3883976936393589	0.20260843731431968	0.35	0.4277456647398844	0.2215909090909091	0.3644003354766564	0.4409937888198758	0.26600166453031693	121.0	148.0	77.0	43.0	70.0	26.0
subimage_E12	20075	0.34210526315789475	0.39445126395335456	0.1911132366687681	0.35344827586206895	0.4411764705882353	0.2050561797752809	0.3656716417910448	0.4525993883792049	0.2588028377180018	124.0	153.0	72.0	51.0	81.0	31.0
subimage_D12	18579	0.34645475826578187	0.3924249191574509	0.16769814408450182	0.3634453781512605	0.43103448275862066	0.20569620253164558	0.3780487804878049	0.4605304665449111	0.2537688442211055	140.0	165.0	79.0	60.0	87.0	26.0
subimage_C12	8716	0.34583870942818956	0.3926829268292683	0.18702290076335878	0.3522727272727273	0.43026706231454004	0.21764705882352942	0.35903614457831323	0.45652173913043476	0.2575189393939394	122.0	149.0	75.0	46.0	73.0	27.0
subimage_B12	9887	0.34444444444444444	0.3881278538812785	0.1931269592476489	0.35294117647058826	0.43209876543209874	0.21492537313432836	0.3592233009708738	0.4507042253521127	0.2651162790697674	121.0	148.0	74.0	47.0	74.0	27.0
subimage_A12	7169	0.3511450381679389	0.39036144578313253	0.1813186813186813	0.3606060606060606	0.4186046511627907	0.22126436781609196	0.38181818181818183	0.4425287356321839	0.2546717773305552	130.0	151.0	78.0	49.0	69.0	21.0