subimage	all_plant_pixels	ratio_r_q5	ratio_g_q5	ratio_b_q5	ratio_r_median	ratio_g_median	ratio_b_median	ratio_r_q95	ratio_g_q95	ratio_b_q95	pix_r_median	pix_g_median	pix_b_	diff_rb_median	diff_gb_median	diff_gr_median
subimage_H1	9308	0.3411214953271028	0.38901274926446555	0.11950551631081832	0.35276967930029157	0.44919786096256686	0.19831215281624387	0.37542662116040953	0.5092014381682278	0.2660474187713831	126.0	160.0	71.0	56.0	91.0	35.0
subimage_G1	10993	0.34534534534534533	0.4004773217071141	0.16286644951140064	0.3690205011389522	0.44144144144144143	0.18973214285714285	0.37528604118993136	0.4743202416918429	0.25055746076247215	161.0	191.0	81.0	77.0	108.0	31.0
subimage_F1	8673	0.3434650455927052	0.39951684022891454	0.16968821791926486	0.3638968481375358	0.43719806763285024	0.19672131147540983	0.38213399503722084	0.4605048042449448	0.2513089005235602	140.0	167.0	75.0	62.0	89.0	28.0
subimage_E1	3667	0.340442644458388	0.38589434608794976	0.19724036592880503	0.3609625668449198	0.41714285714285715	0.21897810218978103	0.3740648379052369	0.4441059465951099	0.26636568848758463	142.0	163.0	86.0	56.0	78.0	21.0
subimage_D1	20596	0.343944442399028	0.40596983570903383	0.16376445663372657	0.3614457831325301	0.45219638242894056	0.18632075471698112	0.3696808510638298	0.4725942618941919	0.2458628841607565	143.0	177.0	74.0	68.0	104.0	36.0
subimage_C1	13011	0.34097421203438394	0.40473389355742295	0.15472779369627507	0.3567251461988304	0.4633431085043988	0.17834394904458598	0.3692722371967655	0.4853180685955164	0.24944320712694878	130.0	169.0	64.0	63.0	101.0	38.0
subimage_B1	6717	0.3393907991835453	0.3826879271070615	0.15960219003395937	0.3561643835616438	0.42780748663101603	0.21800947867298578	0.3826530612244898	0.46938775510204084	0.263516693163752	131.0	156.0	80.0	51.0	77.0	27.0
subimage_A1	8587	0.3392070484581498	0.3848017078084128	0.14106583072100312	0.35858585858585856	0.45058139534883723	0.19161676646706588	0.37466084515827225	0.49	0.2652027357107963	130.0	162.0	69.0	60.0	93.0	33.0
subimage_H2	21838	0.34441087613293053	0.40540540540540543	0.1717948717948718	0.361244019138756	0.45073891625615764	0.1880952380952381	0.3684210526315789	0.4656084656084656	0.24449520743573605	147.0	183.0	76.0	70.0	106.0	36.0
subimage_G2	9378	0.34285714285714286	0.3866995073891626	0.15877437325905291	0.35802469135802467	0.4485294117647059	0.19298245614035087	0.371571072319202	0.4745762711864407	0.2679655014575152	134.0	167.0	72.0	59.0	92.0	33.0
subimage_F2	5352	0.3423545466648915	0.39149888143176736	0.12951488565622682	0.35225576662143826	0.4492753623188406	0.19894593581179607	0.37423312883435583	0.49838187702265374	0.26303317535545023	129.0	164.0	73.0	56.0	92.0	36.0
subimage_E2	12618	0.3407202216066482	0.39185291886866314	0.15363881401617252	0.35967302452316074	0.4555256064690027	0.18321796026741266	0.37305699481865284	0.47989276139410186	0.2632921492054942	135.0	171.0	69.0	65.0	100.0	35.0
subimage_D2	15772	0.3438291611853603	0.39349523767528	0.16071428571428573	0.3625866050808314	0.45433255269320844	0.1840507053921688	0.37028301886792453	0.473551637279597	0.2592152627789776	147.0	185.0	74.0	72.0	108.0	37.0
subimage_C2	12586	0.34146341463414637	0.3987273593262438	0.151674561682216	0.36082474226804123	0.4595959595959596	0.17866004962779156	0.37055837563451777	0.4840541165587419	0.25535723353475853	139.0	177.0	68.0	70.0	108.0	38.0
subimage_B2	13530	0.33825163398692815	0.39859957829753934	0.15339233038348082	0.3542234332425068	0.4527777777777778	0.19346049046321526	0.36787564766839376	0.4853801169590643	0.25806451612903225	133.0	171.0	72.0	61.0	97.0	37.0
subimage_A2	5101	0.3312883435582822	0.38799076212471134	0.19722222222222222	0.3493150684931507	0.4253731343283582	0.22588832487309646	0.3595505617977528	0.4525316455696203	0.270042194092827	130.0	157.0	84.0	45.0	74.0	28.0
subimage_H3	12657	0.33818879063184254	0.40444198214835336	0.15	0.3567073170731707	0.4629156010230179	0.1802030456852792	0.36883116883116884	0.4897360703812317	0.2510748193151627	132.0	172.0	66.0	66.0	105.0	39.0
subimage_G3	8020	0.3429923846914199	0.3869723471597534	0.170316301703163	0.36443796566245545	0.44175824175824174	0.19489559164733178	0.3761904761904762	0.4645680444335393	0.2623331173592047	160.0	189.0	82.0	70.0	102.0	33.0
subimage_F3	16590	0.34183673469387754	0.40242286218042905	0.12256267409470752	0.35926773455377575	0.46329113924050636	0.1763157894736842	0.3761837587699657	0.504718511120121	0.25240384615384615	134.0	173.0	67.0	69.0	108.0	39.0
subimage_E3	7307	0.3425414364640884	0.3932665103871959	0.18056678646301288	0.3553008595988539	0.43089430894308944	0.2127659574468085	0.36962750716332377	0.4563953488372093	0.2588146615430092	131.0	160.0	78.0	53.0	80.0	27.0
subimage_D3	11543	0.3416666666666667	0.39909297052154197	0.15555555555555556	0.3582887700534759	0.45979899497487436	0.18042813455657492	0.3690773067331671	0.4813822166676827	0.2536945812807882	137.0	176.0	69.0	68.0	106.0	38.0
subimage_C3	12995	0.3384615384615385	0.3978021978021978	0.15060240963855423	0.3582887700534759	0.46264367816091956	0.17962466487935658	0.37037037037037035	0.48484848484848486	0.25396825396825395	133.0	171.0	65.0	65.0	102.0	39.0
subimage_B3	14298	0.34535754848855493	0.40143004317111464	0.15841122932168994	0.36363636363636365	0.45742092457420924	0.1778846153846154	0.37150127226463103	0.47606382978723405	0.24824355971896955	146.0	184.0	71.0	74.0	112.0	38.0
subimage_A3	3596	0.3359375	0.3887676851020458	0.1857177774156754	0.3643123932621543	0.42039800995024873	0.21666666666666667	0.375	0.4488926252319109	0.2642822549850518	147.0	169.0	87.0	60.0	81.0	22.0
subimage_H4	18809	0.3434065934065934	0.406671905697446	0.16377171215880892	0.3634085213032581	0.455188679245283	0.18120805369127516	0.3698630136986301	0.4745308310991957	0.24503311258278146	149.0	186.0	74.0	74.0	111.0	38.0
subimage_G4	11952	0.34383615729982175	0.39772157390134916	0.1415929203539823	0.36175710594315247	0.45566502463054187	0.18206163244235402	0.3763875169774046	0.4861111111111111	0.2546838721635806	140.0	176.0	71.0	69.0	106.0	36.0
subimage_F4	9141	0.34210526315789475	0.39675174013921116	0.125	0.3557422969187675	0.45535714285714285	0.1875	0.37962962962962965	0.49719101123595505	0.25565610859728505	131.0	167.0	69.0	61.0	98.0	36.0
subimage_E4	7062	0.3472530341720942	0.37280744336569577	0.1384180790960452	0.3628808864265928	0.4398034398034398	0.20108695652173914	0.38903394255874674	0.4755415204861546	0.26451538058528556	143.0	171.0	77.0	62.0	90.0	29.0
subimage_D4	11434	0.34710743801652894	0.3945317816795971	0.11526479750778816	0.36097560975609755	0.45569620253164556	0.18206163244235402	0.3862958221311825	0.4984162034950679	0.2536231884057971	139.0	174.0	70.0	67.0	104.0	36.0
subimage_C4	9442	0.34501372574372646	0.39563212325875896	0.11371237458193979	0.3673469387755102	0.46153846153846156	0.1707920792079208	0.38485804416403785	0.5048216101825502	0.25687453508554414	134.0	168.0	62.0	70.0	105.0	34.0
subimage_B4	14861	0.3411458333333333	0.40551181102362205	0.14049586776859505	0.3589041095890411	0.4651741293532338	0.1769436997319035	0.3709677419354839	0.49441340782122906	0.24888888888888888	134.0	175.0	66.0	69.0	108.0	40.0
subimage_A4	3387	0.33732422226218306	0.3870967741935484	0.18152866242038215	0.3591331269349845	0.42710997442455245	0.21345707656612528	0.3669950738916256	0.46153846153846156	0.2642338709677419	146.0	172.0	87.0	59.0	86.0	27.0
subimage_H5	20154	0.3434125269978402	0.40875912408759124	0.13731072616193643	0.36220472440944884	0.4593569485210352	0.17783505154639176	0.37238058370870863	0.4968223413690236	0.2459149518846753	142.0	179.0	70.0	72.0	110.0	38.0
subimage_G5	7671	0.3441907829299484	0.38720163441851396	0.18155190750651845	0.35638297872340424	0.4343163538873995	0.20906801007556675	0.3721260570824524	0.45305655384505356	0.2629197057178142	137.0	166.0	80.0	56.0	85.0	30.0
subimage_F5	8181	0.3362573099415205	0.3991130820399113	0.15753424657534246	0.35135135135135137	0.453781512605042	0.19166666666666668	0.3695652173913043	0.48909657320872274	0.25668449197860965	125.0	161.0	69.0	56.0	93.0	36.0
subimage_E5	7908	0.340625	0.38917999726551816	0.16863905325443787	0.35294117647058826	0.4503105590062112	0.19727878563495002	0.36798338278931747	0.47018067670710095	0.2596905079378307	127.0	162.0	71.0	56.0	91.0	35.0
subimage_D5	11641	0.34598214285714285	0.40077821011673154	0.15931372549019607	0.3673469387755102	0.4535809018567639	0.17857142857142858	0.37411764705882355	0.47368421052631576	0.24948875255623723	154.0	190.0	74.0	78.0	113.0	35.0
subimage_C5	13423	0.3425531914893617	0.40136210447481746	0.15834158415841584	0.35833333333333334	0.4529262086513995	0.18863049095607234	0.3713592233009709	0.47745358090185674	0.25274019342541826	144.0	181.0	75.0	67.0	104.0	37.0
subimage_B5	10781	0.3392461197339246	0.4022727272727273	0.1388101983002833	0.3567251461988304	0.46174863387978143	0.1797752808988764	0.36904761904761907	0.5	0.2543478260869565	132.0	170.0	67.0	65.0	104.0	39.0
subimage_A5	9630	0.3442170049058348	0.3474638482594631	0.16623675557179393	0.3609625668449198	0.44655581947743467	0.19351079028498383	0.37274684361822025	0.46786632390745503	0.28122528558875215	147.0	181.0	77.0	66.0	99.0	34.0
subimage_H6	16814	0.34285714285714286	0.4092827004219409	0.16096660016732095	0.36404494382022473	0.45604395604395603	0.1792452830188679	0.37057781695784575	0.47681641338239833	0.24549422735052895	149.0	186.0	73.0	76.0	113.0	37.0
subimage_G6	14184	0.3448275862068966	0.3861394803236108	0.15064227439227437	0.3601108033240997	0.46134020618556704	0.1763085399449036	0.37179034690799395	0.4861878453038674	0.26899183544388366	138.0	177.0	68.0	69.0	107.0	38.0
subimage_F6	6846	0.34608902333621433	0.3924863938722032	0.1514360313315927	0.3628690146418678	0.4583333333333333	0.1783783783783784	0.37714285714285717	0.4774715033335723	0.257766323024055	136.0	172.0	66.0	68.0	103.0	35.0
subimage_E6	9534	0.3459625976687588	0.38507648615248113	0.15340322472512738	0.3615819209039548	0.45454545454545453	0.18435754189944134	0.37797619047619047	0.47619047619047616	0.2663873480467367	142.0	176.0	71.0	67.0	102.0	35.0
subimage_D6	10426	0.3447488584474886	0.3950892857142857	0.16020671834625322	0.36141304347826086	0.4523518453836302	0.1863013698630137	0.37402597402597404	0.47075819772271904	0.2547457500745601	145.0	178.0	73.0	67.0	103.0	35.0
subimage_C6	10292	0.34580920574214224	0.3968609865470852	0.14246636030516008	0.3613861386138614	0.44885042283298093	0.18974358974358974	0.3798449612403101	0.47606382978723405	0.2540650406504065	142.0	175.0	75.0	66.0	101.0	34.0
subimage_B6	7538	0.33837343445707857	0.3975609756097561	0.13604285906997363	0.35405405405405405	0.46	0.18497884672007936	0.375	0.49685829402515724	0.259618310188797	128.0	165.0	67.0	60.0	99.0	38.0
subimage_A6	3308	0.33075678661616165	0.3439878234398782	0.20234037718700296	0.35833333333333334	0.41944444444444445	0.225	0.3699468594408273	0.4389438943894389	0.2983257229832572	133.0	155.0	82.0	49.0	70.0	22.0
subimage_H7	13310	0.35051546391752575	0.4021522750526052	0.16546762589928057	0.37044534412955465	0.43972422745694023	0.1900647948164147	0.3760504201680672	0.46700685757784927	0.24410624715002266	169.0	201.0	86.0	82.0	113.0	31.0
subimage_G7	13275	0.34323873038158753	0.4025679459726569	0.158311345646438	0.3632075471698113	0.456359102244389	0.18028846153846154	0.3712121212121212	0.4753246753246753	0.25	145.0	183.0	71.0	73.0	110.0	37.0
subimage_F7	9720	0.34558823529411764	0.38493681241425154	0.15902614399451567	0.3633046787846972	0.4472361809045226	0.18943174151486608	0.37637362637362637	0.4701086956521739	0.2656282688284518	140.0	172.0	73.0	66.0	97.0	32.0
subimage_E7	11015	0.3473684210526316	0.39432576138937836	0.16853932584269662	0.3694690265486726	0.4401805869074492	0.19077568134171907	0.37752355664928927	0.4648318042813456	0.25444579459002536	165.0	197.0	84.0	80.0	110.0	31.0
subimage_D7	12235	0.3465553235908142	0.40171159528995	0.14795918367346939	0.36363636363636365	0.4595238095238095	0.1769436997319035	0.3737050975635858	0.48525469168900803	0.24829157175398633	142.0	179.0	69.0	73.0	109.0	38.0
subimage_C7	12140	0.344559585492228	0.4014251781472684	0.14556962025316456	0.3608918991694111	0.45748900293255135	0.1806282722513089	0.373134328358209	0.48695652173913045	0.25090355573551676	141.0	178.0	71.0	69.0	107.0	37.0
subimage_B7	6545	0.34096692111959287	0.3919239904988123	0.17478510028653296	0.3543307086614173	0.4344262295081967	0.21079691516709512	0.3774104683195592	0.45558739255014324	0.26096896398038977	134.0	165.0	79.0	54.0	85.0	30.0
subimage_A7	8111	0.345952770952771	0.3987601982658145	0.16312056737588654	0.366412213740458	0.4492099322799097	0.18340611353711792	0.3758099352051836	0.47145002145002146	0.2516412635933976	156.0	191.0	77.0	76.0	110.0	34.0
subimage_H8	11577	0.34986945169712796	0.398782212612859	0.16052631578947368	0.36792452830188677	0.4426229508196721	0.1885245901639344	0.3819678073051386	0.4630363276356729	0.2487486694556526	144.0	172.0	73.0	69.0	98.0	29.0
subimage_G8	14275	0.34828617742410845	0.399174388063277	0.1580246913580247	0.3647342995169082	0.45012787723785164	0.1848101265822785	0.37389380530973454	0.47160493827160493	0.24574209245742093	153.0	190.0	78.0	76.0	111.0	36.0
subimage_F8	11095	0.34748010610079577	0.39186818397344714	0.12889420918749064	0.36363636363636365	0.4530386740331492	0.1827956989247312	0.3867924528301887	0.4919556171983355	0.2567997934239971	136.0	171.0	70.0	68.0	101.0	34.0
subimage_E8	8843	0.3415855221885825	0.390461073198537	0.134185303514377	0.35798816568047337	0.4593908629441624	0.18082191780821918	0.3769894322929467	0.4952978056426332	0.2640933654805453	132.0	169.0	67.0	64.0	102.0	37.0
subimage_D8	17056	0.3442123407736356	0.4099516821223853	0.15267175572519084	0.36428571428571427	0.4597156398104265	0.17543859649122806	0.37259615384615385	0.4817073170731707	0.24184707405258224	147.0	187.0	71.0	77.0	115.0	39.0
subimage_C8	7886	0.3489579240211873	0.3862216960189433	0.1510456004531722	0.3626373626373626	0.4543010752688172	0.18328840970350405	0.3776595744680851	0.47512191960596883	0.2630500261917234	140.0	175.0	70.0	68.0	104.0	35.0
subimage_B8	7751	0.3429287983225985	0.3950892857142857	0.15053763440860216	0.36151603498542273	0.4593908629441624	0.17777777777777778	0.37467700258397935	0.4807692307692308	0.2572988769517529	139.0	176.0	67.0	69.0	106.0	37.0
subimage_A8	4540	0.33962264150943394	0.37968788324748587	0.18867020314666347	0.35392102464511954	0.41620111731843573	0.22946517770387703	0.37383177570093457	0.45075230782503667	0.27451488367367677	130.0	154.0	84.0	46.0	69.0	23.0
subimage_H9	18259	0.34302172178928636	0.40522875816993464	0.16284395526362508	0.365296803652968	0.45251396648044695	0.1822429906542056	0.37284369114877586	0.4692737430167598	0.245866759679107	147.0	183.0	73.0	74.0	109.0	35.0
subimage_G9	10149	0.34916201117318435	0.3931034482758621	0.16666666666666666	0.3706896551724138	0.43942992874109266	0.1895734597156398	0.3804878048780488	0.4628876642645189	0.2556645052945841	156.0	184.0	79.0	75.0	103.0	28.0
subimage_F9	12596	0.34545454545454546	0.39952153110047844	0.15471987842137758	0.3646112600536193	0.457002457002457	0.17761557177615572	0.37464788732394366	0.47720364741641336	0.2506157748093232	144.0	181.0	70.0	74.0	110.0	37.0
subimage_E9	7048	0.3432283554741182	0.38666666666666666	0.14041804835645988	0.358974358974359	0.449438202247191	0.19166666666666668	0.38079830053667263	0.484149855907781	0.2646182181889149	134.0	168.0	71.0	62.0	95.0	34.0
subimage_D9	8238	0.34594594594594597	0.39275575066819923	0.1503957783641161	0.36363636363636365	0.4623115577889447	0.17318435754189945	0.37532133676092544	0.481994459833795	0.2574922608953134	141.0	179.0	66.0	72.0	109.0	38.0
subimage_C9	10789	0.3431372549019608	0.38123563218390805	0.15027322404371585	0.3593314763231198	0.4592391304347826	0.18005540166204986	0.3719806763285024	0.48476454293628807	0.2752525729392881	138.0	176.0	69.0	67.0	106.0	38.0
subimage_B9	14906	0.34634463922764225	0.3972911963882618	0.1511627906976744	0.3626943005181347	0.4584323040380047	0.17737789203084833	0.3743455497382199	0.48360655737704916	0.25249150261306924	144.0	181.0	71.0	73.0	111.0	38.0
subimage_A9	9587	0.3448275862068966	0.38793000250742116	0.14745308310991956	0.36175710594315247	0.4599483204134367	0.17884130982367757	0.37371134020618557	0.4854111405835544	0.25776403207331033	139.0	177.0	68.0	70.0	106.0	38.0
subimage_H10	9728	0.345372460496614	0.39012345679012345	0.15692307692307692	0.36553524804177545	0.44696969696969696	0.18781725888324874	0.37765394999035806	0.4755244755244755	0.25940310350908125	141.0	169.0	71.0	65.0	95.0	30.0
subimage_G10	14997	0.34607560436931567	0.39387205317699514	0.10846640800490095	0.36578947368421055	0.4623376623376623	0.17121588089330025	0.3881019830028329	0.5081967213114754	0.25688798636544946	136.0	171.0	64.0	72.0	108.0	35.0
subimage_F10	3331	0.3460450510200005	0.37470935094221547	0.22358579214433377	0.35656836461126007	0.4005524861878453	0.2430167597765363	0.37084398976982097	0.41353499149198075	0.2728241907346385	132.0	148.0	90.0	42.0	58.0	16.0
subimage_E10	7902	0.34864328838232805	0.3877162493999483	0.12297734627831715	0.3602150537634409	0.4540682414698163	0.18666666666666668	0.38064516129032255	0.5	0.2610484988452656	133.0	168.0	69.0	64.0	99.0	35.0
subimage_D10	16534	0.3470818503464398	0.4008776981179158	0.1590909090909091	0.3645320197044335	0.44930875576036866	0.18625277161862527	0.3724604966139955	0.4752186588921283	0.2483709538531035	153.0	189.0	79.0	74.0	110.0	36.0
subimage_C10	7418	0.34460673675789955	0.3885350318471338	0.1608520295376511	0.360313315926893	0.4486705330959363	0.19035838786618553	0.378021978021978	0.47076023391812866	0.26215644820295986	144.0	177.0	75.0	66.0	99.0	35.0
subimage_B10	13561	0.3460559796437659	0.3981264637002342	0.11920529801324503	0.3643835616438356	0.4604904632152589	0.17422434367541767	0.38127090301003347	0.5046439628482973	0.25203252032520324	143.0	179.0	68.0	74.0	111.0	37.0
subimage_A10	3738	0.3434301809301809	0.3822059620596206	0.1755717418546366	0.3602941176470588	0.42930591259640105	0.20971867007672634	0.3772455089820359	0.4572406288222174	0.26825586417253755	135.0	161.0	79.0	56.0	82.0	26.0
subimage_H11	4577	0.33229813664596275	0.38595639584397884	0.20104169470539152	0.35278514588859416	0.424	0.22404371584699453	0.36666666666666664	0.4506254061078622	0.2670299110944376	133.0	157.0	84.0	45.0	72.0	27.0
subimage_G11	8004	0.3548387096774194	0.3821138211382114	0.1746031746031746	0.37248758943239046	0.4313304721030043	0.1957894736842105	0.38228941684665224	0.45268542199488493	0.2594038151579022	170.0	194.0	88.0	77.0	103.0	26.0
subimage_F11	17007	0.34673366834170855	0.3917748917748918	0.1559952696108115	0.36523929471032746	0.45145631067961167	0.18269230769230768	0.37341772151898733	0.4783950617283951	0.25436327888687227	149.0	184.0	75.0	74.0	110.0	35.0
subimage_E11	9215	0.3438633249147763	0.3485915492957746	0.15281007751937986	0.36257309941520466	0.43820224719101125	0.2	0.3892618125094348	0.4670846394984326	0.2806005845150498	137.0	165.0	75.0	60.0	88.0	28.0
subimage_D11	16297	0.34794520547945207	0.4	0.1569620253164557	0.36609336609336607	0.45232273838630804	0.18160377358490565	0.3732394366197183	0.4741766678156237	0.24792349726775953	151.0	187.0	75.0	76.0	112.0	36.0
subimage_C11	18565	0.3462603878116344	0.4033018867924528	0.14775725593667546	0.3663663663663664	0.45569620253164556	0.17899761336515513	0.37530151317340815	0.4837521174477696	0.24650223161851068	147.0	183.0	71.0	75.0	110.0	36.0
subimage_B11	9330	0.34853996958135697	0.39673869206060003	0.1374012106944678	0.3629441624365482	0.4585635359116022	0.17765042979942694	0.37880748663101604	0.49216300940438873	0.2524590322144801	134.0	170.0	67.0	68.0	103.0	36.0
subimage_A11	3098	0.335049568908693	0.38106712033902107	0.20058014593189843	0.35338001591031026	0.41645244215938304	0.23308521936570717	0.3717948717948718	0.4354068503080826	0.2741634723996815	130.0	155.0	85.0	43.0	65.0	23.0
subimage_H12	6159	0.34615384615384615	0.3856155245603396	0.16905444126074498	0.36363636363636365	0.42934782608695654	0.2051948051948052	0.37678068548664057	0.4569748891228742	0.26566779267008095	149.0	174.0	85.0	64.0	91.0	26.0
subimage_G12	20298	0.3485714285714286	0.40559440559440557	0.1618798955613577	0.3669950738916256	0.45363408521303256	0.17955112219451372	0.3738095238095238	0.47093023255813954	0.23974082073434125	147.0	181.0	72.0	75.0	109.0	34.0
subimage_F12	9684	0.35001450676982593	0.3964757709251101	0.16210487295275325	0.36961451247165533	0.4457274826789838	0.18435048812143784	0.3769434459621375	0.4688427299703264	0.25169838722005655	156.0	188.0	77.0	76.0	107.0	32.0
subimage_E12	3892	0.3425	0.386625	0.19161676646706588	0.3604493603075566	0.425	0.21219835673157794	0.37597911227154046	0.45296380090497734	0.26218097447795824	137.0	160.0	81.0	55.0	80.0	24.0
subimage_D12	5172	0.345831217299902	0.38675062738172694	0.17065868263473055	0.36341463414634145	0.4327049928962858	0.20441988950276244	0.38082901554404147	0.45739846214511043	0.2597536945812808	138.0	163.0	77.0	61.0	86.0	27.0
subimage_C12	16589	0.34927632822369664	0.40202244265666903	0.1556122448979592	0.368	0.4577114427860697	0.17468354430379746	0.3756345177664975	0.4746268656716418	0.24571549355315978	146.0	181.0	69.0	76.0	110.0	35.0
subimage_B12	16497	0.3483483483483483	0.40271493212669685	0.15736040609137056	0.3661616161616162	0.456359102244389	0.17721518987341772	0.37410410495133306	0.4746666666666667	0.24664862408881683	145.0	180.0	69.0	74.0	108.0	35.0
subimage_A12	7532	0.34769717064544653	0.342809364548495	0.17886568619484847	0.3647260273972603	0.4270557029177719	0.20821114369501467	0.3818006686833307	0.4553314121037464	0.293915687426557	153.0	175.0	84.0	58.0	85.0	24.0