subimage	all_plant_pixels	ratio_r_q5	ratio_g_q5	ratio_b_q5	ratio_r_median	ratio_g_median	ratio_b_median	ratio_r_q95	ratio_g_q95	ratio_b_q95	pix_r_median	pix_g_median	pix_b_	diff_rb_median	diff_gb_median	diff_gr_median
subimage_H1	11535	0.3390345240529252	0.40288192628635094	0.17897727272727273	0.3531073446327684	0.4523809523809524	0.193717277486911	0.3602197018995383	0.4653179190751445	0.25197339246119727	128.0	164.0	69.0	58.0	95.0	36.0
subimage_G1	5248	0.33078880407124683	0.39098367957809216	0.2043343653250774	0.34210526315789475	0.4265536723163842	0.23011363636363635	0.36061381074168797	0.44904458598726116	0.2704648332001977	121.0	150.0	81.0	40.0	69.0	30.0
subimage_F1	7941	0.34124629080118696	0.392	0.19083969465648856	0.3559322033898305	0.43552311435523117	0.20903954802259886	0.36523929471032746	0.4517133956386293	0.25721153846153844	138.0	168.0	80.0	55.0	84.0	30.0
subimage_E1	9078	0.3357487922705314	0.40046757090814467	0.1824525841631105	0.34705882352941175	0.45288753799392095	0.2	0.35714285714285715	0.4664310954063604	0.25800605268587934	122.0	159.0	69.0	51.0	86.0	36.0
subimage_D1	9018	0.3372324492130058	0.3893924227544005	0.18452380952380953	0.3469387755102041	0.44473684210526315	0.20670391061452514	0.36103896103896105	0.4662576687116564	0.264521249359959	123.0	159.0	73.0	50.0	85.0	35.0
subimage_C1	2727	0.3560371517027864	0.34316770186335405	0.25544300328827185	0.3685064935064935	0.3476923076923077	0.2837209302325581	0.3891028641643018	0.35555555555555557	0.29969741350724	238.0	223.0	183.0	54.0	41.0	-13.0
subimage_B1	4369	0.32848837209302323	0.3891445402544182	0.20612813370473537	0.3438395415472779	0.4305177111716621	0.22530864197530864	0.35714285714285715	0.44982698961937717	0.27183497566762704	119.0	147.0	77.0	38.0	68.0	29.0
subimage_A1	7184	0.3377713051166505	0.3989521711340486	0.17737789203084833	0.35659881304490715	0.4470899470899471	0.1960541040237435	0.36724565756823824	0.4617924328670885	0.25591826716573596	134.0	168.0	73.0	57.0	89.0	33.0
subimage_H2	12122	0.3389261744966443	0.3935518188057653	0.1787709497206704	0.3493697367724167	0.45161290322580644	0.1977077363896848	0.3605263157894737	0.4684385382059801	0.2597402597402597	124.0	161.0	70.0	51.0	86.0	35.0
subimage_G2	6476	0.3379863936308956	0.38962556306306306	0.1702127659574468	0.34894725177304964	0.4444444444444444	0.20850096403467488	0.36363636363636365	0.47356811145510835	0.2629237698566447	125.0	159.0	74.0	50.0	84.0	34.0
subimage_F2	10974	0.33858267716535434	0.4022133623293464	0.18028169014084508	0.34805194805194806	0.4526627218934911	0.19888728972251885	0.3584905660377358	0.46853916523727845	0.2542935192731444	125.0	162.0	71.0	53.0	89.0	37.0
subimage_E2	9615	0.34138813317787275	0.3932679729368574	0.1838628807619732	0.35344827586206895	0.4458128078817734	0.2	0.36386138613861385	0.4605012189875233	0.25928367928367924	140.0	176.0	79.0	60.0	96.0	36.0
subimage_D2	12499	0.3425925925925926	0.39751081059831744	0.18204488778054864	0.3553299492385787	0.44607843137254904	0.1988472622478386	0.36507936507936506	0.46153846153846156	0.2520930203798969	143.0	179.0	79.0	62.0	97.0	36.0
subimage_C2	8601	0.344311377245509	0.39588100686498856	0.18154761904761904	0.35678391959798994	0.44522144522144524	0.19866071428571427	0.36682242990654207	0.45691906005221933	0.2549407114624506	143.0	178.0	78.0	62.0	94.0	35.0
subimage_B2	11433	0.3393876589731512	0.40518885201505045	0.18005540166204986	0.3525	0.44974874371859297	0.19696969696969696	0.3627450980392157	0.46537396121883656	0.24944812362030905	135.0	172.0	75.0	59.0	95.0	37.0
subimage_A2	8434	0.34277620396600567	0.39816192050173743	0.18493150684931506	0.3595166163141994	0.4407158836689038	0.19823788546255505	0.36936936936936937	0.4583333333333333	0.25331354049648197	152.0	185.0	83.0	63.0	96.0	33.0
subimage_H3	9937	0.3381135797829865	0.39576432530790356	0.17562896263321193	0.3485254691689008	0.4535211267605634	0.1977401129943503	0.3597733711048159	0.471875	0.25559369636448737	127.0	163.0	71.0	52.0	89.0	37.0
subimage_G3	11723	0.3408450704225352	0.3788470010166045	0.174496644295302	0.35405405405405405	0.449468085106383	0.19664268585131894	0.36561743341404357	0.46938775510204084	0.269811320754717	132.0	167.0	73.0	55.0	89.0	35.0
subimage_F3	10589	0.33905510705510705	0.4017937762012254	0.18042813455657492	0.34971098265895956	0.45	0.19843342036553524	0.3603502944285067	0.4677871148459384	0.2524713418087371	130.0	167.0	73.0	55.0	92.0	37.0
subimage_E3	10593	0.3391304347826087	0.39459442970013114	0.17777777777777778	0.35281837160751567	0.44686648501362397	0.19839142091152814	0.36533333333333334	0.46875	0.25537249467498135	135.0	171.0	75.0	59.0	95.0	36.0
subimage_D3	8136	0.34065934065934067	0.38117143217029853	0.16013071895424835	0.3498542274052478	0.4441176470588235	0.20718232044198895	0.3685897435897436	0.4781021897810219	0.2682534282424369	121.0	154.0	72.0	49.0	83.0	33.0
subimage_C3	7982	0.3452914798206278	0.36844059405940593	0.17990654205607476	0.36384439359267734	0.4375	0.19743039506988003	0.37606837606837606	0.4542857142857143	0.27344267821094054	158.0	184.0	84.0	66.0	96.0	31.0
subimage_B3	9075	0.34416816246084536	0.3793103448275862	0.18337408312958436	0.35786802030456855	0.4419889502762431	0.2	0.36930455635491605	0.4563998211091234	0.27350427350427353	151.0	182.0	82.0	62.0	96.0	34.0
subimage_A3	7596	0.3383010762212676	0.3801745684605171	0.18012422360248448	0.3490566037735849	0.44321329639889195	0.2084507042253521	0.3654320987654321	0.46864686468646866	0.2638888888888889	121.0	153.0	72.0	48.0	81.0	33.0
subimage_H4	8865	0.3405994550408719	0.39863633565228096	0.17355371900826447	0.3492537313432836	0.45614035087719296	0.19461077844311378	0.3605510177049759	0.47181008902077154	0.25267529113134857	124.0	161.0	68.0	53.0	90.0	37.0
subimage_G4	12324	0.3363914373088685	0.4074074074074074	0.1757188498402556	0.3471337579617834	0.45588235294117646	0.19714285714285715	0.3581267217630854	0.47368421052631576	0.2494172494172494	121.0	158.0	67.0	51.0	88.0	37.0
subimage_F4	8803	0.3474264705882353	0.3824130879345603	0.16863905325443787	0.35903614457831323	0.44243792325056436	0.1986754966887417	0.3717277486910995	0.46276265362759345	0.26639344262295084	145.0	179.0	82.0	64.0	98.0	33.0
subimage_E4	4971	0.34025974025974026	0.3683597104649736	0.21212121212121213	0.3542319749216301	0.4110787172011662	0.23493975903614459	0.38311688311688313	0.42953020134228187	0.27140201805629316	120.0	139.0	79.0	41.0	60.0	20.0
subimage_D4	10115	0.3405994550408719	0.39843086549819623	0.1772548707331316	0.3505747126436782	0.45112781954887216	0.19642857142857142	0.3632452830188678	0.46619217081850534	0.2553191489361702	129.0	165.0	73.0	54.0	91.0	36.0
subimage_C4	7838	0.34	0.4029022684397	0.1552346570397112	0.3508771929824561	0.4492753623188406	0.20056901882699563	0.36482084690553745	0.4843205574912892	0.24830699774266365	122.0	157.0	71.0	53.0	88.0	35.0
subimage_B4	10551	0.3374651414699352	0.3865336658354115	0.16358024691358025	0.351981351981352	0.4472934472934473	0.20234604105571846	0.36477987421383645	0.4740484429065744	0.26506024096385544	126.0	160.0	73.0	51.0	85.0	34.0
subimage_A4	2902	0.32673590888500614	0.38218786249077297	0.2444562647754137	0.3360772357723577	0.40132679105791236	0.2623456790123457	0.35231316725978645	0.41366357761248623	0.28254847645429365	107.0	128.0	83.5	24.0	44.0	21.0
subimage_H5	9353	0.3379501385041551	0.4	0.17665615141955837	0.34933333333333333	0.4529262086513995	0.19540229885057472	0.36198388009049776	0.4723926380368098	0.2545158417697787	127.0	165.0	71.0	55.0	93.0	37.0
subimage_G5	5103	0.3433768039189726	0.3899547591498056	0.1906366545559539	0.35962145110410093	0.4221556886227545	0.21584699453551912	0.3787375415282392	0.44412607449856734	0.2606428041935825	127.0	150.0	75.0	50.0	69.0	22.0
subimage_F5	11380	0.3425678778685445	0.40290869069612045	0.17318435754189945	0.3532608695652174	0.45326440920282757	0.192	0.36405584425488335	0.4690265486725664	0.24891774891774893	132.0	169.0	72.0	59.0	95.0	37.0
subimage_E5	9402	0.33866666666666667	0.3844444444444444	0.1546069587628866	0.34890965732087226	0.4441176470588235	0.2080745341614907	0.36227544910179643	0.4886694496273573	0.26651480637813213	121.0	155.0	73.0	49.0	82.0	33.0
subimage_D5	9553	0.33916542975623937	0.3862675996964843	0.1590909090909091	0.34908136482939633	0.44857142857142857	0.20249221183800623	0.36419753086419754	0.4874551971326165	0.265453949524746	120.0	154.0	69.0	49.0	82.0	33.0
subimage_C5	10709	0.3403229354569053	0.3982494529540481	0.1787878787878788	0.3508771929824561	0.45054945054945056	0.19704433497536947	0.36406183612772497	0.4682080924855491	0.2535411521260263	132.0	168.0	74.0	57.0	94.0	37.0
subimage_B5	8449	0.34210526315789475	0.39215686274509803	0.17671832853289446	0.36075949367088606	0.44258373205741625	0.1963470319634703	0.372330269638958	0.46153846153846156	0.2563885267275097	150.0	182.0	81.0	64.0	95.0	33.0
subimage_A5	7564	0.3380281690140845	0.40141616120078133	0.16765243902439023	0.3492957746478873	0.4472843450479233	0.203125	0.36042402826855124	0.4754601226993865	0.254320987654321	122.0	157.0	71.0	51.0	84.0	34.0
subimage_H6	11072	0.339793756369683	0.40210195068089805	0.17479725399783444	0.35174418604651164	0.4577114427860697	0.18926553672316385	0.3646342493184395	0.47262247838616717	0.25	130.0	168.0	69.0	58.0	97.0	38.0
subimage_G6	10666	0.3333333333333333	0.4051826278803726	0.17647058823529413	0.3473389355742297	0.45549738219895286	0.19599659426701616	0.3609586115242224	0.4761548331907613	0.25228386657590196	123.0	160.0	69.0	52.0	89.0	37.0
subimage_F6	12863	0.33962589459986986	0.40045819560979745	0.17717717717717718	0.35135135135135137	0.45454545454545453	0.19261213720316622	0.36385380808950085	0.4709480122324159	0.25118155808417236	132.0	170.0	72.0	59.0	96.0	38.0
subimage_E6	14009	0.33783783783783783	0.4074991680845854	0.1813031161473088	0.3511450381679389	0.4502923976608187	0.19733333333333333	0.3627684964200477	0.46742209631728043	0.24699078509589417	134.0	171.0	75.0	58.0	95.0	38.0
subimage_D6	5319	0.33869946917109023	0.395024144926708	0.18562874251497005	0.3492063492063492	0.4398826979472141	0.21220930232558138	0.36666666666666664	0.4551282051282051	0.2558249752011462	121.0	152.0	73.0	47.0	79.0	31.0
subimage_C6	7301	0.3375	0.3893280632411067	0.18	0.3542234332425068	0.4475703324808184	0.2	0.3646723646723647	0.4623955431754875	0.2618556701030928	132.0	167.0	73.0	57.0	89.0	35.0
subimage_B6	8524	0.3448275862068966	0.39388682745825604	0.18072289156626506	0.35958005249343833	0.4410112359550562	0.20095693779904306	0.3763117200217037	0.45251396648044695	0.24937655860349128	144.0	174.0	78.0	62.0	92.0	32.0
subimage_A6	8534	0.3387096774193548	0.3971916546005002	0.17603911980440098	0.36009732360097324	0.44746801596116664	0.19194312796208532	0.36982968369829683	0.45979899497487436	0.25743311565199073	145.0	179.0	76.0	66.0	100.0	34.0
subimage_H7	8967	0.3399652605459057	0.3687626029375415	0.19186046511627908	0.36065573770491804	0.42685851318944845	0.21265822784810126	0.3765751759840904	0.4429347826086957	0.27218577018514983	136.0	162.0	80.0	55.0	78.0	26.0
subimage_G7	4655	0.34278131479804913	0.3832519982062307	0.19173124245342138	0.3582089552238806	0.43112244897959184	0.2111111111111111	0.37832832832832836	0.44510385756676557	0.26331878676171633	136.0	162.0	79.0	53.0	82.0	27.0
subimage_F7	5517	0.34430268709749057	0.3890076526888671	0.18421052631578946	0.3621495327102804	0.43670886075949367	0.2016348773841962	0.37579617834394907	0.45143157105361825	0.2601250058743362	156.0	183.0	85.0	66.0	96.0	31.0
subimage_E7	6316	0.33436295086326423	0.38618982587913964	0.16615143477212443	0.3453038674033149	0.44571428571428573	0.21083479216009338	0.3632913873269896	0.4735099337748344	0.2694544111439426	117.0	151.0	72.0	46.0	80.0	34.0
subimage_D7	9451	0.34174534604079454	0.3836734693877551	0.15517241379310345	0.35294117647058826	0.4476744186046512	0.2	0.36976140938690594	0.4790646843195738	0.26960147984682287	127.0	162.0	71.0	53.0	87.0	34.0
subimage_C7	10743	0.34194888142409907	0.3851203501094092	0.142433234421365	0.352112676056338	0.4467455621301775	0.2018348623853211	0.37272727272727274	0.48943555593379007	0.2681903231903232	126.0	160.0	71.0	52.0	86.0	33.0
subimage_B7	9533	0.3412981218221438	0.4024422948467381	0.17801047120418848	0.3564102564102564	0.44959128065395093	0.19346049046321526	0.36516049448928695	0.4646153846153846	0.2513938595839129	140.0	177.0	75.0	62.0	98.0	36.0
subimage_A7	10418	0.3348184786028949	0.39616737954496384	0.17644628099173554	0.34916201117318435	0.45706371191135736	0.19420289855072465	0.3585434173669468	0.4717681910939795	0.2606878662437503	124.0	161.0	67.0	52.0	89.0	37.0
subimage_H8	7745	0.34831460674157305	0.3921971252566735	0.17777777777777778	0.3684210526315789	0.4376321353065539	0.193359375	0.3782051282051282	0.4550408719346049	0.2531954546906782	168.0	195.0	87.0	72.0	101.0	30.0
subimage_G8	8062	0.3317096289446307	0.4067818853151831	0.17063492063492064	0.34579439252336447	0.45	0.20448179271708683	0.35652076428153634	0.48046875	0.25056146572104004	112.0	146.0	66.0	46.0	79.0	34.0
subimage_F8	9987	0.34293948126801155	0.4009039791499928	0.1769292637657249	0.3548387096774194	0.44974874371859297	0.1941031941031941	0.3654320987654321	0.46481888271525174	0.2509104162631129	135.0	170.0	74.0	59.0	94.0	35.0
subimage_E8	11360	0.34253974690388095	0.40204055668068756	0.17882174688057043	0.3567637950450451	0.4447513812154696	0.1977336928608115	0.3669064748201439	0.4636118598382749	0.25050567789698225	143.0	178.0	79.0	63.0	97.0	35.0
subimage_D8	7436	0.34017595307917886	0.39638613556609004	0.1842818428184282	0.35294117647058826	0.4419753086419753	0.20306130417805546	0.36464134049116625	0.4626038781163435	0.2579931506849315	137.0	173.0	79.0	58.0	93.5	34.0
subimage_C8	8860	0.3389109716410972	0.3810398821037119	0.18122977346278318	0.35195530726256985	0.44692737430167595	0.19943019943019943	0.3638968481375358	0.4659516494769951	0.2739742067947772	127.0	162.0	71.0	54.0	87.0	33.0
subimage_B8	10729	0.34210526315789475	0.39781175346392733	0.18114143920595532	0.3556701030927835	0.44686648501362397	0.19704433497536947	0.36553524804177545	0.46418338108882523	0.2536873783911959	141.0	177.0	77.0	61.0	95.0	36.0
subimage_A8	4474	0.3333333333333333	0.3953873991457048	0.19661016949152543	0.34472934472934474	0.4422535211267606	0.2122905027932961	0.35294117647058826	0.45581748211439993	0.2659846547314578	118.0	151.0	73.0	44.0	78.0	33.0
subimage_H9	6198	0.34704918032786886	0.35589878624580845	0.18969555035128804	0.36079545454545453	0.4274805699481865	0.21388888888888888	0.3820071845016756	0.4395290526171366	0.2868893717680713	151.0	171.0	83.0	54.0	79.0	26.0
subimage_G9	10016	0.3439153439153439	0.3874355606225835	0.17601530612244898	0.36363636363636365	0.44352617079889806	0.19344262295081968	0.37358110875073586	0.45977011494252873	0.26046817175849435	154.0	185.0	81.0	70.0	103.0	33.0
subimage_F9	10217	0.3407821229050279	0.34318555008210183	0.18571428571428572	0.35294117647058826	0.4357682619647355	0.21448467966573817	0.3668639053254438	0.4577922077922078	0.2967032967032967	127.0	159.0	77.0	49.0	80.0	31.0
subimage_E9	7239	0.3411283310316608	0.35913978494623655	0.18413597733711048	0.3560606060606061	0.44025157232704404	0.20588235294117646	0.3708627465249982	0.45528455284552843	0.28034473349099504	134.0	166.0	76.0	55.0	85.0	32.0
subimage_D9	6057	0.3415977961432507	0.3898452753549248	0.19173098853044568	0.349862258953168	0.436950146627566	0.21301775147928995	0.3596539031502462	0.45674740484429066	0.2613309060759539	126.0	157.0	76.0	48.0	80.0	31.0
subimage_C9	10489	0.34036144578313254	0.38215102974828374	0.1477792906697789	0.35247524752475246	0.44668587896253603	0.20273972602739726	0.36694226077527786	0.49169435215946844	0.2684248811297992	124.0	158.0	71.0	51.0	84.0	33.0
subimage_B9	7610	0.34285714285714286	0.370625594538638	0.16169443291634553	0.35294117647058826	0.44474765826272133	0.2047872340425532	0.3708735524005188	0.4735099337748344	0.27907384395370943	128.0	162.0	74.0	53.0	87.0	33.0
subimage_A9	8602	0.33590783474504404	0.40105540897097625	0.174607955632052	0.3480825958702065	0.4546663442940039	0.196875	0.36024844720496896	0.4729241877256318	0.2555030166634744	118.0	153.0	66.0	50.0	85.0	35.0
subimage_H10	1804	0.34932165437302426	0.34782608695652173	0.23487902744273806	0.3581081081081081	0.39238308720112514	0.2491349480968858	0.3783142175128085	0.40509575386547364	0.29209654686398867	106.0	117.0	73.0	32.0	42.0	10.0
subimage_G10	7135	0.3342776203966006	0.3891477418253223	0.18333333333333332	0.34415584415584416	0.44011976047904194	0.2161290322580645	0.3602693602693603	0.4634146341463415	0.2649350649350649	113.0	143.0	71.0	41.0	72.0	31.0
subimage_F10	8819	0.3439153439153439	0.3861726892756997	0.15253740245539044	0.3548387096774194	0.4450704225352113	0.20110192837465565	0.3738346163679232	0.4797318346383767	0.26348682146922026	134.0	167.0	75.0	57.0	91.0	34.0
subimage_E10	14732	0.3421828908554572	0.37802422902981564	0.15072463768115943	0.356353591160221	0.4444444444444444	0.20396600566572237	0.3769230769230769	0.4794520547945205	0.2653846153846154	129.0	161.0	72.0	53.0	84.0	32.0
subimage_D10	12590	0.3394683026584867	0.3991406109675726	0.1794871794871795	0.35294117647058826	0.4475703324808184	0.19887955182072828	0.36511627906976746	0.4676056338028169	0.25333333333333335	132.0	168.0	74.0	58.0	93.0	36.0
subimage_C10	10884	0.3484042553191489	0.3910246559482146	0.17889908256880735	0.36404494382022473	0.4420131291028446	0.19387755102040816	0.3706636815920398	0.45652173913043476	0.25486891385767796	160.0	194.0	84.0	73.0	105.0	33.0
subimage_B10	12569	0.34540389972144847	0.40164613243729425	0.18137254901960784	0.3598130841121495	0.44412607449856734	0.19607843137254902	0.36792452830188677	0.4582278481012658	0.24879158708825533	149.0	183.0	79.0	64.0	97.0	34.0
subimage_A10	10386	0.34226190476190477	0.3848293562708102	0.1624548736462094	0.3496143958868895	0.4470588235294118	0.20245398773006135	0.3615819209039548	0.48	0.2679400601619123	118.0	150.0	69.0	48.0	81.0	32.0
subimage_H11	9548	0.34651509223870713	0.3908514455225674	0.18181818181818182	0.363914373088685	0.44170403587443946	0.19373219373219372	0.3724137931034483	0.456973293768546	0.25597089314194577	156.0	189.0	82.0	70.0	101.0	32.0
subimage_G11	7548	0.3396867805646432	0.38807042814674064	0.1796116504854369	0.3598130841121495	0.43977591036414565	0.20127828146696072	0.37149532710280375	0.45891672164228337	0.26614481409001955	149.0	179.0	80.0	61.0	88.0	31.0
subimage_F11	8072	0.340553438471009	0.39644005238718893	0.1771117166212534	0.35400516795865633	0.44854881266490765	0.19812781120392547	0.36314363143631434	0.4653179190751445	0.25603140220230114	129.0	163.0	71.0	56.0	88.0	34.0
subimage_E11	3620	0.33027416996843023	0.35680859802847753	0.22185430463576158	0.34310850439882695	0.4107142857142857	0.24563938748605618	0.36239808419407304	0.4337748344370861	0.28879865172097857	113.0	136.0	80.0	33.0	54.0	22.0
subimage_D11	12426	0.3415411700975081	0.3954153605015674	0.1778975741239892	0.3561253561253561	0.44776119402985076	0.19672131147540983	0.3676072524005157	0.4631268436578171	0.2527902200925609	134.0	167.0	74.0	59.0	92.0	34.0
subimage_C11	10244	0.3485714285714286	0.3952138579982891	0.17034700315457413	0.3641456582633053	0.4424552429667519	0.19070336043668618	0.374492677562853	0.4666666666666667	0.2548058153950186	153.0	184.0	80.0	66.0	98.0	32.0
subimage_B11	8514	0.347953216374269	0.3875	0.17971014492753623	0.36616702355460384	0.4392935982339956	0.1942257217847769	0.37466312170329086	0.45542168674698796	0.25530595244562754	157.0	188.0	83.0	70.0	97.0	30.0
subimage_A11	9853	0.34036144578313254	0.3849617997460036	0.1532120796156486	0.35094339622641507	0.4403409090909091	0.21098265895953758	0.36419753086419754	0.4862852538275584	0.26825824964131995	119.0	150.0	71.0	46.0	77.0	31.0
subimage_H12	6260	0.33548387096774196	0.38514534902404385	0.21107266435986158	0.34735367831343067	0.42136498516320475	0.22887323943661972	0.36716534514925375	0.43986254295532645	0.26785714285714285	113.0	136.0	75.0	37.0	62.0	24.0
subimage_G12	9136	0.33762057877813506	0.38695398804094455	0.1896551724137931	0.35049888951503294	0.43526170798898073	0.21450151057401812	0.3685636856368564	0.45482866043613707	0.2597703920209721	121.0	150.0	72.5	46.0	75.0	30.0
subimage_F12	7143	0.3485379246161005	0.3864205939707213	0.18372888901254833	0.37181996086105673	0.42677824267782427	0.1994535519125683	0.38292335204411104	0.45288753799392095	0.2603550295857988	171.0	191.0	91.0	71.0	91.0	23.0
subimage_E12	5734	0.3419354838709677	0.39037680989735785	0.17936117936117937	0.35694050991501414	0.43731778425655976	0.20504731861198738	0.377489238410596	0.45132743362831856	0.2575265151515151	131.0	159.5	76.0	53.0	83.0	28.0
subimage_D12	10401	0.336322869955157	0.39101123595505616	0.17916666666666667	0.3507692307692308	0.445141065830721	0.20365535248041775	0.36428571428571427	0.47183098591549294	0.259765625	117.0	147.0	68.0	47.0	77.0	31.0
subimage_C12	6641	0.34	0.39433551198257083	0.18	0.35511363636363635	0.44477611940298506	0.2011173184357542	0.36538461538461536	0.4596100278551532	0.25925925925925924	128.0	160.0	71.0	54.0	86.0	32.0
subimage_B12	11198	0.34527687296416937	0.38626652748782186	0.1711229946524064	0.36127167630057805	0.4492753623188406	0.1895734597156398	0.3700787401574803	0.46520734167792993	0.26148381753312944	139.0	172.0	72.0	64.0	96.0	33.0
subimage_A12	10108	0.33850410066284686	0.3995118810235959	0.1746031746031746	0.3489736070381232	0.45132743362831856	0.19939577039274925	0.358974358974359	0.472	0.25545003020336926	115.0	146.0	64.0	46.0	78.0	32.0