subimage	all_plant_pixels	ratio_r_q5	ratio_g_q5	ratio_b_q5	ratio_r_median	ratio_g_median	ratio_b_median	ratio_r_q95	ratio_g_q95	ratio_b_q95	pix_r_median	pix_g_median	pix_b_	diff_rb_median	diff_gb_median	diff_gr_median
subimage_H1	538	0.35418882709506855	0.34248456414455486	0.25884167358987503	0.3580863121185702	0.34450651769087526	0.29770992366412213	0.3931451399077298	0.3489039465601966	0.3027950310559006	221.0	213.0	186.0	37.0	29.0	-9.0
subimage_G1	2781	0.3554119547657512	0.34234234234234234	0.24285714285714285	0.36260162601626017	0.3462157809983897	0.2914012738853503	0.4	0.35700197238658776	0.30120481927710846	220.0	209.0	178.0	44.0	34.0	-11.0
subimage_F1	1877	0.3552133355412044	0.35015201115721045	0.219842568778739	0.3656565656565657	0.37701612903225806	0.2595419847328244	0.37815126050420167	0.40614082969432314	0.2918825561312608	182.0	191.0	130.0	53.0	58.0	6.0
subimage_E1	2124	0.3538218020340926	0.3443396226415094	0.22154122524182404	0.3595301299025566	0.34987179412126285	0.28833333333333333	0.3684210526315789	0.41432902295416335	0.3001576093499321	211.0	205.0	170.0	42.0	36.0	-5.0
subimage_D1	739	0.35333333333333333	0.34716921556245023	0.20705665007061644	0.36065573770491804	0.38823529411764707	0.25313807531380755	0.3719528630596279	0.42308729006842216	0.2973017868366706	161.0	177.0	115.0	49.0	61.0	13.0
subimage_C1	3007	0.3541084206037056	0.34597875569044007	0.2	0.3647342995169082	0.38524590163934425	0.25405405405405407	0.3773668994876123	0.43116883116883115	0.2969163006650772	176.0	188.0	122.0	56.0	62.0	11.0
subimage_B1	973	0.35479728680163625	0.34437158469945356	0.2115474413190311	0.3689727463312369	0.37044534412955465	0.2591304347826087	0.39234727250256973	0.41263181263181264	0.2987555783041955	179.0	188.0	136.0	58.0	55.0	6.0
subimage_A1	753	0.3542009884678748	0.3425324675324675	0.2863448156382641	0.35691318327974275	0.34523809523809523	0.2975206611570248	0.36626916524701875	0.3482587064676617	0.3024390243902439	215.0	208.0	178.0	36.0	29.0	-7.0
subimage_H2	1884	0.35413153456998314	0.3466730872124131	0.2014953569683071	0.36363636363636365	0.3947939262472885	0.24232441375064925	0.3762101248266297	0.42409638554216866	0.2972907479369515	164.0	180.0	109.0	54.5	69.0	14.0
subimage_G2	6797	0.3431952662721893	0.349828145539623	0.18181818181818182	0.36	0.42378048780487804	0.22115384615384615	0.375	0.45051194539249145	0.28716562716562716	129.0	154.0	76.0	48.0	68.0	22.0
subimage_F2	1703	0.35457581438950087	0.34769403466312127	0.19896772662553394	0.36616702355460384	0.37678207739307534	0.25879396984924624	0.384385823787902	0.4231678486997636	0.2973856209150327	171.0	184.0	117.0	52.0	56.0	5.0
subimage_E2	3624	0.3540179988212359	0.36086981945533164	0.19240506329113924	0.3655030800821355	0.40044005731879706	0.23196473278530172	0.38372093023255816	0.43376623376623374	0.27601809954751133	167.0	182.0	106.0	60.0	76.0	15.0
subimage_D2	1068	0.35538467151953	0.34558547893854197	0.19550561797752808	0.36548246373584686	0.36774219854300316	0.26506024096385544	0.38326740974297513	0.42561252727369486	0.294948127925117	180.0	192.0	130.0	52.0	52.0	2.0
subimage_C2	4430	0.34931267605633803	0.3458083832335329	0.20967085195945603	0.3606684261280008	0.3917635191682047	0.25127021380857817	0.3742528611918344	0.4262734584450402	0.2966705338098807	151.0	169.0	105.0	50.0	58.0	13.0
subimage_B2	1399	0.35523942213355414	0.3442074801566866	0.21489909101829976	0.3639344262295082	0.3509933774834437	0.284329563812601	0.37881987190033417	0.41056684141546523	0.2987073298218809	215.0	208.0	166.0	48.0	39.0	-7.0
subimage_A2	2494	0.35424135343048346	0.34395973154362414	0.1813031161473088	0.36225043162601267	0.37763713080168776	0.25698194144468445	0.381079298543885	0.44644768457841855	0.2989864864864865	162.0	171.0	115.0	48.0	54.0	7.0
subimage_H3	1332	0.35182876782599776	0.345	0.19049329682779456	0.3595625149414296	0.41388888888888886	0.2239003109621713	0.37393472238949776	0.4415204678362573	0.2995008319467554	138.0	158.0	84.0	50.0	71.0	18.0
subimage_G3	3953	0.3544669643879538	0.3527454242928453	0.1688091658879454	0.3679727427597956	0.3944723618090452	0.23774509803921567	0.389937106918239	0.44551282051282054	0.28882935523169245	164.0	177.0	107.0	58.0	69.0	11.0
subimage_F3	2282	0.3464203233256351	0.344391785150079	0.20981748875396025	0.3565217391304348	0.36183600713012476	0.27772736438798146	0.36792261082988187	0.4251207729468599	0.3004694835680751	200.0	201.0	154.0	41.0	47.0	1.0
subimage_E3	1855	0.349242710606347	0.3474576271186441	0.21160801830264733	0.36298932384341637	0.38786279683377306	0.2574468085106383	0.3812835715009628	0.4225	0.29183097844347383	163.0	179.0	117.0	51.0	60.0	12.0
subimage_D3	2776	0.3543046357615894	0.34471544715447155	0.19794344473007713	0.3621681604325889	0.3651414593446602	0.27052238805970147	0.3795668208048305	0.4252577319587629	0.2990353697749196	189.0	188.0	138.5	47.0	49.0	0.0
subimage_C3	8361	0.34831460674157305	0.3548387096774194	0.19113573407202217	0.36175710594315247	0.42462311557788945	0.21306818181818182	0.3903420523138833	0.4463276836158192	0.2818181818181818	139.0	163.0	80.0	57.0	79.0	23.0
subimage_B3	2005	0.3549382716049383	0.3440396471872327	0.2046155069371745	0.3631484794275492	0.347068145800317	0.28885135135135137	0.37856046766532697	0.4181360201511335	0.29984544049459044	222.0	213.0	178.0	46.0	36.0	-6.0
subimage_A3	1395	0.34779298168174794	0.342443729903537	0.21314495254529767	0.3592814371257485	0.3811659192825112	0.261758691206544	0.3688763329619609	0.42506598240469207	0.3017656500802568	172.0	181.0	120.0	43.0	54.0	9.0
subimage_H4	1366	0.3553790998358626	0.342668863261944	0.27260170768458064	0.3657524628771713	0.3465253304991516	0.2876480541455161	0.3773743332794569	0.3503617507967513	0.3013191103824665	216.0	203.0	168.0	45.0	34.0	-11.0
subimage_G4	5483	0.34624263507030895	0.3484375	0.20051480826906598	0.36070381231671556	0.41379310344827586	0.22507122507122507	0.37730789776130275	0.4368131868131868	0.28860841470695864	139.0	160.0	85.0	51.0	71.0	20.0
subimage_F4	3557	0.35642879166809416	0.34882976744186045	0.20744884744884745	0.37362637362637363	0.39359267734553777	0.23008849557522124	0.3881932021466905	0.41686746987951806	0.2878688085377153	163.0	176.0	99.0	64.0	70.0	8.0
subimage_E4	4975	0.35315005727376864	0.3698808371950909	0.18911694404442003	0.36507936507936506	0.40714285714285714	0.22654462242562928	0.38011695906432746	0.43902439024390244	0.2707104191082092	155.0	173.0	95.0	58.0	76.0	16.0
subimage_D4	2090	0.35583162708257515	0.34535104364326374	0.19901047587614754	0.37018425460636517	0.35	0.27902946273830154	0.39036546200278593	0.42027895269481275	0.2968253968253968	213.0	203.0	164.0	53.0	42.0	-9.0
subimage_C4	9622	0.34705882352941175	0.3567367690025149	0.18888888888888888	0.36141304347826086	0.42857142857142855	0.21079691516709512	0.38461538461538464	0.4463073381773809	0.2819980735551663	138.0	163.0	79.0	56.0	79.0	25.0
subimage_B4	4012	0.35563750572267255	0.34996388443017656	0.18972482801751095	0.3661577777531223	0.3805668016194332	0.2547892720306513	0.3798449612403101	0.4313592020468756	0.2913421547318334	175.5	186.0	123.0	55.0	62.0	8.0
subimage_A4	1441	0.3539325842696629	0.35251798561151076	0.1928374655647383	0.3641160949868074	0.4	0.23608017817371937	0.37771739130434784	0.43243243243243246	0.2910714285714286	156.0	171.0	102.0	54.0	69.0	15.0
subimage_H5	2085	0.34837759291846637	0.34465360080439117	0.19090879989756396	0.3626373626373626	0.38823529411764707	0.2541966426858513	0.3768774703557312	0.43475942028985504	0.3	155.0	170.0	111.0	48.0	57.0	12.0
subimage_G5	5190	0.3510581613776454	0.3508771929824561	0.1973095001355871	0.3631578947368421	0.4107981220657277	0.22588533890713647	0.37530007534234755	0.4393530997304582	0.28593508500772796	150.0	171.0	92.0	55.0	71.0	18.0
subimage_F5	1776	0.3481790983183741	0.36073250338874224	0.20335538101143724	0.3576874636698314	0.4050495750708215	0.2378000378000378	0.36829268292682926	0.4346590909090909	0.281409804267325	142.0	161.0	94.0	47.0	65.0	18.0
subimage_E5	4983	0.35167464114832536	0.37815126050420167	0.18790723586835412	0.36492890995260663	0.4119170984455959	0.22141119221411193	0.3797020933977456	0.4361111111111111	0.26843732685852095	147.0	165.0	89.0	57.0	76.0	18.0
subimage_D5	1144	0.3486397440515287	0.34536082474226804	0.21340396665298034	0.36503856041131105	0.38232335187596167	0.26079498844059956	0.3858035843329961	0.4219883351007423	0.2926356644926577	171.0	183.5	125.0	55.0	57.0	9.0
subimage_C5	6618	0.3518005540166205	0.3508771929824561	0.1794871794871795	0.3651685393258427	0.40500617831845315	0.22727272727272727	0.3867595818815331	0.45045045045045046	0.2855067155067154	138.0	163.0	85.0	54.0	63.0	13.0
subimage_B5	4319	0.35384615384615387	0.34925864909390447	0.2	0.3668903803131991	0.41743119266055045	0.2154566744730679	0.38461538461538464	0.43333333333333335	0.2886178861788618	161.0	182.0	93.0	65.0	86.0	22.0
subimage_A5	1946	0.3544093178036606	0.34471544715447155	0.2097103805924233	0.3650346176289684	0.3651625669279118	0.27200067340620354	0.3778866640548272	0.4206232492997199	0.29946381166233194	190.0	189.0	139.0	49.0	46.0	-1.0
subimage_H6	1547	0.35194199344227334	0.34527687296416937	0.2	0.3613861386138614	0.368836291913215	0.2601626016260163	0.38444654785407145	0.4326951207841743	0.29850746268656714	166.0	181.0	122.0	50.0	52.0	3.0
subimage_G6	5346	0.35363711658193864	0.354463379720229	0.17464788732394365	0.36416184971098264	0.4201474201474201	0.21483375959079284	0.37628865979381443	0.4559158769890935	0.2869343734864734	150.0	171.0	87.0	60.0	83.0	21.0
subimage_F6	5206	0.3494897959183674	0.360146252285192	0.16433566433566432	0.3621851499501676	0.4402332361516035	0.19736842105263158	0.37753412623327476	0.46837060164646954	0.27754427431233514	123.0	150.0	66.0	53.0	79.0	25.0
subimage_E6	4898	0.3393316195372751	0.3835616438356164	0.19345091725214678	0.3542277040820685	0.4328767123287671	0.2125748502994012	0.3614888656261896	0.4506578947368421	0.2686230248306998	126.0	154.0	75.0	50.0	77.0	28.0
subimage_D6	3384	0.35419885056025757	0.34965034965034963	0.1951219512195122	0.36768149882903983	0.41103500761035006	0.22347681579054687	0.3746898263027295	0.4354066985645933	0.28967990622027345	162.0	184.0	98.0	62.0	81.0	20.0
subimage_C6	5871	0.3524027459954233	0.3492986825719342	0.17956656346749225	0.36363636363636365	0.4005037783375315	0.23697916666666666	0.38482384823848237	0.4412652931277573	0.28997528830313013	151.0	167.0	98.0	52.0	68.0	15.0
subimage_B6	3682	0.3543307086614173	0.34789404197527124	0.2033513097072419	0.36711711711711714	0.41013824884792627	0.2256173009998343	0.38054607508532423	0.4292565947242206	0.2897180965783073	161.0	183.0	99.0	63.0	80.0	20.0
subimage_A6	1158	0.3550459688144479	0.34242060606060604	0.21776616825797154	0.36228179234750835	0.346875	0.289195954581855	0.38328387296806476	0.4062127672442469	0.30104321907600595	222.0	214.0	182.0	46.0	36.0	-8.0
subimage_H7	1140	0.35478806907378335	0.34340222575516693	0.23378160838503478	0.36089030206677264	0.3469055374592834	0.29206656227932826	0.37074745517525115	0.39952746293718655	0.3003322889352301	223.0	214.0	182.0	43.0	34.0	-8.0
subimage_G7	7399	0.34355828220858897	0.3630831643002028	0.19322033898305085	0.35714285714285715	0.4267515923566879	0.21621621621621623	0.3752711496746204	0.44795976893768685	0.2760796698975085	121.0	146.0	73.0	48.0	71.0	24.0
subimage_F7	1432	0.3553804933681201	0.34340222575516693	0.22198972743940415	0.3737166324435318	0.3503500702591419	0.2743055555555556	0.3926905754795663	0.4	0.29874357191583145	203.0	194.0	152.0	55.0	42.0	-9.0
subimage_E7	2527	0.35568048156092164	0.34527687296416937	0.19321148825065274	0.3670668953687822	0.34941763727121466	0.2825278810408922	0.3863469659924427	0.42475728155339804	0.2968481648652224	204.0	198.0	163.0	49.0	39.0	-6.0
subimage_D7	5523	0.34521158129175944	0.3878504672897196	0.20689655172413793	0.3536977491961415	0.4228571428571429	0.22408963585434175	0.3654390934844193	0.43573667711598746	0.2591648710487149	123.0	148.0	78.0	44.0	68.0	24.0
subimage_C7	5272	0.3506787330316742	0.34925864909390447	0.182208395022208	0.36252615252193404	0.4143920595533499	0.225	0.3744186046511628	0.44537815126050423	0.2852482929032601	143.0	163.0	88.0	54.0	74.0	20.0
subimage_B7	2786	0.3508982793522267	0.34868421052631576	0.19895287958115182	0.3640661938534279	0.40758893754874315	0.23058823529411765	0.38273615635179153	0.43832020997375326	0.2873697351280938	155.0	176.0	98.0	60.0	75.0	19.0
subimage_A7	3663	0.35464037401102855	0.34576271186440677	0.1975609756097561	0.36594202898550726	0.3894736842105263	0.24719101123595505	0.38181818181818183	0.42758459555269096	0.2976588628762542	169.0	183.0	112.0	54.0	65.0	11.0
subimage_H8	1029	0.3512722478576137	0.3545229444842987	0.20810810810810812	0.3611738148984199	0.39606126914660833	0.24311926605504589	0.369727047146402	0.4243243243243243	0.28913785864703406	162.0	178.0	109.0	53.0	69.0	16.0
subimage_G8	3266	0.35459994943648293	0.34923970486291395	0.1806324945110623	0.3691304415495479	0.3809038890505285	0.2491555262144468	0.38503784792688167	0.4441340782122905	0.2932819720032617	173.0	179.0	115.0	57.0	61.0	5.0
subimage_F8	3565	0.3502965036292044	0.34726688102893893	0.22705314009661837	0.3612662942271881	0.3705103969754253	0.2661596958174905	0.37524177949709864	0.4126984126984127	0.2953451043338684	191.0	193.0	137.0	47.0	53.0	2.0
subimage_E8	3756	0.35542168674698793	0.3478769585566031	0.20642201834862386	0.3739130434782609	0.38445807770961143	0.2478446674098848	0.38338088629749684	0.417793427230047	0.29038298093446013	173.0	187.0	116.0	63.0	62.0	6.0
subimage_D8	8220	0.34782608695652173	0.3655913978494624	0.17117117117117117	0.3591331269349845	0.4311377245508982	0.20958083832335328	0.380327868852459	0.46037387676508335	0.2723809523809524	125.0	150.0	72.0	52.0	76.0	24.0
subimage_C8	7135	0.3542116630669546	0.3502454991816694	0.17595307917888564	0.370757180156658	0.4033412887828162	0.22985781990521326	0.383248730964467	0.44571428571428573	0.28687196110210694	156.0	173.0	97.0	60.0	73.0	15.0
subimage_B8	2187	0.35267764902973614	0.34521880064829824	0.20533333333333334	0.3638888888888889	0.37322515212981744	0.2631578947368421	0.37397870053080695	0.43175487465181056	0.29656222766995427	181.0	184.0	128.0	50.0	53.0	3.0
subimage_A8	3130	0.3546462957063467	0.3453355155482815	0.18650539140176448	0.36451612903225805	0.3683168316831683	0.26698772126863834	0.38511652872528307	0.4300254452926209	0.296538203439558	177.0	184.0	129.0	49.0	49.0	4.0
subimage_H9	2078	0.35224586288416077	0.3440134907251265	0.1841229426997341	0.3605044243098606	0.39684671945701355	0.24393189584069752	0.37815126050420167	0.4411764705882353	0.29949238578680204	147.5	163.0	100.0	47.5	62.0	15.0
subimage_G9	5076	0.35216698649480427	0.3486088379705401	0.20699708454810495	0.3615938527383962	0.407091752731627	0.22509121101562404	0.3806146572104019	0.4293628808864266	0.2932003727038779	150.0	166.0	90.0	53.0	72.0	17.0
subimage_F9	3515	0.3545751633986928	0.3446676970633694	0.19100229487676212	0.3612403100775194	0.3520140105078809	0.28842832469775476	0.3822207074589201	0.4346686767169179	0.29823397255673245	200.0	197.0	162.0	44.0	36.0	-4.0
subimage_E9	3338	0.3547794117647059	0.3663003663003663	0.19656019656019655	0.3669064748201439	0.3964757709251101	0.23529411764705882	0.38340981435442273	0.42337076101002336	0.2767979117876659	172.0	186.0	111.0	62.0	76.0	13.0
subimage_D9	6535	0.35509279068914507	0.3494363929146538	0.18527918781725888	0.3674832962138085	0.37067209775967414	0.25942350332594233	0.38461538461538464	0.43271767810026385	0.2908496732026144	180.0	184.0	130.0	54.0	56.0	3.0
subimage_C9	4074	0.3542062111192407	0.3458528951486698	0.1895300751879699	0.3634920634920635	0.367112810707457	0.27192796405915587	0.38062068810028404	0.43370165745856354	0.2977535798093961	180.0	186.0	135.0	47.0	48.0	4.0
subimage_B9	3632	0.3544715447154472	0.34724540901502504	0.20082528316332274	0.3657456346409835	0.38127248201438846	0.25669642857142855	0.3770081135902637	0.4263742966198402	0.2945205479452055	172.0	182.0	121.5	53.0	58.0	8.0
subimage_A9	3072	0.3515625	0.3448275862068966	0.19398907103825136	0.3625661705606829	0.3970124868712802	0.24283843208214106	0.37275064267352187	0.4388888888888889	0.2976847460220318	158.5	176.0	105.0	52.0	67.0	17.0
subimage_H10	1664	0.35218508997429304	0.3440366972477064	0.2054770419201303	0.35926773455377575	0.34838709677419355	0.2803501841261092	0.3738431905228467	0.4244791666666667	0.300462249614792	217.0	211.0	172.0	48.0	42.0	-5.0
subimage_G10	4674	0.34747223845704267	0.3487261146496815	0.2	0.35789473684210527	0.42258830054105645	0.21782178217821782	0.3728813559322034	0.43733333333333335	0.29233226837060705	142.0	165.0	85.0	52.0	78.0	24.0
subimage_F10	1313	0.3543046357615894	0.3462174048363307	0.20309327411167513	0.3616636528028933	0.3813559322033898	0.25748502994011974	0.37945055769251373	0.41837643990436857	0.2988505747126437	179.0	188.0	125.0	50.0	60.0	8.0
subimage_E10	1900	0.3543159512125399	0.34455128205128205	0.18933333333333333	0.3610586011342155	0.3597332867076827	0.2779783393501805	0.38016528925619836	0.433159451543808	0.2992125984251969	196.0	195.0	149.5	45.0	44.0	-1.0
subimage_D10	4081	0.3548387096774194	0.35344827586206895	0.20099255583126552	0.3686200378071834	0.3781190019193858	0.25161290322580643	0.3826291079812207	0.4218362282878412	0.2879045996592845	178.0	185.0	123.0	58.0	61.0	5.0
subimage_C10	3217	0.35534469072479696	0.347537929595517	0.18527918781725888	0.36853448275862066	0.38767395626242546	0.24583333333333332	0.3867192484798167	0.42930591259640105	0.2933150371640938	178.0	190.0	120.0	61.0	68.0	11.0
subimage_B10	2336	0.35431654676258995	0.35270815928710664	0.19139103384674677	0.36618210332659773	0.39727573518043224	0.23665893271461716	0.38480392156862747	0.42464017618958994	0.2906868222464838	166.0	179.0	107.0	58.0	72.0	13.0
subimage_A10	2259	0.3514267121165169	0.3451178451178451	0.18549584758182708	0.3621908127208481	0.39373601789709173	0.24726477024070023	0.3765830837117918	0.4417979868101354	0.29666841186736476	157.0	174.0	107.0	49.0	64.0	16.0
subimage_H11	3042	0.3392334117471342	0.3466204506065858	0.19505021520803445	0.3554553112028984	0.415041782729805	0.23392712732500673	0.36734420309678834	0.44314868804664725	0.29622988512296855	130.0	154.0	85.0	43.0	66.0	21.0
subimage_G11	3885	0.3528147565725854	0.34672619047619047	0.1875	0.365296803652968	0.4099099099099099	0.2283653846153846	0.3780160857908847	0.44072164948453607	0.29402756508422667	161.0	183.0	100.0	58.0	78.0	21.0
subimage_F11	2471	0.35390946502057613	0.34513274336283184	0.2034313725490196	0.36147186147186144	0.40501043841336115	0.23265306122448978	0.3717948717948718	0.43132530120481927	0.2989457233521824	169.0	190.0	108.0	57.0	78.0	19.0
subimage_E11	1887	0.35500002945698983	0.34651898734177217	0.18717948717948718	0.36281179138321995	0.3788187372708758	0.25971370143149286	0.3847517039922103	0.42974536519991063	0.2941820859799319	173.0	184.0	124.0	49.0	57.0	8.0
subimage_D11	10068	0.3399038639819038	0.36608450388523606	0.19420722280625813	0.3536231884057971	0.4332344213649852	0.21597633136094674	0.3729460855921658	0.4472049689440994	0.2742183329520323	119.0	147.0	72.0	47.0	72.0	27.0
subimage_C11	3454	0.3547400611620795	0.3437803624813154	0.19120117039063686	0.3611111111111111	0.3644948990511522	0.2773851590106007	0.3804878048780488	0.4307832898172324	0.29892141756548535	190.0	195.0	146.0	46.0	46.0	3.0
subimage_B11	938	0.3541279195651812	0.3436055469953775	0.21491187809803564	0.36018957345971564	0.3655985940082404	0.27142407380791056	0.37374472884181625	0.4157539640869474	0.30139103554868624	174.0	189.0	129.0	43.0	42.5	2.0
subimage_A11	1016	0.3488167938931298	0.34262295081967215	0.19823759619677989	0.3588288867459552	0.38565022421524664	0.25930877401465635	0.3677829816460136	0.4375	0.30161951348492866	150.0	164.5	108.0	42.0	53.0	12.0
subimage_H12	881	0.35207823960880197	0.34465195246179964	0.2222222222222222	0.358974358974359	0.38137472283813745	0.25971370143149286	0.36893203883495146	0.41324921135646686	0.3006535947712418	162.0	172.0	114.0	41.0	52.0	8.0
subimage_G12	2815	0.3545129941334503	0.3474673044488069	0.1853611119615467	0.36650082918739635	0.3920704845814978	0.24439461883408073	0.3796025879204396	0.43956043956043955	0.2915492998782144	163.0	178.0	110.0	54.0	66.0	13.0
subimage_F12	1513	0.3468930258291241	0.3446153846153846	0.19009555785123966	0.3634782608695652	0.41371158392434987	0.22194513715710723	0.375	0.4411764705882353	0.2995199706010703	153.0	172.0	92.0	57.0	79.0	20.0
subimage_E12	1255	0.34637666582851395	0.3594306049822064	0.19011419922949918	0.3611111111111111	0.41277641277641275	0.22588235294117648	0.37309101352085566	0.4415954415954416	0.2838419099697295	142.0	163.0	88.0	53.0	72.0	20.0
subimage_D12	3181	0.3533190578158458	0.3475298126064736	0.1926829268292683	0.36515513126491644	0.4105504587155963	0.2243436754176611	0.3760217983651226	0.4325	0.2970639032815199	158.0	178.0	96.0	60.0	80.0	19.0
subimage_C12	1906	0.3524275840137677	0.3468108966488221	0.1933035824127156	0.36506180643348785	0.40255598301455375	0.23389898040497742	0.37873816332586935	0.4326923076923077	0.29526139982909966	165.0	184.0	104.0	60.0	77.0	19.0
subimage_B12	1008	0.3417532806874927	0.35880045803173233	0.19936708860759494	0.3597560975609756	0.40914315569487986	0.2325056433408578	0.36599707482060423	0.4388888888888889	0.2850109213826553	149.0	169.0	97.0	51.0	71.0	21.0
subimage_A12	416	0.3542009884678748	0.34004658385093167	0.25719290308380816	0.361198738170347	0.34235668789808915	0.2959590230151773	0.3928692159991346	0.35138199423913713	0.3050987997863789	221.0	211.0	184.0	39.0	28.0	-11.0