subimage	all_plant_pixels	ratio_r_q5	ratio_g_q5	ratio_b_q5	ratio_r_median	ratio_g_median	ratio_b_median	ratio_r_q95	ratio_g_q95	ratio_b_q95	pix_r_median	pix_g_median	pix_b_median	diff_rb_median	diff_gb_median	diff_gr_median
subimage_H1	14041	0.3285302593659942	0.39097744360902253	0.20125786163522014	0.33980582524271846	0.4370629370629371	0.22297297297297297	0.3539518900343643	0.45307443365695793	0.27170868347338933	107.0	136.0	69.0	36.0	65.0	30.0
subimage_G1	14668	0.3263157894736842	0.3983050847457627	0.20132013201320131	0.3356164383561644	0.43973941368078173	0.22302158273381295	0.35514018691588783	0.4554140127388535	0.2664756446991404	106.0	137.0	69.0	35.0	67.0	32.0
subimage_F1	2802	0.34305503793024683	0.3793103448275862	0.19209113886410945	0.36133384651570555	0.428169014084507	0.20952380952380953	0.37704170611390697	0.4433855060034305	0.27205478345184225	130.0	152.0	75.0	53.0	77.0	23.0
subimage_E1	10202	0.33210332103321033	0.3878092529804222	0.1987776795254412	0.3424242424242424	0.4397590361445783	0.21791044776119403	0.3559870550161812	0.4525993883792049	0.2743589743589744	115.0	147.0	72.0	41.0	73.0	32.0
subimage_D1	320	0.35375859361109463	0.3477166837958205	0.2321084145824502	0.35609756097560974	0.35175879396984927	0.2922358609735688	0.4042586025742054	0.36333333333333334	0.297423887587822	138.0	135.0	112.0	25.0	23.0	-2.0
subimage_C1	256	0.35383670383670385	0.34660421545667447	0.2892121606107968	0.35552713839158856	0.3507285845653251	0.2935560859188544	0.3585489036708549	0.3540963988511672	0.29867256637168144	145.0	143.5	120.0	25.0	23.0	-2.0
subimage_B1	9025	0.3310810810810811	0.38350844527197764	0.20186335403726707	0.3425	0.4273972602739726	0.22929936305732485	0.36085626911314983	0.44984802431610943	0.2762836185819071	116.0	144.0	76.0	37.0	66.0	28.0
subimage_A1	9714	0.3310344827586207	0.38258575197889183	0.18149004876762884	0.34153005464480873	0.4388059701492537	0.2206896551724138	0.3568904593639576	0.46715328467153283	0.2788556338028169	104.0	133.0	68.0	36.0	66.0	29.0
subimage_H2	19855	0.325	0.3942952154733627	0.20743034055727555	0.3356401384083045	0.43911439114391143	0.2225705329153605	0.35436383752173223	0.45454545454545453	0.2704626334519573	104.0	136.0	68.0	35.0	66.0	32.0
subimage_G2	3110	0.3363289298266877	0.38064516129032255	0.18893094465000376	0.3617021276595745	0.4263565891472868	0.21265822784810126	0.37249283667621774	0.44541628522022175	0.2699482979414744	140.0	166.0	82.0	58.0	83.0	25.0
subimage_F2	25293	0.32201290864249354	0.3956756545982726	0.20066889632107024	0.33653846153846156	0.440625	0.22185430463576158	0.35714285714285715	0.4584717607973422	0.2702702702702703	109.0	143.0	71.0	36.0	69.0	33.0
subimage_E2	12334	0.338805107662616	0.38672768878718533	0.18873239436619718	0.3549382716049383	0.4295942720763723	0.21662094791051584	0.3672495004282044	0.45187165775401067	0.2699260459512235	139.0	168.0	83.0	55.0	83.0	29.0
subimage_D2	2217	0.35077752598265216	0.3544006679620136	0.20740822401058318	0.3645320197044335	0.3775280898876405	0.2560646900269542	0.39217852887011156	0.41818181818181815	0.2865861032409647	153.0	160.0	106.0	45.0	51.0	3.0
subimage_C2	4958	0.3492063492063492	0.3458904109589041	0.19672131147540983	0.36387434554973824	0.38545980213525277	0.2520216220928965	0.3861671469740634	0.4355300859598854	0.2847113291642193	124.0	132.0	84.5	39.0	45.0	8.0
subimage_B2	18075	0.32879318046456224	0.3958333333333333	0.20437956204379562	0.3411371237458194	0.4358974358974359	0.2222222222222222	0.3548387096774194	0.4519230769230769	0.2660397916712066	116.0	147.0	75.0	39.0	71.0	32.0
subimage_A2	15134	0.3236363636363636	0.392	0.20504731861198738	0.3366013071895425	0.43252595155709345	0.23024054982817868	0.35542168674698793	0.449685534591195	0.27611940298507465	107.0	136.0	71.0	33.0	62.0	29.0
subimage_H3	10962	0.3322784810126582	0.3841118581804088	0.20195439739413681	0.3404255319148936	0.43854748603351956	0.22018348623853212	0.3507692307692308	0.4542678118027237	0.27804768675489444	115.0	147.0	73.0	39.0	72.0	33.0
subimage_G3	7158	0.33018531797606776	0.38804936058736345	0.2013888888888889	0.3373860182370821	0.43465045592705165	0.22713864306784662	0.35135135135135137	0.4566929133858268	0.27432987299193873	108.0	139.0	72.0	34.0	65.0	31.0
subimage_F3	8349	0.33055555555555555	0.3890686327659113	0.1894150417827298	0.34411764705882353	0.43714285714285717	0.21875	0.36074270557029176	0.4576271186440678	0.2714285714285714	119.0	150.0	75.0	42.0	74.0	32.0
subimage_E3	9895	0.3389830508474576	0.3812595315904139	0.1761137707687975	0.3572984749455338	0.4298850574712644	0.2103960396039604	0.36930455635491605	0.4637223974763407	0.2771618625277162	140.0	167.0	83.0	56.0	86.0	27.0
subimage_D3	3068	0.34786311223950067	0.3585048290476384	0.19936047458179007	0.36281127804074914	0.38742588675843415	0.25	0.3828125	0.4257122651040614	0.28328539411481823	141.0	152.0	96.0	43.0	53.0	9.0
subimage_C3	3504	0.33548702322160345	0.3542477145876986	0.2215568862275449	0.3569077700910498	0.3965265909319393	0.2492446854148982	0.3848764729476297	0.4232081911262799	0.28057254196642684	119.0	129.0	83.0	35.0	49.0	15.0
subimage_B3	8966	0.33249370277078083	0.3832599118942731	0.17747440273037543	0.35142118863049093	0.4265129682997118	0.2222222222222222	0.3693122878159185	0.4603174603174603	0.2731829573934837	120.0	146.0	77.0	43.0	69.0	26.0
subimage_A3	15622	0.3248175182481752	0.390745501285347	0.20915032679738563	0.3355263157894737	0.43217665615141954	0.23220973782771537	0.35526315789473684	0.44761904761904764	0.2717391304347826	106.0	135.0	72.0	31.0	60.0	29.0
subimage_H4	10742	0.32792207792207795	0.38694971694971697	0.21159420289855072	0.33676534245002165	0.43243243243243246	0.23026315789473684	0.3505747126436782	0.44876325088339225	0.2757731958762887	111.0	142.0	75.0	34.0	64.0	31.0
subimage_G4	13521	0.3250883392226148	0.3974358974358974	0.20253164556962025	0.33620689655172414	0.44126074498567336	0.2226027397260274	0.3556701030927835	0.45714285714285713	0.2678062678062678	109.0	143.0	71.0	36.0	69.0	33.0
subimage_F4	15009	0.3269230769230769	0.39357568479960126	0.1945392491467577	0.3395638629283489	0.4384858044164038	0.22126436781609196	0.35802469135802467	0.45794392523364486	0.2713108770466159	113.0	145.0	72.0	38.0	71.0	33.0
subimage_E4	16118	0.326007326007326	0.3902274964453681	0.20655737704918034	0.3356164383561644	0.43729903536977494	0.2245508982035928	0.3543307086614173	0.45422535211267606	0.27293577981651373	112.0	145.0	74.0	36.0	69.0	33.0
subimage_D4	117	0.35464924453126395	0.3461122661122661	0.22008889872553902	0.3667296786389414	0.35207823960880197	0.2814207650273224	0.42047845940043677	0.3605128554865989	0.29761053835714746	158.0	151.0	121.0	42.0	34.0	-8.0
subimage_C4	116	0.35467358759462886	0.3455280139415502	0.2665722379603399	0.36387101501405483	0.35012292433056075	0.28695587763265107	0.3806547619047619	0.35598893125426817	0.2965500797398293	147.0	140.5	115.5	33.0	27.0	-6.0
subimage_B4	4567	0.33941309765250954	0.3802704303197789	0.17609163484901075	0.3583815028901734	0.4273255813953488	0.21428571428571427	0.375366568914956	0.45975968861059396	0.27334396355353074	132.0	156.0	79.0	52.0	77.0	25.0
subimage_A4	8842	0.33940774487471526	0.3883261051697797	0.175	0.35127478753541075	0.425414364640884	0.22292007651199935	0.36977491961414793	0.4602076124567474	0.2686547316608447	121.0	147.0	77.0	44.0	70.0	26.0
subimage_H5	14086	0.3276283618581907	0.3951612903225806	0.20579011137518058	0.3379501385041551	0.4401294498381877	0.22033898305084745	0.3523035230352303	0.45364238410596025	0.269134173751588	109.0	142.0	71.0	38.0	70.0	33.0
subimage_G5	5150	0.336	0.38692349317349317	0.18657695487576695	0.3462568088928973	0.43342036553524804	0.21794871794871795	0.36585365853658536	0.45558739255014324	0.2707866335104255	129.0	161.0	80.0	47.0	79.0	31.0
subimage_F5	8341	0.33762886597938147	0.38313253012048193	0.17133956386292834	0.3487179487179487	0.4190751445086705	0.23323615160349853	0.3724137931034483	0.46078431372549017	0.275	128.0	154.0	85.0	42.0	67.0	25.0
subimage_E5	9114	0.34065934065934067	0.3862212943632568	0.18820224719101122	0.35678391959798994	0.431266846361186	0.21271393643031786	0.3697674418604651	0.4492753623188406	0.26844262295081966	142.0	171.0	85.0	57.0	86.0	29.0
subimage_D5	4836	0.3377926421404682	0.36443148688046645	0.2218399990386002	0.35684546946531914	0.3932873111695214	0.2515823418659616	0.37797619047619047	0.4200563243876953	0.27541965249828215	120.0	133.0	85.0	36.0	47.0	13.0
subimage_C5	3579	0.35550935550935553	0.3523183668947179	0.23529411764705882	0.36644591611479027	0.36990595611285265	0.25783132530120484	0.38578680203045684	0.3945578231292517	0.2908704883227176	156.0	160.0	109.0	46.0	45.0	1.0
subimage_B5	14496	0.3241716234835501	0.39050131926121373	0.20113314447592068	0.3394495412844037	0.4350282485875706	0.22641509433962265	0.35681055453948185	0.4542400576049629	0.2725015206812652	114.0	146.0	74.0	38.0	68.0	31.0
subimage_A5	5906	0.3379904546105663	0.3842364532019704	0.18950437317784258	0.34877384196185285	0.4245810055865922	0.22535211267605634	0.36312849162011174	0.453125	0.27386166775196275	125.0	152.0	80.0	43.0	71.0	26.0
subimage_H6	8886	0.33815028901734107	0.37965854943991567	0.1810152972475187	0.35714285714285715	0.4273743016759777	0.21627906976744185	0.36856193948537425	0.45871559633027525	0.27982397659654923	134.0	160.0	82.0	52.0	81.0	26.0
subimage_G6	5030	0.3287671232876712	0.3877250900360144	0.19519982311078202	0.3443396226415094	0.4297752808988764	0.22636103151862463	0.3592233009708738	0.4577777777777778	0.27283912955053896	118.0	148.0	78.0	39.0	69.0	29.0
subimage_F6	1709	0.35511729925615104	0.3771771898922837	0.2191780821917808	0.3673036093418259	0.3978260869565217	0.23464912280701755	0.3735763097949886	0.40789473684210525	0.26746506986027946	171.0	185.0	109.0	62.0	76.0	14.0
subimage_E6	18676	0.32558139534883723	0.39237515426253344	0.20658682634730538	0.3380681818181818	0.4349112426035503	0.22611464968152867	0.353887399463807	0.45209580838323354	0.27257742257742257	113.0	145.0	74.0	37.0	69.0	32.0
subimage_D6	3672	0.33548387096774196	0.37014988687782807	0.1862775754979653	0.35677737646566166	0.4081314768898213	0.2359882005899705	0.385912471395881	0.451505016722408	0.27411167512690354	120.0	140.0	80.0	41.0	58.0	18.0
subimage_C6	2337	0.3547794117647059	0.3448275862068966	0.26380368098159507	0.36217303822937624	0.34824902723735407	0.2894248608534323	0.37574082134412456	0.36435643564356435	0.29927007299270075	189.0	182.0	149.0	38.0	30.0	-7.0
subimage_B6	6886	0.33423180592991913	0.38461538461538464	0.1779935275080906	0.34951456310679613	0.42045454545454547	0.2303370786516854	0.3715066029823589	0.45482866043613707	0.27358490566037735	128.0	153.0	85.0	43.0	70.0	26.0
subimage_A6	12053	0.32733380862877265	0.38959749927491866	0.20948210780613016	0.3374233128834356	0.4329268292682927	0.22941176470588234	0.35285159749178857	0.4482758620689655	0.273224043715847	108.0	138.0	73.0	34.0	64.0	30.0
subimage_H7	1	0.35390199637023595	0.3448275862068966	0.30127041742286753	0.35390199637023595	0.3448275862068966	0.30127041742286753	0.35390199637023595	0.3448275862068966	0.30127041742286753	195.0	190.0	166.0	29.0	24.0	-5.0
subimage_G7	146	0.3563637940003468	0.34540805311167483	0.2223092998955068	0.3872832369942196	0.35294889199310076	0.25891943364154957	0.41740615917382967	0.36037617554858936	0.294718572360451	134.0	122.0	89.0	44.0	32.0	-12.0
subimage_F7	3371	0.3389122315592904	0.3608132620026175	0.2	0.35294117647058826	0.4192546583850932	0.23076923076923078	0.374598004239698	0.43870967741935485	0.27763811954043316	118.0	139.0	77.0	40.0	62.0	22.0
subimage_E7	4	0.3540617837156958	0.34772765487965684	0.28864132321579133	0.35479293128094636	0.35130812750471907	0.2941157624091226	0.35807130222023836	0.3532873745639703	0.2979070117319441	215.0	212.5	175.0	37.0	35.0	-2.5
subimage_D7	15485	0.32673267326732675	0.3944819990362773	0.20064724919093851	0.33865814696485624	0.4366576819407008	0.22259136212624583	0.35608746591916957	0.4551282051282051	0.2710477127397934	111.0	143.0	71.0	38.0	69.0	32.0
subimage_C7	3134	0.34487620614855263	0.38563996600134826	0.19109947643979058	0.36363636363636365	0.425	0.21079691516709512	0.37256551659125187	0.44054054054054054	0.2673063329137213	146.0	171.0	84.0	61.0	85.0	24.0
subimage_B7	0	0	0	0	0	0	0	0	0	0	0	0	0	0	0	0
subimage_A7	22	0.35417416067146285	0.3461950817213975	0.2877413127413127	0.35553398207269155	0.34844204759458997	0.2961466301053543	0.3594825935735027	0.35135135135135137	0.2985598334519198	187.0	182.5	154.0	32.0	28.0	-4.0
subimage_H8	52	0.3541067072845989	0.34860461498313794	0.2810917577643517	0.3573790578922543	0.35195551649405254	0.29129360298550594	0.36347131403877864	0.35600661430343117	0.29565209096459094	155.5	153.0	125.0	29.0	27.0	-2.0
subimage_G8	39	0.3546728155679	0.34467120181405897	0.25587965440782934	0.36	0.3508771929824561	0.28608923884514437	0.38515993547798033	0.3606477296767121	0.2993877551020408	142.0	137.0	110.0	29.0	25.0	-4.0
subimage_F8	3175	0.35560217803671834	0.35714285714285715	0.22416833145140277	0.3684210526315789	0.38207547169811323	0.24519230769230768	0.38119199648424373	0.4107142857142857	0.2851759750038855	150.0	156.0	98.0	48.0	53.0	3.0
subimage_E8	0	0	0	0	0	0	0	0	0	0	0	0	0	0	0	0
subimage_D8	4805	0.34065934065934067	0.38125	0.18421052631578946	0.36009732360097324	0.4253164556962025	0.21390374331550802	0.3706850574712644	0.4501493359499402	0.27599443202429663	141.0	167.0	84.0	57.0	82.0	25.0
subimage_C8	12319	0.3341398537902775	0.3884874055642704	0.16768110121220975	0.3508771929824561	0.428169014084507	0.22195121951219512	0.375	0.4627831715210356	0.2679900744416873	127.0	155.0	80.0	48.0	75.0	28.0
subimage_B8	13	0.35391757178991223	0.3457765938413216	0.2914940749439522	0.35472370766488415	0.34929078014184395	0.29593810444874274	0.35790140920251945	0.3506106679960119	0.2993399996024094	194.0	189.0	161.0	31.0	28.0	-4.0
subimage_A8	3422	0.34349030470914127	0.36775970015500875	0.19143460764587525	0.35960591133004927	0.41012658227848103	0.2273870219796188	0.38873239436619716	0.4362017804154303	0.27415701000381376	140.0	157.0	88.0	50.0	71.0	18.0
subimage_H9	0	0	0	0	0	0	0	0	0	0	0	0	0	0	0	0
subimage_G9	141	0.3542039355992844	0.34532374100719426	0.28516377649325625	0.3572778827977316	0.3483992467043315	0.29411764705882354	0.36450381679389315	0.3510848126232742	0.29981718464351004	192.0	186.0	157.0	34.0	29.0	-5.0
subimage_F9	3906	0.3549912993039443	0.36145230271736295	0.20951017293244223	0.3684210526315789	0.38320209973753283	0.2420781879588457	0.39090909090909093	0.41958354993357594	0.2772876141325923	151.0	158.0	98.0	52.0	58.0	6.0
subimage_E9	7	0.35448310896621793	0.3428779347203665	0.2940642920953287	0.35543278084714547	0.3443830570902394	0.3001841620626151	0.359946399239215	0.34627773322641003	0.302226092765795	180.0	175.0	153.0	29.0	23.0	-6.0
subimage_D9	4140	0.3409090909090909	0.38137472283813745	0.1781228595890411	0.35989717223650386	0.42462311557788945	0.21501295336787563	0.3728813559322034	0.4542777075431943	0.27578861914334313	140.0	165.0	83.0	55.0	81.0	24.0
subimage_C9	6362	0.3310822109735153	0.38926174496644295	0.18457512184784913	0.347083208220732	0.42699724517906334	0.22411715828832574	0.3654970760233918	0.45987654320987653	0.27039534355637734	130.0	159.0	84.0	45.0	76.0	29.0
subimage_B9	4951	0.35599048362514407	0.3546099290780142	0.21823204419889503	0.36939313984168864	0.38153846153846155	0.24507042253521127	0.38751693766937667	0.41224515498133113	0.2817226685749602	141.0	146.0	90.0	47.0	50.0	4.0
subimage_A9	1285	0.3546261583653862	0.3484848484848485	0.24941176470588236	0.363013698630137	0.3544018058690745	0.27882599580712786	0.3789672721420956	0.3835294117647059	0.2955761368258068	172.0	167.0	129.0	39.0	35.0	-4.0
subimage_H10	31	0.3540339519988981	0.31368515205724506	0.28399591973656285	0.3575525812619503	0.35221238938053095	0.2909090909090909	0.3646210163652024	0.3543382362755436	0.3212926509186352	196.0	192.0	158.0	36.0	33.0	-3.0
subimage_G10	2777	0.35013262599469497	0.36862263601978473	0.21830948161605934	0.36533957845433257	0.39316239316239315	0.23958333333333334	0.38363804411131647	0.41424802110817943	0.27179147566767725	144.0	157.0	94.0	49.0	60.0	10.0
subimage_F10	3259	0.3443484930964517	0.36792452830188677	0.20731263858093127	0.3629441624365482	0.39941690962099125	0.23979591836734693	0.38683485382428173	0.41887905604719766	0.2725060827250608	132.0	146.0	87.0	43.0	57.0	12.0
subimage_E10	34	0.35415437043282744	0.3482974746070527	0.28517087900527766	0.35659589632453914	0.3506944444444444	0.29287571180985394	0.36058512688675953	0.35429545932715184	0.296875	206.0	203.0	169.5	37.0	33.0	-4.0
subimage_D10	11492	0.3355048859934853	0.3986429135919042	0.19062087609970674	0.3459715639810427	0.4444444444444444	0.2087912087912088	0.36626506024096384	0.45671641791044776	0.25766663048197996	122.0	156.0	73.0	48.0	82.0	34.0
subimage_C10	9013	0.3395030015356694	0.3855034225528218	0.1725810132359653	0.3536231884057971	0.4272151898734177	0.22033898305084745	0.37254901960784315	0.45987654320987653	0.2685694239368331	123.0	149.0	77.0	46.0	72.0	26.0
subimage_B10	1926	0.35443037974683544	0.34854014598540145	0.22275168401363277	0.36642123689386963	0.38021405677655673	0.2427972049080125	0.3866833417590557	0.4090909090909091	0.2958257713248639	154.0	164.0	98.0	53.0	53.5	1.0
subimage_A10	62	0.288320570831883	0.3479378772079502	0.24602485803064394	0.3647959183673469	0.35569188820722564	0.28260419439761	0.3966564877317047	0.38008701472556894	0.3332347140039447	123.5	118.0	86.0	31.0	26.0	-5.0
subimage_H11	114	0.35493181599923174	0.2882000421474106	0.26249293386093836	0.36817693250357714	0.3449490043710539	0.2945028391929443	0.3866137566137566	0.35566196631414027	0.3399660344850262	159.5	148.5	128.0	28.0	22.0	-12.0
subimage_G11	5300	0.3490304709141274	0.3508771929824561	0.20481927710843373	0.36627906976744184	0.383666799673184	0.25129533678756477	0.38823933697190216	0.4275618374558304	0.2755681818181818	124.0	130.0	85.0	39.0	44.0	7.0
subimage_F11	5507	0.3343949044585987	0.39145635910224436	0.1875	0.3480825958702065	0.42483660130718953	0.23	0.36926596279537455	0.450354609929078	0.26601334513738606	109.0	133.0	69.0	35.0	59.0	24.0
subimage_E11	46	0.3560384978186535	0.3468812033842774	0.2590826546335021	0.3677285874979913	0.3550942065885855	0.27460230596493873	0.37797659887842944	0.3706076724693746	0.29557015773719436	196.0	187.5	144.5	47.0	42.0	-7.0
subimage_D11	17752	0.3262411347517731	0.3968090141255279	0.20376175548589343	0.336734693877551	0.43788819875776397	0.22290089149166326	0.3564102564102564	0.4541984732824427	0.26927130246802383	109.0	142.0	71.0	36.0	68.0	32.0
subimage_C11	5270	0.3389202198457867	0.38424821002386633	0.18152866242038215	0.35365853658536583	0.4316353887399464	0.2140845070422535	0.3671076816368996	0.4551083591331269	0.2751196172248804	124.0	151.0	75.0	48.0	76.0	27.0
subimage_B11	8182	0.34527687296416937	0.3548432530667878	0.21329639889196675	0.3609022556390977	0.3981041471157878	0.24108365949119376	0.3888888888888889	0.4263779641133142	0.2751297066831047	121.0	130.0	79.0	40.0	50.0	12.0
subimage_A11	2165	0.35590866290018836	0.35697940503432496	0.23796185484237475	0.36486486486486486	0.38516746411483255	0.2493573264781491	0.37259199570239054	0.3970223325062035	0.28380775453946183	154.0	161.0	105.0	48.0	55.0	8.0
subimage_H12	569	0.35436893203883496	0.28168133601913137	0.2806798192200482	0.3608768971332209	0.30569948186528495	0.3333333333333333	0.3929236499068901	0.35234182119623003	0.3378335254470192	211.0	176.0	194.0	16.0	-17.0	-32.0
subimage_G12	67	0.3549344116980121	0.34935482724299727	0.21374875539329571	0.3735632183908046	0.3569482288828338	0.2672672672672673	0.4233573383263719	0.3675347593582888	0.2952218266465836	124.0	119.0	89.0	36.0	32.0	-6.0
subimage_F12	1320	0.35472370766488415	0.3484573502722323	0.25799058710017614	0.36	0.3524229074889868	0.2870655334377097	0.37850467289719625	0.36720809744732164	0.29562284355368607	177.0	173.0	139.0	36.0	32.0	-4.0
subimage_E12	108	0.33934702080891666	0.3434658207376998	0.21243794722719142	0.3611111111111111	0.393391529700607	0.24910121162039472	0.39009995002498743	0.42250595364410176	0.2939571927359874	160.0	177.0	107.0	50.5	66.5	18.0
subimage_D12	12724	0.32601880877742945	0.3849897094430993	0.20365535248041775	0.33797909407665505	0.4322033898305085	0.22950819672131148	0.35714285714285715	0.45161290322580644	0.27765726681127983	113.0	145.0	76.0	36.0	66.0	31.0
subimage_C12	6601	0.34146341463414637	0.38445807770961143	0.1813186813186813	0.35405405405405405	0.4244791666666667	0.22033898305084745	0.36875	0.4527687296416938	0.27111111111111114	130.0	155.0	80.0	48.0	74.0	25.0
subimage_B12	185	0.3540576767128429	0.3465648200368732	0.24562760974721107	0.360146252285192	0.3493761140819964	0.289048473967684	0.36752344180915614	0.39834414385909395	0.2981042780748663	196.0	189.0	156.0	39.0	33.0	-6.0
subimage_A12	11207	0.3333333333333333	0.38954869358669836	0.20249221183800623	0.34564643799472294	0.4329268292682927	0.2204968944099379	0.36075949367088606	0.44649446494464945	0.2692307692307692	113.0	140.0	71.0	40.0	69.0	28.0