subimage	all_plant_pixels	ratio_r_q5	ratio_g_q5	ratio_b_q5	ratio_r_median	ratio_g_median	ratio_b_median	ratio_r_q95	ratio_g_q95	ratio_b_q95	pix_r_median	pix_g_median	pix_b_median	diff_rb_median	diff_gb_median	diff_gr_median
subimage_H1	2476	0.35365853658536583	0.34765625	0.21492537313432836	0.36712328767123287	0.3773180023066438	0.2507042253521127	0.38424821002386633	0.42120343839541546	0.2901821925500717	141.0	148.0	96.0	47.0	47.0	4.0
subimage_G1	1955	0.3419107492528084	0.35491306328632294	0.21708210720673937	0.3536977491961415	0.41569767441860467	0.23248407643312102	0.37563079190243626	0.4278127090301003	0.2788435357104078	118.0	139.0	77.0	41.0	60.0	21.0
subimage_F1	7331	0.34049079754601225	0.39104367572031024	0.17482258696503983	0.3486590038314176	0.4308176100628931	0.22073578595317725	0.36923076923076925	0.4642857142857143	0.258974358974359	111.0	136.0	70.0	40.0	66.0	26.0
subimage_E1	14377	0.3400673400673401	0.3994442861214021	0.19325153374233128	0.3498452012383901	0.4358974358974359	0.21359223300970873	0.3652173913043478	0.4521056896108772	0.2542927689594356	116.0	144.0	70.0	45.0	73.0	28.0
subimage_D1	7928	0.3391304347826087	0.39091976710458365	0.17204301075268819	0.34831460674157305	0.4294294294294294	0.2222222222222222	0.36917562724014336	0.4666666666666667	0.2611850541108888	111.0	136.0	70.0	40.0	65.0	26.0
subimage_C1	6816	0.33840967409131795	0.3872549019607843	0.19883040935672514	0.3492957746478873	0.4251497005988024	0.2245508982035928	0.3669633607475845	0.44642857142857145	0.26303317535545023	126.0	152.0	80.0	44.0	71.0	27.0
subimage_B1	11199	0.33986928104575165	0.3854875283446712	0.18055555555555555	0.3484848484848485	0.4326923076923077	0.2197452229299363	0.36645962732919257	0.4623287671232877	0.2651723666584653	110.0	136.0	68.0	40.0	66.0	26.0
subimage_A1	5354	0.34053785634231054	0.38737142205496633	0.21374045801526717	0.34782608695652173	0.41975308641975306	0.23229064841968067	0.35744000299283585	0.43683604194132647	0.2633695063361957	107.0	130.0	71.0	35.0	57.5	22.0
subimage_H2	3157	0.35661487236403994	0.3425823613668918	0.2532935442615018	0.3786610878661088	0.34942084942084944	0.2703252032520325	0.39294593739038186	0.3630715581966338	0.29908139627765795	188.0	174.0	135.0	54.0	40.0	-14.0
subimage_G2	3241	0.34050179211469533	0.351010101010101	0.24124513618677043	0.35646687697160884	0.36971830985915494	0.2716049382716049	0.3738738738738739	0.40625	0.2885085574572127	110.0	115.0	84.0	26.0	31.0	4.0
subimage_F2	5430	0.3447204968944099	0.37906976744186044	0.16557258966199365	0.35597826086956524	0.425531914893617	0.22056602097032166	0.38517340662216987	0.45454545454545453	0.26937399104158616	127.0	149.0	78.0	48.0	72.0	23.0
subimage_E2	8368	0.3460514729843099	0.38119534753363227	0.16666666666666666	0.3586136235161108	0.42143747773423584	0.22024562989752863	0.38258826962357745	0.45686900958466453	0.26635514018691586	127.0	149.0	77.0	48.0	71.0	22.0
subimage_D2	4172	0.35662076886636457	0.3532664567249086	0.2110979184989739	0.3682983682983683	0.4068181818181818	0.2234762979683973	0.39423805225513375	0.42036553524804177	0.28541801577418013	161.0	177.0	98.0	62.0	79.0	16.0
subimage_C2	8200	0.3435890273599771	0.3898712722591719	0.178125	0.35127478753541075	0.4329268292682927	0.2169811320754717	0.36741214057507987	0.45794882687406047	0.2588844544654376	116.0	143.0	71.0	44.0	71.0	27.0
subimage_B2	9601	0.3426395939086294	0.394919168591224	0.18421052631578946	0.3559322033898305	0.4297520661157025	0.21467391304347827	0.36939313984168864	0.45288753799392095	0.25617283950617287	128.0	154.0	76.0	50.0	76.0	27.0
subimage_A2	8756	0.34105960264900664	0.38596491228070173	0.17906520031421838	0.34944237918215615	0.43354430379746833	0.21660649819494585	0.36736323922540265	0.4631692868534974	0.26191975530766465	104.0	129.0	64.0	38.0	63.0	25.0
subimage_H3	3694	0.35648994515539306	0.3421985815602837	0.25764693438196096	0.3766990291262136	0.34814814814814815	0.2754158964879852	0.38807042814674064	0.3554738029649994	0.3	199.0	185.0	147.0	54.0	39.0	-15.0
subimage_G3	3079	0.3429737148312797	0.3456431977040226	0.24441860465116277	0.3584905660377358	0.3614864864864865	0.27835051546391754	0.37657791638458205	0.39768339768339767	0.29531899777388343	108.0	110.0	84.0	24.0	26.0	1.0
subimage_F3	10889	0.336734693877551	0.3884783902201547	0.1839080459770115	0.34595959595959597	0.4294117647058823	0.22456140350877193	0.36177474402730375	0.46153846153846156	0.26634382566585957	113.0	140.0	73.0	39.0	67.0	27.0
subimage_E3	7306	0.33958480476238523	0.38859047645866185	0.20317460317460317	0.34782608695652173	0.43042071197411	0.2216141349105338	0.35933641518007076	0.4471830985915493	0.26430374680582497	113.0	139.0	72.0	41.0	67.0	27.0
subimage_D3	6784	0.34349030470914127	0.3885101398345413	0.20125786163522014	0.3525835866261398	0.42934782608695654	0.21839080459770116	0.3629411803687161	0.4430317898816641	0.2644366263918502	123.0	150.0	76.0	47.0	74.0	27.0
subimage_C3	5520	0.3412698412698413	0.38966831290774956	0.20677502447066096	0.35060975609756095	0.423728813559322	0.2257142857142857	0.3626680483592401	0.4395973154362416	0.26016467562634815	120.0	146.0	77.0	42.0	67.0	25.0
subimage_B3	4395	0.34084235315429556	0.387859097970557	0.20781959004850573	0.3492537313432836	0.4272151898734177	0.2235294117647059	0.3592233009708738	0.4380952380952381	0.26584391102174193	118.0	145.0	76.0	42.0	69.0	26.0
subimage_A3	5651	0.34265734265734266	0.3879781420765027	0.20214686227820877	0.3501577287066246	0.43333333333333335	0.21646341463414634	0.3576158940397351	0.4456140350877193	0.26426720947446336	111.0	137.0	69.0	42.0	68.0	26.0
subimage_H4	10911	0.3366013071895425	0.395863880742913	0.190625	0.34494773519163763	0.4337748344370861	0.221875	0.3618421052631579	0.4539249146757679	0.259878784519157	106.0	133.0	67.0	37.0	63.0	27.0
subimage_G4	9361	0.34515366430260047	0.39260969976905313	0.18980169971671387	0.3547400611620795	0.43116883116883115	0.21388888888888888	0.3638888888888889	0.4503311258278146	0.2591687041564792	127.0	153.0	75.0	48.0	74.0	27.0
subimage_F4	4455	0.3427066869737636	0.3795454545454545	0.2085889570552147	0.35	0.42473118279569894	0.22580645161290322	0.3588039867109635	0.4392523364485981	0.276804892601432	122.0	148.0	78.0	42.0	68.0	26.0
subimage_E4	12788	0.34	0.38672847335931676	0.1724137931034483	0.3522388059701492	0.4346454894014343	0.2125	0.3762057877813505	0.4584717607973422	0.2642857142857143	117.0	144.0	70.0	46.0	73.0	26.0
subimage_D4	4819	0.3477272727272727	0.3825489402670611	0.17324048450755342	0.35772357723577236	0.4273972602739726	0.21485411140583555	0.38285714285714284	0.44891640866873067	0.2669795677468311	131.0	154.0	77.0	52.0	77.0	24.0
subimage_C4	8724	0.3417518592283408	0.3835388026607539	0.16825396825396827	0.35513000631197444	0.4297994269340974	0.21621621621621623	0.3745666979069041	0.4620253164556962	0.2691241764933843	124.0	150.0	75.0	48.0	73.0	26.0
subimage_B4	10277	0.3430232558139535	0.38695215206467115	0.16981132075471697	0.3553008595988539	0.4305555555555556	0.21448467966573817	0.37898089171974525	0.4558303886925795	0.2632850241545894	124.0	149.0	74.0	49.0	75.0	26.0
subimage_A4	6981	0.3409090909090909	0.38308457711442784	0.1968503937007874	0.3492537313432836	0.4264264264264264	0.2246153846153846	0.3590504451038576	0.44964028776978415	0.27225130890052357	116.0	141.0	75.0	41.0	66.0	25.0
subimage_H5	11285	0.33807829181494664	0.3865336658354115	0.19081811560974293	0.34705882352941175	0.43086816720257237	0.2215909090909091	0.36417565352428605	0.4523809523809524	0.2639214727924405	113.0	139.0	71.0	40.0	66.0	27.0
subimage_G5	16443	0.3391003460207612	0.40331755429264626	0.19122257053291536	0.3476923076923077	0.4375	0.2153846153846154	0.36024844720496896	0.45396825396825397	0.25129533678756477	115.0	144.0	70.0	43.0	72.0	29.0
subimage_F5	5708	0.34472934472934474	0.3855140186915888	0.18297973237665202	0.3542319749216301	0.4318840579710145	0.2148997134670487	0.3708609271523179	0.4495114006514658	0.26484752927347527	117.0	142.0	71.0	46.0	71.0	25.0
subimage_E5	6400	0.34253974690388095	0.3865137203993017	0.20068027210884354	0.3523035230352303	0.4319526627218935	0.2148997134670487	0.36597938144329895	0.4444444444444444	0.2659881742884629	119.0	146.0	73.0	45.0	72.0	26.0
subimage_D5	6340	0.34316353887399464	0.37901498929336186	0.16666666666666666	0.35900525177633613	0.425	0.21800345352005576	0.3839541547277937	0.4554794520547945	0.2698412698412698	125.0	147.0	75.0	48.0	72.0	22.0
subimage_C5	15037	0.33865814696485624	0.3787728772877288	0.19135802469135801	0.35014836795252224	0.43103448275862066	0.21893491124260356	0.3701525521563453	0.45048577565996795	0.27256347256347235	114.0	140.0	70.0	42.0	68.0	26.0
subimage_B5	9197	0.34523809523809523	0.38598807775756644	0.1672473867595819	0.35454545454545455	0.4303030303030303	0.21637426900584794	0.37615254091052885	0.462794104784396	0.25925925925925924	117.0	143.0	71.0	46.0	71.0	25.0
subimage_A5	16296	0.33746130030959753	0.39316239316239315	0.20269147885426955	0.34844192634560905	0.42810457516339867	0.2222222222222222	0.3639075873550115	0.444794952681388	0.2624340641483963	115.0	141.0	73.0	41.0	67.0	26.0
subimage_H6	11215	0.33666666666666667	0.38953488372093026	0.19308747170816137	0.34375	0.4299363057324841	0.22697368421052633	0.3593220338983051	0.4548611111111111	0.26541554959785524	106.0	133.0	70.0	36.0	62.0	26.0
subimage_G6	11526	0.3384615384615385	0.38957816377171217	0.18652631221412075	0.3463035019455253	0.43202416918429004	0.2222222222222222	0.36012861736334406	0.45694744152590716	0.26448362720403024	113.0	141.0	72.0	40.0	67.0	27.0
subimage_F6	8986	0.3394495412844037	0.38032752291119565	0.15873015873015872	0.3526170798898072	0.42153846153846153	0.23214285714285715	0.3798449612403101	0.46956521739130436	0.2689295039164491	113.0	137.0	75.0	38.0	62.0	23.0
subimage_E6	13050	0.3395061728395062	0.39845758354755784	0.18922755563134114	0.34971887930762185	0.4339080459770115	0.21531295878910692	0.36507936507936506	0.4557823129251701	0.2558746736292428	116.0	143.0	71.0	44.0	72.0	28.0
subimage_D6	11459	0.3395348837209302	0.3935898452545483	0.19090909090909092	0.3514285714285714	0.4322033898305085	0.21568627450980393	0.36982968369829683	0.4520123839009288	0.2585758016700579	124.0	152.0	75.0	47.0	75.0	28.0
subimage_C6	7409	0.3425288086092505	0.39008215715188543	0.19484240687679083	0.3532934131736527	0.43023255813953487	0.21468926553672316	0.3684210526315789	0.4471299093655589	0.26222222222222225	126.0	153.0	75.0	48.0	76.0	27.0
subimage_B6	8639	0.34139784946236557	0.3861814435919295	0.18213058419243985	0.35172413793103446	0.43167701863354035	0.21621621621621623	0.3715083798882682	0.45454545454545453	0.26406306814619773	117.0	143.0	71.0	44.0	71.0	26.0
subimage_A6	6211	0.34201954397394135	0.38817480719794345	0.20754716981132076	0.3521594684385382	0.4219269102990033	0.2260061919504644	0.3611111111111111	0.43679454660748257	0.26256983240223464	112.0	134.0	72.0	39.0	60.0	22.0
subimage_H7	14433	0.3333333333333333	0.3888888888888889	0.20535714285714285	0.34375	0.4249084249084249	0.2303206997084548	0.3631123919308357	0.4421768707482993	0.268733850129199	110.0	135.0	72.0	35.0	61.0	25.0
subimage_G7	7043	0.33925007918910355	0.3855168336898998	0.20132013201320131	0.3472222222222222	0.42857142857142855	0.22349570200573066	0.35765730388986416	0.4497991567076669	0.26990899034593724	117.0	144.0	75.0	41.0	68.0	27.0
subimage_F7	4589	0.3436673501630307	0.3853658536585366	0.19078947368421054	0.35294117647058826	0.4349112426035503	0.21238938053097345	0.36239348465424925	0.45161290322580644	0.26616144085772686	117.0	144.0	71.0	46.0	74.0	27.0
subimage_E7	5838	0.34658639971139976	0.3810623556581986	0.1753846153846154	0.36065573770491804	0.4306571521134926	0.20784824692026532	0.3779338867654085	0.45357695139911636	0.26683609485445003	128.0	151.0	72.0	53.0	77.0	23.0
subimage_D7	5253	0.35403726708074534	0.35014836795252224	0.20454545454545456	0.3651685393258427	0.37681159420289856	0.25862068965517243	0.39080459770114945	0.41962826002335535	0.28192002050756215	121.0	124.0	84.0	35.0	38.0	4.0
subimage_C7	3660	0.3548387096774194	0.348294434470377	0.20801508722300802	0.3691460055096419	0.3858058908871917	0.2391304347826087	0.3905028805170879	0.4178293049055574	0.2916666666666667	151.0	153.0	95.0	49.0	56.0	4.0
subimage_B7	9120	0.3445121951219512	0.3895449431178898	0.1806020066889632	0.3538011695906433	0.43167701863354035	0.21515151515151515	0.3675227825890078	0.45763308665552627	0.2567992339821373	115.0	141.0	70.0	45.0	70.0	26.0
subimage_A7	7429	0.3471403584040131	0.3542600896860987	0.20719227514807625	0.3649025069637883	0.4005681818181818	0.23743016759776536	0.3939393939393939	0.4174174174174174	0.28191489361702127	131.0	141.0	82.0	43.0	56.0	12.0
subimage_H8	8224	0.33916083916083917	0.38366336633663367	0.2087912087912088	0.34594594594594597	0.42388059701492536	0.22965116279069767	0.3558823529411765	0.44366197183098594	0.2722772277227723	115.0	140.0	76.0	38.0	64.0	25.0
subimage_G8	9572	0.34318544073014695	0.3836441618299761	0.1701492537313433	0.3538083538083538	0.4289940828402367	0.2144809457309924	0.37719298245614036	0.4577166847237269	0.266384778012685	128.0	152.0	75.0	46.0	73.0	24.0
subimage_F8	8749	0.33976833976833976	0.39505472172459993	0.17288769206399493	0.34965034965034963	0.43575418994413406	0.21403508771929824	0.3670886075949367	0.46825396825396826	0.2530805543787448	108.0	134.0	65.0	40.0	66.0	26.0
subimage_E8	6875	0.34545454545454546	0.39089208089208094	0.19407894736842105	0.3543046357615894	0.43558282208588955	0.21	0.3639172763519529	0.4479495268138801	0.26	118.0	146.0	71.0	48.0	75.0	27.0
subimage_D8	3916	0.34210526315789475	0.3532934131736527	0.20603799185888738	0.3515151515151515	0.42290570426294516	0.22658610271903323	0.37850819171669886	0.44	0.27608695652173915	122.0	145.0	78.0	43.0	68.0	25.0
subimage_C8	3859	0.3480429914912674	0.3464005851008254	0.20307692307692307	0.3556085918854415	0.4257142857142857	0.218562874251497	0.36563392857142857	0.440625	0.29364805877993916	124.0	148.0	76.0	47.0	72.0	25.0
subimage_B8	5581	0.3465045592705167	0.37782340862423	0.19076923076923077	0.3546511627906977	0.43380281690140843	0.21246458923512748	0.36507936507936506	0.4495114006514658	0.27684964200477324	118.0	145.0	71.0	47.0	73.0	27.0
subimage_A8	5987	0.34824281150159747	0.37991554141445494	0.17728781472833974	0.3586206896551724	0.41509433962264153	0.22697368421052633	0.3792787092692186	0.4495114006514658	0.26573426573426573	113.0	131.0	70.0	41.0	58.0	18.0
subimage_H9	15403	0.3333333333333333	0.3948284421888791	0.20134228187919462	0.34539473684210525	0.43034055727554177	0.22348484848484848	0.36363636363636365	0.445578231292517	0.2639975155279503	109.0	136.0	70.0	38.0	65.0	26.0
subimage_G9	11579	0.3415964323705098	0.38095238095238093	0.16206896551724137	0.3543956043956044	0.43202416918429004	0.21574344023323616	0.37942122186495175	0.46258503401360546	0.2682291666666667	120.0	145.0	73.0	46.0	73.0	26.0
subimage_F9	5663	0.33876577490610704	0.39030082009709194	0.2011205291209144	0.3475609756097561	0.43037974683544306	0.22188449848024316	0.35837668593448935	0.45112781954887216	0.2646989943518391	114.0	140.0	72.0	40.0	67.0	27.0
subimage_E9	22155	0.33974358974358976	0.3952957891439567	0.185475073313783	0.3492063492063492	0.4368932038834951	0.21316614420062696	0.3695205916103531	0.45525291828793774	0.2591623036649215	114.0	142.0	69.0	43.0	71.0	28.0
subimage_D9	5571	0.34332425068119893	0.3895942766910509	0.2012779552715655	0.3512658227848101	0.42900302114803623	0.22063037249283668	0.36119902161433637	0.44246758440683676	0.26	116.0	142.0	73.0	43.0	69.0	26.0
subimage_C9	5173	0.34770114942528735	0.3562436386768448	0.17688548343525134	0.3601108033240997	0.42016806722689076	0.22413793103448276	0.39117971155404313	0.440625	0.2700010280662074	125.0	146.0	77.0	47.0	67.0	20.0
subimage_B9	4560	0.34048225456402403	0.38875878220140514	0.2042994361395227	0.3516819571865443	0.42613636363636365	0.22157434402332363	0.3646143152845566	0.438871473354232	0.2632751764310519	121.0	147.0	76.0	45.0	70.0	26.0
subimage_A9	3308	0.34453217776559786	0.3593052774599542	0.2236890904622534	0.35714285714285715	0.4024024024024024	0.24232081911262798	0.3669724770642202	0.4163568773234201	0.28462487228141875	115.0	130.0	77.0	36.0	50.0	15.0
subimage_H10	10958	0.33636363636363636	0.3949579831932773	0.19939577039274925	0.34718100890207715	0.4303030303030303	0.22186495176848875	0.3597560975609756	0.445859872611465	0.26229508196721313	112.0	138.0	70.0	39.0	65.0	27.0
subimage_G10	8774	0.33753943217665616	0.3842192312843177	0.17343173431734318	0.34951456310679613	0.4246153846153846	0.22882684235694173	0.3669064748201439	0.464	0.267480421686747	113.0	138.0	74.0	39.0	63.0	25.0
subimage_F10	7569	0.33962264150943394	0.38177553615507087	0.17377796459763672	0.3559322033898305	0.42039800995024873	0.22469135802469137	0.3782051282051282	0.4525455049431766	0.2705780494015788	127.0	150.0	80.0	46.0	69.0	23.0
subimage_E10	9998	0.3409090909090909	0.38018433179723504	0.16538461538461538	0.35513000631197444	0.42990654205607476	0.21364985163204747	0.3776995122168519	0.46488294314381273	0.2694063926940639	121.0	147.0	73.0	49.0	73.0	25.0
subimage_D10	2388	0.34572492401215804	0.3420093366649186	0.2435064935064935	0.36	0.3738019169329074	0.26523297491039427	0.3883767747404111	0.4	0.28776978417266186	116.0	122.0	85.0	31.0	35.0	4.0
subimage_C10	5192	0.35526315789473684	0.3442982456140351	0.20454545454545456	0.36807817589576547	0.3770491803278688	0.2516892663105511	0.3868940281030445	0.4191374603733709	0.2984409799554566	127.0	134.0	85.0	41.0	43.0	3.0
subimage_B10	14706	0.340625	0.37948717948717947	0.1626984126984127	0.35687732342007433	0.4318936877076412	0.21454545454545454	0.3765182186234818	0.4659090909090909	0.2656641604010025	115.0	138.0	68.0	45.0	69.0	24.0
subimage_A10	3870	0.3538815365181565	0.3333333333333333	0.24829931972789115	0.3624565392620397	0.3442622950819672	0.291044776119403	0.38032921455111035	0.39372822299651566	0.30654792129482705	104.0	99.0	83.0	21.0	16.0	-6.0
subimage_H11	6295	0.3403582752060875	0.39080459770114945	0.2062937062937063	0.3494318181818182	0.4269340974212034	0.224	0.3573667711598746	0.4444444444444444	0.2641469171161628	117.0	142.0	75.0	41.0	67.0	26.0
subimage_G11	11166	0.33714285714285713	0.3862672855937155	0.20811714573181558	0.34782608695652173	0.4238608283087872	0.22713864306784662	0.3635809312638581	0.4409937888198758	0.2670157068062827	118.0	143.0	77.0	40.0	66.0	26.0
subimage_F11	7007	0.3404255319148936	0.3829268292682927	0.1716171617161716	0.35333333333333333	0.4299363057324841	0.21782178217821782	0.3760932944606414	0.45695364238410596	0.26715164789319984	114.0	139.0	69.0	43.0	68.0	24.0
subimage_E11	10435	0.33984375	0.3838120104438642	0.15865384615384615	0.3490566037735849	0.43727598566308246	0.21481481481481482	0.3693379790940767	0.4807692307692308	0.26385399785876007	107.0	134.0	66.0	40.0	66.0	27.0
subimage_D11	3203	0.3480697950905658	0.34349241927639507	0.24203821656050956	0.36363636363636365	0.37341772151898733	0.2634920634920635	0.3881532940743467	0.3993808049535604	0.28703703703703703	116.0	121.0	83.0	32.0	35.0	3.0
subimage_C11	3355	0.35294117647058826	0.33986928104575165	0.2438798554652213	0.36482084690553745	0.36496350364963503	0.26785714285714285	0.3864753750953632	0.39161745076008564	0.2994184977817963	112.0	113.0	83.0	31.0	30.0	0.0
subimage_B11	15733	0.3433333333333333	0.38518943462552485	0.18412239986247209	0.3525835866261398	0.43478260869565216	0.21341463414634146	0.36633663366336633	0.4564459930313589	0.2631578947368421	114.0	141.0	69.0	45.0	71.0	26.0
subimage_A11	5478	0.345565749235474	0.3613053613053613	0.18428880210252252	0.3605263157894737	0.40896358543417366	0.23123123123123124	0.3908396842119665	0.431092946072664	0.2785388127853881	133.0	148.0	82.0	46.0	63.0	15.0
subimage_H12	10537	0.3355048859934853	0.38636363636363635	0.20146520146520147	0.3438320209973753	0.42574257425742573	0.23134328358208955	0.35837400760884186	0.4470198675496689	0.2702702702702703	105.0	130.0	70.0	34.0	58.0	25.0
subimage_G12	9401	0.33518005540166207	0.3881401617250674	0.17391304347826086	0.3482849604221636	0.4299363057324841	0.22295081967213115	0.36259541984732824	0.4675925925925926	0.26616915422885573	110.0	134.0	70.0	39.0	64.0	25.0
subimage_F12	6817	0.3388704318936877	0.38917271850083796	0.20466748017083589	0.345821325648415	0.4281524926686217	0.2265625	0.3559322033898305	0.4440993788819876	0.2665048207777829	114.0	142.0	74.0	39.0	66.0	27.0
subimage_E12	7123	0.33616306253652833	0.3836893135670625	0.20209059233449478	0.3443708609271523	0.41916167664670656	0.23734177215189872	0.35883554378982985	0.4456888128969223	0.26889852715279655	107.0	130.0	73.0	33.0	56.0	23.0
subimage_D12	4671	0.3442622950819672	0.3441164736122648	0.19864166781975	0.360146252285192	0.3979591836734694	0.24666666666666667	0.383867024213266	0.42902717004172175	0.2959933110367893	114.0	128.0	77.0	37.0	47.0	13.0
subimage_C12	6184	0.34448160535117056	0.3860929457088284	0.18181818181818182	0.35646687697160884	0.41690962099125367	0.22796352583586627	0.38162544169611307	0.44755244755244755	0.25894514429377624	109.0	128.0	70.0	40.0	57.0	19.0
subimage_B12	7026	0.3470790378006873	0.3577981651376147	0.19644423558897242	0.35714285714285715	0.4043887147335423	0.2388888888888889	0.375886524822695	0.4368222663844127	0.2853881278538813	121.0	138.0	80.0	40.0	56.0	16.0
subimage_A12	2929	0.3547297297297297	0.3333333333333333	0.2483221476510067	0.36363636363636365	0.34915254237288135	0.28620689655172415	0.38041773231031545	0.3881824125531219	0.30434782608695654	107.0	102.0	85.0	23.0	19.0	-4.0